amtProduced_need, avg_price, sd, consumption_rate, consumed, char
0.793129, 3.231180, 0.784715, 2.021896, 1.582173, C
0.793129, 3.295739, 0.630174, 2.021896, 1.541735, C
0.793129, 3.381654, 0.669083, 2.021896, 1.625077, C
0.793129, 3.565236, 0.678997, 2.021896, 1.637736, C
0.793129, 3.730438, 0.657657, 2.021896, 1.623019, C
0.793129, 4.027326, 0.706014, 2.021896, 1.456998, C
0.793129, 4.042672, 0.666699, 2.021896, 1.719844, C
0.793129, 4.156449, 0.583114, 2.021896, 1.598531, C
0.793129, 4.430370, 0.604125, 2.021896, 1.475984, C
0.793129, 4.700599, 0.717414, 2.021896, 1.497436, C
0.793129, 5.117778, 0.809283, 2.021896, 1.493317, C
0.793129, 5.677379, 0.895363, 2.021896, 1.406655, C
0.793129, 6.292816, 0.954059, 2.021896, 1.334451, C
0.793129, 7.370422, 1.142028, 2.021896, 1.223451, C
0.793129, 8.443977, 1.149272, 2.021896, 1.173933, C
0.793129, 10.088406, 1.668317, 2.021896, 1.012792, C
0.793129, 11.106381, 1.786567, 2.021896, 1.282516, C
0.793129, 11.104647, 1.787452, 2.021896, 1.721704, C
0.793129, 11.551982, 1.704911, 2.021896, 1.605152, C
0.793129, 11.312373, 1.586573, 2.021896, 1.720359, C
0.793129, 10.773824, 1.490252, 2.021896, 1.839925, C
0.793129, 10.485284, 1.605510, 2.021896, 1.835002, C
0.793129, 10.458497, 1.590385, 2.021896, 1.701485, C
0.793129, 10.723691, 1.746362, 2.021896, 1.564508, C
0.793129, 10.807938, 1.948174, 2.021896, 1.597298, C
0.793129, 11.025925, 1.572006, 2.021896, 1.678173, C
0.793129, 11.252686, 1.723507, 2.021896, 1.628257, C
0.793129, 11.666690, 1.694150, 2.021896, 1.597298, C
0.793129, 12.176327, 2.186315, 2.021896, 1.563267, C
0.793129, 11.951012, 2.524990, 2.021896, 1.746684, C
0.793129, 12.011309, 3.087539, 2.021896, 1.741761, C
0.793129, 12.377010, 2.903633, 2.021896, 1.597298, C
0.793129, 12.718503, 2.463737, 2.021896, 1.665602, C
0.793129, 13.514998, 2.470378, 2.021896, 1.657954, C
0.793129, 13.829265, 2.325521, 2.021896, 1.604946, C
0.793129, 14.232118, 2.187374, 2.021896, 1.664572, C
0.793129, 15.454717, 2.949106, 2.021896, 1.443194, C
0.793129, 15.907781, 2.736936, 2.021896, 1.691454, C
0.793129, 16.285526, 2.286509, 2.021896, 1.665602, C
0.793129, 16.869304, 2.433658, 2.021896, 1.651016, C
0.793129, 18.493346, 2.597589, 2.021896, 1.463413, C
0.793129, 18.318092, 3.448664, 2.021896, 1.738830, C
0.793129, 16.989323, 2.742168, 2.021896, 1.941020, C
0.793129, 16.214385, 2.514294, 2.021896, 1.888011, C
0.793129, 15.061325, 2.267704, 2.021896, 1.920801, C
0.793129, 13.903948, 2.411612, 2.021896, 1.900582, C
0.793129, 12.746898, 2.176754, 2.021896, 1.941020, C
0.793129, 11.732555, 1.791393, 2.021896, 1.943745, C
0.793129, 11.012007, 1.826861, 2.021896, 1.860144, C
0.793129, 10.267397, 1.593551, 2.021896, 1.880363, C
0.793129, 9.740565, 1.417928, 2.021896, 1.839925, C
0.793129, 9.116478, 1.391409, 2.021896, 1.900582, C
0.793129, 8.956888, 1.450813, 2.021896, 1.774345, C
0.793129, 8.932452, 1.684599, 2.021896, 1.665602, C
0.793129, 8.337026, 1.297931, 2.021896, 1.867792, C
0.793129, 8.127326, 1.481031, 2.021896, 1.799487, C
0.793129, 7.952184, 1.352348, 2.021896, 1.759049, C
0.793129, 7.844755, 1.252010, 2.021896, 1.738830, C
0.793129, 7.683788, 1.072743, 2.021896, 1.819706, C
0.793129, 7.736226, 1.227307, 2.021896, 1.659818, C
0.793129, 7.914810, 1.236855, 2.021896, 1.617517, C
0.793129, 7.767558, 1.178257, 2.021896, 1.766697, C
0.793129, 7.787157, 1.122758, 2.021896, 1.665602, C
0.793129, 8.035384, 1.197182, 2.021896, 1.617517, C
0.793129, 8.232499, 1.249695, 2.021896, 1.673250, C
0.793129, 8.734510, 1.456739, 2.021896, 1.483632, C
0.793129, 8.720200, 1.294175, 2.021896, 1.685821, C
0.793129, 8.667277, 1.143668, 2.021896, 1.759049, C
0.793129, 8.933691, 1.174042, 2.021896, 1.577079, C
0.793129, 9.688393, 1.487192, 2.021896, 1.455765, C
0.793129, 10.547020, 1.806518, 2.021896, 1.395108, C
0.793129, 11.524832, 1.909957, 2.021896, 1.415327, C
0.793129, 12.471935, 1.907955, 2.021896, 1.496203, C
0.793129, 13.016050, 1.975280, 2.021896, 1.577079, C
0.793129, 14.758459, 2.373571, 2.021896, 1.273794, C
0.793129, 15.019565, 2.107687, 2.021896, 1.698392, C
0.793129, 16.240199, 2.366810, 2.021896, 1.496203, C
0.793129, 16.999699, 2.823839, 2.021896, 1.678173, C
0.793129, 18.207207, 2.970625, 2.021896, 1.483632, C
0.793129, 19.092201, 3.516043, 2.021896, 1.617517, C
0.793129, 18.098530, 3.047075, 2.021896, 1.841742, C
0.793129, 17.104399, 2.938110, 2.021896, 1.819706, C
0.793129, 17.162939, 3.038342, 2.021896, 1.661589, C
0.793129, 17.082067, 2.496543, 2.021896, 1.819706, C
0.793129, 16.736290, 2.459231, 2.021896, 1.724061, C
0.793129, 17.024645, 2.827876, 2.021896, 1.639553, C
0.793129, 16.683402, 2.713371, 2.021896, 1.779268, C
0.793129, 17.658247, 2.751772, 2.021896, 1.556860, C
0.793129, 18.417149, 2.830717, 2.021896, 1.516422, C
0.793129, 20.413839, 3.073380, 2.021896, 1.374889, C
0.793129, 22.128647, 3.388722, 2.021896, 1.354670, C
0.793129, 23.909821, 3.438010, 2.021896, 1.435546, C
0.793129, 27.038464, 4.667738, 2.021896, 1.262631, C
0.793129, 30.183021, 5.859510, 2.021896, 1.273794, C
0.793129, 30.296631, 4.799898, 2.021896, 1.699342, C
0.793129, 28.894642, 4.652107, 2.021896, 1.779268, C
0.793129, 27.605870, 4.337631, 2.021896, 1.900582, C
0.793129, 26.282298, 3.818109, 2.021896, 1.860144, C
0.793129, 25.291939, 3.854638, 2.021896, 1.821650, C
0.793129, 25.160909, 3.872657, 2.021896, 1.738830, C
