amtProduced_need, avg_price, sd, consumption_rate, consumed, char
1.124094, 3.022979, 0.795105, 2.585320, 2.164499, D
1.124094, 2.951056, 0.595392, 2.585320, 2.244910, D
1.124094, 2.804810, 0.503508, 2.585320, 2.378868, D
1.124094, 2.787541, 0.412527, 2.585320, 2.123958, D
1.124094, 2.765242, 0.397386, 2.585320, 2.112792, D
1.124094, 2.757631, 0.363860, 2.585320, 2.159160, D
1.124094, 2.707704, 0.378681, 2.585320, 2.243828, D
1.124094, 2.677202, 0.409668, 2.585320, 2.151374, D
1.124094, 2.752036, 0.435472, 2.585320, 2.089435, D
1.124094, 2.972291, 0.462790, 2.585320, 1.619154, D
1.124094, 3.234892, 0.506925, 2.585320, 1.822391, D
1.124094, 3.733395, 0.586787, 2.585320, 1.550514, D
1.124094, 4.085869, 0.615583, 2.585320, 1.638307, D
1.124094, 4.903856, 0.790201, 2.585320, 1.322509, D
1.124094, 6.144475, 1.102680, 2.585320, 1.074034, D
1.124094, 7.358950, 1.244372, 2.585320, 1.217020, D
1.124094, 9.042751, 1.675422, 2.585320, 1.069009, D
1.124094, 10.615495, 1.755219, 2.585320, 1.430953, D
1.124094, 12.323124, 2.065814, 2.585320, 1.538996, D
1.124094, 12.481017, 1.708647, 2.585320, 2.070078, D
1.124094, 11.636618, 1.382044, 2.585320, 2.433985, D
1.124094, 11.078921, 1.546685, 2.585320, 2.264456, D
1.124094, 9.967347, 1.305917, 2.585320, 2.456535, D
1.124094, 9.348281, 1.312200, 2.585320, 2.431406, D
1.124094, 9.040889, 1.192525, 2.585320, 2.186762, D
1.124094, 8.947136, 1.198113, 2.585320, 2.243253, D
1.124094, 9.393768, 1.570304, 2.585320, 1.855700, D
1.124094, 9.537030, 1.391429, 2.585320, 2.112029, D
1.124094, 9.627090, 1.362812, 2.585320, 2.061530, D
1.124094, 10.004293, 1.273781, 2.585320, 1.950204, D
1.124094, 10.783817, 1.580208, 2.585320, 1.704410, D
1.124094, 12.369475, 1.863832, 2.585320, 1.466079, D
1.124094, 14.651131, 2.027609, 2.585320, 1.265758, D
1.124094, 17.429521, 2.566299, 2.585320, 1.170005, D
1.124094, 18.302063, 2.743140, 2.585320, 1.905389, D
1.124094, 17.912185, 2.917488, 2.585320, 2.279594, D
1.124094, 17.489568, 2.628135, 2.585320, 2.171668, D
1.124094, 16.488616, 2.344310, 2.585320, 2.357309, D
1.124094, 15.375144, 2.123914, 2.585320, 2.309561, D
1.124094, 14.596863, 2.221518, 2.585320, 2.356637, D
1.124094, 13.583062, 1.994162, 2.585320, 2.456054, D
1.124094, 13.009018, 2.102847, 2.585320, 2.283485, D
1.124094, 12.417301, 2.076596, 2.585320, 2.227948, D
1.124094, 11.647565, 1.891526, 2.585320, 2.357049, D
1.124094, 11.107992, 1.539042, 2.585320, 2.326788, D
1.124094, 10.695856, 1.350258, 2.585320, 2.408343, D
1.124094, 10.188451, 1.384730, 2.585320, 2.384587, D
1.124094, 9.653684, 1.171107, 2.585320, 2.350469, D
1.124094, 9.021447, 1.124843, 2.585320, 2.378494, D
1.124094, 8.662522, 1.025196, 2.585320, 2.253699, D
1.124094, 8.608098, 1.208136, 2.585320, 2.220686, D
1.124094, 8.397654, 1.217308, 2.585320, 2.203614, D
1.124094, 8.432295, 1.308491, 2.585320, 2.151908, D
1.124094, 8.361777, 1.344583, 2.585320, 2.138029, D
1.124094, 8.167802, 1.087647, 2.585320, 2.158001, D
1.124094, 8.425294, 1.206186, 2.585320, 1.969251, D
1.124094, 9.033735, 1.250886, 2.585320, 1.824220, D
1.124094, 10.514126, 1.664493, 2.585320, 1.466788, D
1.124094, 11.829460, 1.779896, 2.585320, 1.663113, D
1.124094, 13.142684, 1.737976, 2.585320, 1.678021, D
1.124094, 14.678912, 2.007314, 2.585320, 1.587134, D
1.124094, 16.233912, 2.357219, 2.585320, 1.675030, D
1.124094, 19.121487, 2.922408, 2.585320, 1.352929, D
1.124094, 24.023874, 3.823649, 2.585320, 1.001431, D
1.124094, 28.906522, 4.501370, 2.585320, 1.243793, D
1.124094, 34.055283, 4.665070, 2.585320, 1.317357, D
1.124094, 33.130593, 3.882439, 2.585320, 2.342514, D
1.124094, 32.688799, 4.685759, 2.585320, 2.182315, D
1.124094, 28.569994, 4.008435, 2.585320, 2.559466, D
1.124094, 25.071231, 3.744702, 2.585320, 2.559466, D
1.124094, 21.820296, 3.146582, 2.585320, 2.559466, D
1.124094, 18.697822, 2.733293, 2.585320, 2.559466, D
1.124094, 15.628106, 2.363904, 2.585320, 2.585320, D
1.124094, 13.356267, 2.166929, 2.585320, 2.533613, D
1.124094, 11.591061, 1.975108, 2.585320, 2.559466, D
1.124094, 10.090845, 1.721533, 2.585320, 2.559466, D
1.124094, 8.684990, 1.482220, 2.585320, 2.559466, D
1.124094, 7.509284, 1.293168, 2.585320, 2.533613, D
1.124094, 6.648858, 1.106109, 2.585320, 2.533613, D
1.124094, 5.785416, 0.890092, 2.585320, 2.559466, D
1.124094, 5.152228, 0.795423, 2.585320, 2.507760, D
1.124094, 4.499748, 0.717415, 2.585320, 2.507760, D
1.124094, 4.044930, 0.635853, 2.585320, 2.481907, D
1.124094, 3.712061, 0.596173, 2.585320, 2.481907, D
1.124094, 3.326029, 0.452948, 2.585320, 2.585320, D
1.124094, 3.054546, 0.442811, 2.585320, 2.456054, D
1.124094, 2.792829, 0.420241, 2.585320, 2.481907, D
1.124094, 2.585218, 0.413201, 2.585320, 2.436387, D
1.124094, 2.417008, 0.363923, 2.585320, 2.456054, D
1.124094, 2.264523, 0.342312, 2.585320, 2.404347, D
1.124094, 2.209653, 0.349460, 2.585320, 2.223375, D
1.124094, 2.049119, 0.291570, 2.585320, 2.404347, D
1.124094, 2.043932, 0.302382, 2.585320, 2.275081, D
1.124094, 1.977610, 0.299085, 2.585320, 2.378494, D
1.124094, 1.970724, 0.313641, 2.585320, 2.171668, D
1.124094, 2.141396, 0.349249, 2.585320, 1.974503, D
1.124094, 2.408608, 0.448069, 2.585320, 1.654605, D
1.124094, 2.712986, 0.451058, 2.585320, 1.706311, D
1.124094, 2.929662, 0.439755, 2.585320, 1.861430, D
1.124094, 3.447410, 0.567263, 2.585320, 1.447779, D
