amount produced/need, avg price, sd, consumption_rate, avg def comm, char
 year: 1
0.387918, 3.132255, 0.892219, 2.978407, 9.440000, A
1.044679, 2.983970, 0.886667, 1.912332, 9.440000, B
1.464701, 3.270297, 0.897731, 2.021896, 9.440000, C
1.168551, 3.349515, 1.032655, 2.585320, 9.440000, D
1.127113, 3.252097, 0.971745, 2.509260, 9.440000, E
0.671035, 3.195708, 0.932462, 4.986297, 9.440000, F
0.772478, 3.124401, 0.914875, 2.632789, 9.440000, G
0.516535, 3.360386, 1.194785, 4.087576, 9.440000, H
0.637623, 3.081738, 0.863255, 4.042147, 9.440000, I
2.501958, 3.099143, 0.845765, 2.240037, 9.440000, J
amount produced/need, avg price, sd, consumption_rate, avg def comm, char
 year: 2
0.387918, 3.193293, 0.708908, 2.978407, 9.130000, A
1.044679, 3.028379, 0.733949, 1.912332, 9.130000, B
1.464701, 3.170745, 0.677662, 2.021896, 9.130000, C
1.168551, 3.296701, 0.748089, 2.585320, 9.130000, D
1.127113, 3.238122, 0.759274, 2.509260, 9.130000, E
0.671035, 3.495785, 0.815394, 4.986297, 9.130000, F
0.772478, 3.341869, 0.794639, 2.632789, 9.130000, G
0.516535, 3.113658, 0.912597, 4.087576, 9.130000, H
0.637623, 3.504427, 0.801817, 4.042147, 9.130000, I
2.501958, 3.163841, 0.694426, 2.240037, 9.130000, J
amount produced/need, avg price, sd, consumption_rate, avg def comm, char
 year: 3
0.387918, 3.229005, 0.608209, 2.978407, 8.930000, A
1.044679, 2.996809, 0.566046, 1.912332, 8.930000, B
1.464701, 3.122765, 0.541745, 2.021896, 8.930000, C
1.168551, 3.220516, 0.546032, 2.585320, 8.930000, D
1.127113, 3.234811, 0.576719, 2.509260, 8.930000, E
0.671035, 3.609883, 0.659682, 4.986297, 8.930000, F
0.772478, 3.237107, 0.572783, 2.632789, 8.930000, G
0.516535, 2.978939, 0.635494, 4.087576, 8.930000, H
0.637623, 3.471897, 0.605655, 4.042147, 8.930000, I
2.501958, 3.230312, 0.547295, 2.240037, 8.930000, J
amount produced/need, avg price, sd, consumption_rate, avg def comm, char
 year: 4
0.387918, 3.301755, 0.512017, 2.978407, 8.890000, A
1.044679, 2.936496, 0.411016, 1.912332, 8.890000, B
1.464701, 3.242961, 0.516738, 2.021896, 8.890000, C
1.168551, 3.295557, 0.414095, 2.585320, 8.890000, D
1.127113, 3.179535, 0.421212, 2.509260, 8.890000, E
0.671035, 3.401041, 0.501869, 4.986297, 8.890000, F
0.772478, 3.173459, 0.436835, 2.632789, 8.890000, G
0.516535, 3.013301, 0.507888, 4.087576, 8.890000, H
0.637623, 3.262133, 0.435832, 4.042147, 8.890000, I
2.501958, 3.201066, 0.422884, 2.240037, 8.890000, J
amount produced/need, avg price, sd, consumption_rate, avg def comm, char
 year: 5
0.387918, 3.106580, 0.370847, 2.978407, 8.790000, A
1.044679, 3.056993, 0.384856, 1.912332, 8.790000, B
1.464701, 3.130794, 0.372944, 2.021896, 8.790000, C
1.168551, 3.257221, 0.361333, 2.585320, 8.790000, D
1.127113, 3.035869, 0.340392, 2.509260, 8.790000, E
0.671035, 3.197981, 0.407582, 4.986297, 8.790000, F
0.772478, 3.106903, 0.337112, 2.632789, 8.790000, G
0.516535, 3.146225, 0.445181, 4.087576, 8.790000, H
0.637623, 3.338486, 0.358557, 4.042147, 8.790000, I
2.501958, 3.141645, 0.373086, 2.240037, 8.790000, J
amount produced/need, avg price, sd, consumption_rate, avg def comm, char
 year: 6
0.387918, 3.015486, 0.344797, 2.978407, 8.630000, A
1.044679, 3.042094, 0.316013, 1.912332, 8.630000, B
1.464701, 3.111774, 0.342151, 2.021896, 8.630000, C
1.168551, 3.076489, 0.307892, 2.585320, 8.630000, D
1.127113, 2.993521, 0.308104, 2.509260, 8.630000, E
0.671035, 3.157334, 0.328450, 4.986297, 8.630000, F
0.772478, 3.050443, 0.311093, 2.632789, 8.630000, G
0.516535, 3.165866, 0.360420, 4.087576, 8.630000, H
0.637623, 3.126590, 0.307786, 4.042147, 8.630000, I
2.501958, 2.925780, 0.297280, 2.240037, 8.630000, J
amount produced/need, avg price, sd, consumption_rate, avg def comm, char
 year: 7
0.387918, 2.938744, 0.308503, 2.978407, 8.590000, A
1.044679, 2.947759, 0.279515, 1.912332, 8.590000, B
1.464701, 2.945397, 0.298978, 2.021896, 8.590000, C
1.168551, 2.873375, 0.265848, 2.585320, 8.590000, D
1.127113, 2.994211, 0.310088, 2.509260, 8.590000, E
0.671035, 3.155202, 0.284121, 4.986297, 8.590000, F
0.772478, 3.112993, 0.273153, 2.632789, 8.590000, G
0.516535, 2.968898, 0.271640, 4.087576, 8.590000, H
0.637623, 3.007142, 0.261258, 4.042147, 8.590000, I
2.501958, 2.797797, 0.275434, 2.240037, 8.590000, J
amount produced/need, avg price, sd, consumption_rate, avg def comm, char
 year: 8
0.387918, 2.917041, 0.281923, 2.978407, 8.480000, A
1.044679, 2.794944, 0.269493, 1.912332, 8.480000, B
1.464701, 2.763054, 0.263161, 2.021896, 8.480000, C
1.168551, 2.779591, 0.248393, 2.585320, 8.480000, D
1.127113, 2.795026, 0.252157, 2.509260, 8.480000, E
0.671035, 2.879891, 0.210245, 4.986297, 8.480000, F
0.772478, 2.925906, 0.258510, 2.632789, 8.480000, G
0.516535, 3.038575, 0.311250, 4.087576, 8.480000, H
0.637623, 3.028172, 0.272881, 4.042147, 8.480000, I
2.501958, 2.854810, 0.280421, 2.240037, 8.480000, J
amount produced/need, avg price, sd, consumption_rate, avg def comm, char
 year: 9
0.387918, 2.852257, 0.280923, 2.978407, 8.460000, A
1.044679, 2.703095, 0.264373, 1.912332, 8.460000, B
1.464701, 2.632465, 0.261779, 2.021896, 8.460000, C
1.168551, 2.801625, 0.266716, 2.585320, 8.460000, D
1.127113, 2.734454, 0.268428, 2.509260, 8.460000, E
0.671035, 2.847038, 0.218983, 4.986297, 8.460000, F
0.772478, 2.816170, 0.259262, 2.632789, 8.460000, G
0.516535, 2.846720, 0.248564, 4.087576, 8.460000, H
0.637623, 2.829521, 0.210940, 4.042147, 8.460000, I
2.501958, 2.800114, 0.270825, 2.240037, 8.460000, J
amount produced/need, avg price, sd, consumption_rate, avg def comm, char
 year: 10
0.387918, 2.685478, 0.222872, 2.978407, 8.420000, A
1.044679, 2.666788, 0.270956, 1.912332, 8.420000, B
1.464701, 2.515476, 0.252022, 2.021896, 8.420000, C
1.168551, 2.744604, 0.253075, 2.585320, 8.420000, D
1.127113, 2.710326, 0.260783, 2.509260, 8.420000, E
0.671035, 2.893986, 0.247417, 4.986297, 8.420000, F
0.772478, 2.568053, 0.243045, 2.632789, 8.420000, G
0.516535, 2.764746, 0.232160, 4.087576, 8.420000, H
0.637623, 2.707198, 0.240201, 4.042147, 8.420000, I
2.501958, 2.594425, 0.245462, 2.240037, 8.420000, J
amount produced/need, avg price, sd, consumption_rate, avg def comm, char
 year: 11
0.387918, 2.655796, 0.241488, 2.978407, 8.300000, A
1.044679, 2.528024, 0.270048, 1.912332, 8.300000, B
1.464701, 2.583317, 0.282507, 2.021896, 8.300000, C
1.168551, 2.578445, 0.224476, 2.585320, 8.300000, D
1.127113, 2.640946, 0.227261, 2.509260, 8.300000, E
0.671035, 2.629264, 0.207834, 4.986297, 8.300000, F
0.772478, 2.378430, 0.240383, 2.632789, 8.300000, G
0.516535, 2.536658, 0.205467, 4.087576, 8.300000, H
0.637623, 2.761994, 0.251803, 4.042147, 8.300000, I
2.501958, 2.484470, 0.228233, 2.240037, 8.300000, J
amount produced/need, avg price, sd, consumption_rate, avg def comm, char
 year: 12
0.387918, 2.425671, 0.214989, 2.978407, 8.260000, A
1.044679, 2.478259, 0.298512, 1.912332, 8.260000, B
1.464701, 2.447353, 0.253560, 2.021896, 8.260000, C
1.168551, 2.498798, 0.225017, 2.585320, 8.260000, D
1.127113, 2.573470, 0.208747, 2.509260, 8.260000, E
0.671035, 2.555363, 0.264051, 4.986297, 8.260000, F
0.772478, 2.321196, 0.276957, 2.632789, 8.260000, G
0.516535, 2.466414, 0.233496, 4.087576, 8.260000, H
0.637623, 2.484517, 0.209836, 4.042147, 8.260000, I
2.501958, 2.358996, 0.222112, 2.240037, 8.260000, J
amount produced/need, avg price, sd, consumption_rate, avg def comm, char
 year: 13
0.387918, 2.239997, 0.217254, 2.978407, 8.150000, A
1.044679, 2.311064, 0.244811, 1.912332, 8.150000, B
1.464701, 2.257382, 0.220610, 2.021896, 8.150000, C
1.168551, 2.360891, 0.198217, 2.585320, 8.150000, D
1.127113, 2.416515, 0.180960, 2.509260, 8.150000, E
0.671035, 2.458408, 0.232051, 4.986297, 8.150000, F
0.772478, 2.377918, 0.268004, 2.632789, 8.150000, G
0.516535, 2.345283, 0.222867, 4.087576, 8.150000, H
0.637623, 2.317875, 0.210225, 4.042147, 8.150000, I
2.501958, 2.375921, 0.241670, 2.240037, 8.150000, J
amount produced/need, avg price, sd, consumption_rate, avg def comm, char
 year: 14
0.387918, 2.097977, 0.216449, 2.978407, 8.250000, A
1.044679, 2.167391, 0.233697, 1.912332, 8.250000, B
1.464701, 2.106483, 0.214615, 2.021896, 8.250000, C
1.168551, 2.154988, 0.190700, 2.585320, 8.250000, D
1.127113, 2.180380, 0.160671, 2.509260, 8.250000, E
0.671035, 2.383612, 0.207866, 4.986297, 8.250000, F
0.772478, 2.357103, 0.220823, 2.632789, 8.250000, G
0.516535, 2.279673, 0.211768, 4.087576, 8.250000, H
0.637623, 2.327992, 0.218913, 4.042147, 8.250000, I
2.501958, 2.227626, 0.195325, 2.240037, 8.250000, J
amount produced/need, avg price, sd, consumption_rate, avg def comm, char
 year: 15
0.387918, 2.157797, 0.223900, 2.978407, 8.090000, A
1.044679, 1.989428, 0.199616, 1.912332, 8.090000, B
1.464701, 2.029670, 0.237658, 2.021896, 8.090000, C
1.168551, 2.038927, 0.185578, 2.585320, 8.090000, D
1.127113, 2.019665, 0.176381, 2.509260, 8.090000, E
0.671035, 2.193344, 0.173390, 4.986297, 8.090000, F
0.772478, 2.128942, 0.162655, 2.632789, 8.090000, G
0.516535, 2.275932, 0.204029, 4.087576, 8.090000, H
0.637623, 2.272986, 0.202152, 4.042147, 8.090000, I
2.501958, 2.126462, 0.171336, 2.240037, 8.090000, J
amount produced/need, avg price, sd, consumption_rate, avg def comm, char
 year: 16
0.387918, 2.167132, 0.231190, 2.978407, 8.270000, A
1.044679, 1.887664, 0.191473, 1.912332, 8.270000, B
1.464701, 1.955346, 0.232361, 2.021896, 8.270000, C
1.168551, 1.952189, 0.188759, 2.585320, 8.270000, D
1.127113, 1.919634, 0.203695, 2.509260, 8.270000, E
0.671035, 2.050136, 0.165560, 4.986297, 8.270000, F
0.772478, 1.939072, 0.165520, 2.632789, 8.270000, G
0.516535, 2.069369, 0.156800, 4.087576, 8.270000, H
0.637623, 2.053288, 0.159531, 4.042147, 8.270000, I
2.501958, 2.135155, 0.199819, 2.240037, 8.270000, J
amount produced/need, avg price, sd, consumption_rate, avg def comm, char
 year: 17
0.387918, 1.938709, 0.188853, 2.978407, 8.420000, A
1.044679, 1.893697, 0.233014, 1.912332, 8.420000, B
1.464701, 1.897039, 0.222617, 2.021896, 8.420000, C
1.168551, 1.946241, 0.209025, 2.585320, 8.420000, D
1.127113, 1.854244, 0.187463, 2.509260, 8.420000, E
0.671035, 2.125240, 0.203671, 4.986297, 8.420000, F
0.772478, 1.825801, 0.162994, 2.632789, 8.420000, G
0.516535, 1.952794, 0.154519, 4.087576, 8.420000, H
0.637623, 1.913084, 0.156042, 4.042147, 8.420000, I
2.501958, 1.949288, 0.168507, 2.240037, 8.420000, J
amount produced/need, avg price, sd, consumption_rate, avg def comm, char
 year: 18
0.387918, 1.750433, 0.162115, 2.978407, 8.240000, A
1.044679, 1.877945, 0.214028, 1.912332, 8.240000, B
1.464701, 1.916376, 0.216524, 2.021896, 8.240000, C
1.168551, 1.879572, 0.200753, 2.585320, 8.240000, D
1.127113, 2.028319, 0.217595, 2.509260, 8.240000, E
0.671035, 1.866422, 0.160888, 4.986297, 8.240000, F
0.772478, 1.928312, 0.190887, 2.632789, 8.240000, G
0.516535, 1.980973, 0.189425, 4.087576, 8.240000, H
0.637623, 1.939833, 0.193210, 4.042147, 8.240000, I
2.501958, 1.782034, 0.159760, 2.240037, 8.240000, J
amount produced/need, avg price, sd, consumption_rate, avg def comm, char
 year: 19
0.387918, 1.588818, 0.153817, 2.978407, 8.120000, A
1.044679, 1.793243, 0.184320, 1.912332, 8.120000, B
1.464701, 1.844811, 0.202462, 2.021896, 8.120000, C
1.168551, 1.801407, 0.192917, 2.585320, 8.120000, D
1.127113, 1.871916, 0.160752, 2.509260, 8.120000, E
0.671035, 1.671411, 0.154010, 4.986297, 8.120000, F
0.772478, 1.846709, 0.173386, 2.632789, 8.120000, G
0.516535, 1.894282, 0.170110, 4.087576, 8.120000, H
0.637623, 1.894122, 0.174589, 4.042147, 8.120000, I
2.501958, 1.678364, 0.170440, 2.240037, 8.120000, J
amount produced/need, avg price, sd, consumption_rate, avg def comm, char
 year: 20
0.387918, 1.489777, 0.166223, 2.978407, 8.110000, A
1.044679, 1.775525, 0.176029, 1.912332, 8.110000, B
1.464701, 1.670079, 0.166738, 2.021896, 8.110000, C
1.168551, 1.714022, 0.180317, 2.585320, 8.110000, D
1.127113, 1.700896, 0.129274, 2.509260, 8.110000, E
0.671035, 1.614157, 0.170200, 4.986297, 8.110000, F
0.772478, 1.743463, 0.150137, 2.632789, 8.110000, G
0.516535, 1.744650, 0.140495, 4.087576, 8.110000, H
0.637623, 1.798681, 0.142396, 4.042147, 8.110000, I
2.501958, 1.636008, 0.173359, 2.240037, 8.110000, J
amount produced/need, avg price, sd, consumption_rate, avg def comm, char
 year: 21
0.387918, 1.572633, 0.183805, 2.978407, 8.080000, A
1.044679, 1.631955, 0.142112, 1.912332, 8.080000, B
1.464701, 1.513363, 0.159728, 2.021896, 8.080000, C
1.168551, 1.625998, 0.170514, 2.585320, 8.080000, D
1.127113, 1.559792, 0.143988, 2.509260, 8.080000, E
0.671035, 1.842450, 0.210471, 4.986297, 8.080000, F
0.772478, 1.602975, 0.134944, 2.632789, 8.080000, G
0.516535, 1.607224, 0.136299, 4.087576, 8.080000, H
0.637623, 1.616524, 0.122613, 4.042147, 8.080000, I
2.501958, 1.629970, 0.176214, 2.240037, 8.080000, J
amount produced/need, avg price, sd, consumption_rate, avg def comm, char
 year: 22
0.387918, 1.657060, 0.183849, 2.978407, 7.970000, A
1.044679, 1.474710, 0.145593, 1.912332, 7.970000, B
1.464701, 1.415839, 0.153457, 2.021896, 7.970000, C
1.168551, 1.542725, 0.151716, 2.585320, 7.970000, D
1.127113, 1.449754, 0.147421, 2.509260, 7.970000, E
0.671035, 1.590784, 0.165105, 4.986297, 7.970000, F
0.772478, 1.525803, 0.143084, 2.632789, 7.970000, G
0.516535, 1.603547, 0.160808, 4.087576, 7.970000, H
0.637623, 1.523061, 0.140264, 4.042147, 7.970000, I
2.501958, 1.576013, 0.172543, 2.240037, 7.970000, J
amount produced/need, avg price, sd, consumption_rate, avg def comm, char
 year: 23
0.387918, 1.481059, 0.142359, 2.978407, 7.960000, A
1.044679, 1.330290, 0.137095, 1.912332, 7.960000, B
1.464701, 1.391427, 0.173672, 2.021896, 7.960000, C
1.168551, 1.510055, 0.154068, 2.585320, 7.960000, D
1.127113, 1.416649, 0.153895, 2.509260, 7.960000, E
0.671035, 1.383847, 0.144569, 4.986297, 7.960000, F
0.772478, 1.446437, 0.138922, 2.632789, 7.960000, G
0.516535, 1.500195, 0.129293, 4.087576, 7.960000, H
0.637623, 1.550923, 0.133392, 4.042147, 7.960000, I
2.501958, 1.483280, 0.168377, 2.240037, 7.960000, J
amount produced/need, avg price, sd, consumption_rate, avg def comm, char
 year: 24
0.387918, 1.338434, 0.117036, 2.978407, 8.010000, A
1.044679, 1.213342, 0.133976, 1.912332, 8.010000, B
1.464701, 1.354597, 0.144314, 2.021896, 8.010000, C
1.168551, 1.392473, 0.136475, 2.585320, 8.010000, D
1.127113, 1.473596, 0.159482, 2.509260, 8.010000, E
0.671035, 1.262869, 0.131490, 4.986297, 8.010000, F
0.772478, 1.414785, 0.143770, 2.632789, 8.010000, G
0.516535, 1.378339, 0.109968, 4.087576, 8.010000, H
0.637623, 1.424016, 0.118331, 4.042147, 8.010000, I
2.501958, 1.388813, 0.145081, 2.240037, 8.010000, J
amount produced/need, avg price, sd, consumption_rate, avg def comm, char
 year: 25
0.387918, 1.223508, 0.115316, 2.978407, 8.090000, A
1.044679, 1.127179, 0.130794, 1.912332, 8.090000, B
1.464701, 1.349070, 0.122818, 2.021896, 8.090000, C
1.168551, 1.280262, 0.127906, 2.585320, 8.090000, D
1.127113, 1.298654, 0.129442, 2.509260, 8.090000, E
0.671035, 1.303457, 0.156681, 4.986297, 8.090000, F
0.772478, 1.324415, 0.132787, 2.632789, 8.090000, G
0.516535, 1.297161, 0.112766, 4.087576, 8.090000, H
0.637623, 1.319601, 0.106564, 4.042147, 8.090000, I
2.501958, 1.253737, 0.121608, 2.240037, 8.090000, J
amount produced/need, avg price, sd, consumption_rate, avg def comm, char
 year: 26
0.387918, 1.215037, 0.133434, 2.978407, 8.010000, A
1.044679, 1.139155, 0.153959, 1.912332, 8.010000, B
1.464701, 1.235031, 0.099042, 2.021896, 8.010000, C
1.168551, 1.180702, 0.110388, 2.585320, 8.010000, D
1.127113, 1.171989, 0.115844, 2.509260, 8.010000, E
0.671035, 1.346158, 0.155722, 4.986297, 8.010000, F
0.772478, 1.236351, 0.123198, 2.632789, 8.010000, G
0.516535, 1.291083, 0.116894, 4.087576, 8.010000, H
0.637623, 1.233736, 0.103733, 4.042147, 8.010000, I
2.501958, 1.152542, 0.117357, 2.240037, 8.010000, J
amount produced/need, avg price, sd, consumption_rate, avg def comm, char
 year: 27
0.387918, 1.134701, 0.112929, 2.978407, 7.940000, A
1.044679, 1.122434, 0.141066, 1.912332, 7.940000, B
1.464701, 1.128142, 0.091355, 2.021896, 7.940000, C
1.168551, 1.128466, 0.111255, 2.585320, 7.940000, D
1.127113, 1.064234, 0.105553, 2.509260, 7.940000, E
0.671035, 1.219433, 0.130132, 4.986297, 7.940000, F
0.772478, 1.158196, 0.120354, 2.632789, 7.940000, G
0.516535, 1.202001, 0.090106, 4.087576, 7.940000, H
0.637623, 1.273651, 0.121667, 4.042147, 7.940000, I
2.501958, 1.056262, 0.117608, 2.240037, 7.940000, J
amount produced/need, avg price, sd, consumption_rate, avg def comm, char
 year: 28
0.387918, 1.091762, 0.127175, 2.978407, 8.050000, A
1.044679, 1.127209, 0.124474, 1.912332, 8.050000, B
1.464701, 1.050846, 0.093073, 2.021896, 8.050000, C
1.168551, 1.126514, 0.114020, 2.585320, 8.050000, D
1.127113, 1.011723, 0.107686, 2.509260, 8.050000, E
0.671035, 1.111892, 0.116848, 4.986297, 8.050000, F
0.772478, 1.071327, 0.111412, 2.632789, 8.050000, G
0.516535, 1.128784, 0.090421, 4.087576, 8.050000, H
0.637623, 1.124086, 0.097435, 4.042147, 8.050000, I
2.501958, 1.005730, 0.119804, 2.240037, 8.050000, J
amount produced/need, avg price, sd, consumption_rate, avg def comm, char
 year: 29
0.387918, 1.024522, 0.109513, 2.978407, 8.020000, A
1.044679, 1.047067, 0.114295, 1.912332, 8.020000, B
1.464701, 0.979090, 0.099673, 2.021896, 8.020000, C
1.168551, 1.021176, 0.094370, 2.585320, 8.020000, D
1.127113, 1.040097, 0.110825, 2.509260, 8.020000, E
0.671035, 1.037448, 0.113975, 4.986297, 8.020000, F
0.772478, 1.005699, 0.098435, 2.632789, 8.020000, G
0.516535, 1.082501, 0.097393, 4.087576, 8.020000, H
0.637623, 0.997139, 0.093447, 4.042147, 8.020000, I
2.501958, 1.019229, 0.124534, 2.240037, 8.020000, J
amount produced/need, avg price, sd, consumption_rate, avg def comm, char
 year: 30
0.387918, 1.000400, 0.104238, 2.978407, 8.070000, A
1.044679, 0.940553, 0.088407, 1.912332, 8.070000, B
1.464701, 0.950425, 0.110119, 2.021896, 8.070000, C
1.168551, 0.943455, 0.091272, 2.585320, 8.070000, D
1.127113, 0.999600, 0.097767, 2.509260, 8.070000, E
0.671035, 1.002295, 0.096368, 4.986297, 8.070000, F
0.772478, 0.974472, 0.098866, 2.632789, 8.070000, G
0.516535, 0.988220, 0.087153, 4.087576, 8.070000, H
0.637623, 0.913952, 0.095329, 4.042147, 8.070000, I
2.501958, 0.955685, 0.107407, 2.240037, 8.070000, J
amount produced/need, avg price, sd, consumption_rate, avg def comm, char
 year: 31
0.387918, 0.937752, 0.080958, 2.978407, 7.990000, A
1.044679, 0.859883, 0.082132, 1.912332, 7.990000, B
1.464701, 0.879083, 0.092350, 2.021896, 7.990000, C
1.168551, 0.885881, 0.090010, 2.585320, 7.990000, D
1.127113, 0.952766, 0.096093, 2.509260, 7.990000, E
0.671035, 0.974715, 0.090514, 4.986297, 7.990000, F
0.772478, 0.928104, 0.079184, 2.632789, 7.990000, G
0.516535, 0.901234, 0.081668, 4.087576, 7.990000, H
0.637623, 0.918068, 0.093757, 4.042147, 7.990000, I
2.501958, 0.901559, 0.094880, 2.240037, 7.990000, J
amount produced/need, avg price, sd, consumption_rate, avg def comm, char
 year: 32
0.387918, 0.868707, 0.073391, 2.978407, 7.980000, A
1.044679, 0.792585, 0.077897, 1.912332, 7.980000, B
1.464701, 0.825789, 0.083876, 2.021896, 7.980000, C
1.168551, 0.849570, 0.093598, 2.585320, 7.980000, D
1.127113, 0.858841, 0.086088, 2.509260, 7.980000, E
0.671035, 0.886234, 0.073117, 4.986297, 7.980000, F
0.772478, 0.854528, 0.070713, 2.632789, 7.980000, G
0.516535, 0.844037, 0.083980, 4.087576, 7.980000, H
0.637623, 0.894663, 0.091787, 4.042147, 7.980000, I
2.501958, 0.870556, 0.093999, 2.240037, 7.980000, J
amount produced/need, avg price, sd, consumption_rate, avg def comm, char
 year: 33
0.387918, 0.809119, 0.072070, 2.978407, 8.020000, A
1.044679, 0.739784, 0.081792, 1.912332, 8.020000, B
1.464701, 0.808508, 0.081724, 2.021896, 8.020000, C
1.168551, 0.849635, 0.095555, 2.585320, 8.020000, D
1.127113, 0.786349, 0.073913, 2.509260, 8.020000, E
0.671035, 0.807680, 0.068830, 4.986297, 8.020000, F
0.772478, 0.809713, 0.079734, 2.632789, 8.020000, G
0.516535, 0.849220, 0.100284, 4.087576, 8.020000, H
0.637623, 0.838496, 0.069024, 4.042147, 8.020000, I
2.501958, 0.792092, 0.080525, 2.240037, 8.020000, J
amount produced/need, avg price, sd, consumption_rate, avg def comm, char
 year: 34
0.387918, 0.743622, 0.066634, 2.978407, 8.000000, A
1.044679, 0.709871, 0.082456, 1.912332, 8.000000, B
1.464701, 0.755018, 0.074998, 2.021896, 8.000000, C
1.168551, 0.776331, 0.080114, 2.585320, 8.000000, D
1.127113, 0.727000, 0.077123, 2.509260, 8.000000, E
0.671035, 0.767863, 0.076201, 4.986297, 8.000000, F
0.772478, 0.796422, 0.081885, 2.632789, 8.000000, G
0.516535, 0.799869, 0.082281, 4.087576, 8.000000, H
0.637623, 0.777105, 0.057754, 4.042147, 8.000000, I
2.501958, 0.730594, 0.079401, 2.240037, 8.000000, J
amount produced/need, avg price, sd, consumption_rate, avg def comm, char
 year: 35
0.387918, 0.701309, 0.066528, 2.978407, 8.040000, A
1.044679, 0.711088, 0.078556, 1.912332, 8.040000, B
1.464701, 0.717860, 0.076887, 2.021896, 8.040000, C
1.168551, 0.703505, 0.067744, 2.585320, 8.040000, D
1.127113, 0.680555, 0.071014, 2.509260, 8.040000, E
0.671035, 0.798099, 0.073237, 4.986297, 8.040000, F
0.772478, 0.720984, 0.073540, 2.632789, 8.040000, G
0.516535, 0.716846, 0.067208, 4.087576, 8.040000, H
0.637623, 0.740082, 0.054768, 4.042147, 8.040000, I
2.501958, 0.667837, 0.076273, 2.240037, 8.040000, J
amount produced/need, avg price, sd, consumption_rate, avg def comm, char
 year: 36
0.387918, 0.706461, 0.071347, 2.978407, 8.070000, A
1.044679, 0.691131, 0.076359, 1.912332, 8.070000, B
1.464701, 0.682510, 0.071565, 2.021896, 8.070000, C
1.168551, 0.637997, 0.064924, 2.585320, 8.070000, D
1.127113, 0.670763, 0.068333, 2.509260, 8.070000, E
0.671035, 0.697635, 0.060550, 4.986297, 8.070000, F
0.772478, 0.655538, 0.070985, 2.632789, 8.070000, G
0.516535, 0.673135, 0.066154, 4.087576, 8.070000, H
0.637623, 0.718867, 0.062400, 4.042147, 8.070000, I
2.501958, 0.639027, 0.075392, 2.240037, 8.070000, J
amount produced/need, avg price, sd, consumption_rate, avg def comm, char
 year: 37
0.387918, 0.665856, 0.065113, 2.978407, 7.920000, A
1.044679, 0.648708, 0.063341, 1.912332, 7.920000, B
1.464701, 0.635377, 0.068033, 2.021896, 7.920000, C
1.168551, 0.590808, 0.058288, 2.585320, 7.920000, D
1.127113, 0.679491, 0.073423, 2.509260, 7.920000, E
0.671035, 0.617551, 0.056650, 4.986297, 7.920000, F
0.772478, 0.600208, 0.069428, 2.632789, 7.920000, G
0.516535, 0.656679, 0.064810, 4.087576, 7.920000, H
0.637623, 0.669408, 0.059228, 4.042147, 7.920000, I
2.501958, 0.639248, 0.071410, 2.240037, 7.920000, J
amount produced/need, avg price, sd, consumption_rate, avg def comm, char
 year: 38
0.387918, 0.611373, 0.053241, 2.978407, 7.970000, A
1.044679, 0.597513, 0.049848, 1.912332, 7.970000, B
1.464701, 0.585068, 0.057330, 2.021896, 7.970000, C
1.168551, 0.571444, 0.060548, 2.585320, 7.970000, D
1.127113, 0.631188, 0.061105, 2.509260, 7.970000, E
0.671035, 0.559022, 0.057279, 4.986297, 7.970000, F
0.772478, 0.588477, 0.075759, 2.632789, 7.970000, G
0.516535, 0.628933, 0.063176, 4.087576, 7.970000, H
0.637623, 0.609721, 0.057952, 4.042147, 7.970000, I
2.501958, 0.627438, 0.067889, 2.240037, 7.970000, J
amount produced/need, avg price, sd, consumption_rate, avg def comm, char
 year: 39
0.387918, 0.565726, 0.045644, 2.978407, 8.110000, A
1.044679, 0.554294, 0.051067, 1.912332, 8.110000, B
1.464701, 0.539026, 0.053092, 2.021896, 8.110000, C
1.168551, 0.580419, 0.063945, 2.585320, 8.110000, D
1.127113, 0.564500, 0.051656, 2.509260, 8.110000, E
0.671035, 0.589657, 0.063155, 4.986297, 8.110000, F
0.772478, 0.590694, 0.071993, 2.632789, 8.110000, G
0.516535, 0.582725, 0.053871, 4.087576, 8.110000, H
0.637623, 0.569774, 0.054286, 4.042147, 8.110000, I
2.501958, 0.574876, 0.059145, 2.240037, 8.110000, J
amount produced/need, avg price, sd, consumption_rate, avg def comm, char
 year: 40
0.387918, 0.540607, 0.045904, 2.978407, 8.070000, A
1.044679, 0.517648, 0.049801, 1.912332, 8.070000, B
1.464701, 0.501956, 0.054373, 2.021896, 8.070000, C
1.168551, 0.552252, 0.061784, 2.585320, 8.070000, D
1.127113, 0.516630, 0.050065, 2.509260, 8.070000, E
0.671035, 0.597166, 0.056250, 4.986297, 8.070000, F
0.772478, 0.552655, 0.063058, 2.632789, 8.070000, G
0.516535, 0.552775, 0.050804, 4.087576, 8.070000, H
0.637623, 0.547944, 0.058059, 4.042147, 8.070000, I
2.501958, 0.521286, 0.050917, 2.240037, 8.070000, J
amount produced/need, avg price, sd, consumption_rate, avg def comm, char
 year: 41
0.387918, 0.539511, 0.050475, 2.978407, 7.960000, A
1.044679, 0.498506, 0.055119, 1.912332, 7.960000, B
1.464701, 0.485462, 0.054292, 2.021896, 7.960000, C
1.168551, 0.509880, 0.051851, 2.585320, 7.960000, D
1.127113, 0.485867, 0.053378, 2.509260, 7.960000, E
0.671035, 0.523660, 0.047346, 4.986297, 7.960000, F
0.772478, 0.511807, 0.049356, 2.632789, 7.960000, G
0.516535, 0.542037, 0.050285, 4.087576, 7.960000, H
0.637623, 0.554452, 0.056585, 4.042147, 7.960000, I
2.501958, 0.483442, 0.049469, 2.240037, 7.960000, J
amount produced/need, avg price, sd, consumption_rate, avg def comm, char
 year: 42
0.387918, 0.495662, 0.040717, 2.978407, 7.990000, A
1.044679, 0.495081, 0.060803, 1.912332, 7.990000, B
1.464701, 0.462098, 0.050722, 2.021896, 7.990000, C
1.168551, 0.473242, 0.046965, 2.585320, 7.990000, D
1.127113, 0.473945, 0.049900, 2.509260, 7.990000, E
0.671035, 0.469929, 0.046093, 4.986297, 7.990000, F
0.772478, 0.481400, 0.045732, 2.632789, 7.990000, G
0.516535, 0.498804, 0.044419, 4.087576, 7.990000, H
0.637623, 0.498278, 0.040601, 4.042147, 7.990000, I
2.501958, 0.447608, 0.047886, 2.240037, 7.990000, J
amount produced/need, avg price, sd, consumption_rate, avg def comm, char
 year: 43
0.387918, 0.445122, 0.036398, 2.978407, 8.070000, A
1.044679, 0.443353, 0.052631, 1.912332, 8.070000, B
1.464701, 0.451345, 0.052615, 2.021896, 8.070000, C
1.168551, 0.453537, 0.049060, 2.585320, 8.070000, D
1.127113, 0.468414, 0.049525, 2.509260, 8.070000, E
0.671035, 0.457997, 0.054319, 4.986297, 8.070000, F
0.772478, 0.468612, 0.048378, 2.632789, 8.070000, G
0.516535, 0.458975, 0.043478, 4.087576, 8.070000, H
0.637623, 0.457894, 0.040116, 4.042147, 8.070000, I
2.501958, 0.420635, 0.050856, 2.240037, 8.070000, J
amount produced/need, avg price, sd, consumption_rate, avg def comm, char
 year: 44
0.387918, 0.417061, 0.040987, 2.978407, 7.930000, A
1.044679, 0.403378, 0.048098, 1.912332, 7.930000, B
1.464701, 0.436637, 0.048002, 2.021896, 7.930000, C
1.168551, 0.423502, 0.045246, 2.585320, 7.930000, D
1.127113, 0.429392, 0.040424, 2.509260, 7.930000, E
0.671035, 0.449112, 0.049982, 4.986297, 7.930000, F
0.772478, 0.437016, 0.043157, 2.632789, 7.930000, G
0.516535, 0.432340, 0.042540, 4.087576, 7.930000, H
0.637623, 0.430944, 0.043025, 4.042147, 7.930000, I
2.501958, 0.422797, 0.048455, 2.240037, 7.930000, J
amount produced/need, avg price, sd, consumption_rate, avg def comm, char
 year: 45
0.387918, 0.405759, 0.047501, 2.978407, 8.060000, A
1.044679, 0.369585, 0.044988, 1.912332, 8.060000, B
1.464701, 0.399502, 0.044364, 2.021896, 8.060000, C
1.168551, 0.390381, 0.044147, 2.585320, 8.060000, D
1.127113, 0.392495, 0.036612, 2.509260, 8.060000, E
0.671035, 0.413062, 0.041784, 4.986297, 8.060000, F
0.772478, 0.408800, 0.041600, 2.632789, 8.060000, G
0.516535, 0.423187, 0.044254, 4.087576, 8.060000, H
0.637623, 0.402773, 0.041343, 4.042147, 8.060000, I
2.501958, 0.433789, 0.046143, 2.240037, 8.060000, J
amount produced/need, avg price, sd, consumption_rate, avg def comm, char
 year: 46
0.387918, 0.388063, 0.036909, 2.978407, 7.990000, A
1.044679, 0.342017, 0.041163, 1.912332, 7.990000, B
1.464701, 0.370526, 0.039684, 2.021896, 7.990000, C
1.168551, 0.363003, 0.042019, 2.585320, 7.990000, D
1.127113, 0.367993, 0.037237, 2.509260, 7.990000, E
0.671035, 0.402458, 0.041984, 4.986297, 7.990000, F
0.772478, 0.397906, 0.039427, 2.632789, 7.990000, G
0.516535, 0.401678, 0.035623, 4.087576, 7.990000, H
0.637623, 0.407585, 0.046064, 4.042147, 7.990000, I
2.501958, 0.385545, 0.036728, 2.240037, 7.990000, J
amount produced/need, avg price, sd, consumption_rate, avg def comm, char
 year: 47
0.387918, 0.372222, 0.033148, 2.978407, 7.840000, A
1.044679, 0.328554, 0.039892, 1.912332, 7.840000, B
1.464701, 0.343719, 0.040706, 2.021896, 7.840000, C
1.168551, 0.341528, 0.038388, 2.585320, 7.840000, D
1.127113, 0.348273, 0.036149, 2.509260, 7.840000, E
0.671035, 0.391181, 0.037740, 4.986297, 7.840000, F
0.772478, 0.363454, 0.036174, 2.632789, 7.840000, G
0.516535, 0.379608, 0.035180, 4.087576, 7.840000, H
0.637623, 0.374868, 0.036555, 4.042147, 7.840000, I
2.501958, 0.343764, 0.029828, 2.240037, 7.840000, J
amount produced/need, avg price, sd, consumption_rate, avg def comm, char
 year: 48
0.387918, 0.349300, 0.030677, 2.978407, 7.930000, A
1.044679, 0.335131, 0.045059, 1.912332, 7.930000, B
1.464701, 0.324942, 0.040268, 2.021896, 7.930000, C
1.168551, 0.349488, 0.037954, 2.585320, 7.930000, D
1.127113, 0.340220, 0.039029, 2.509260, 7.930000, E
0.671035, 0.352033, 0.031681, 4.986297, 7.930000, F
0.772478, 0.334713, 0.033507, 2.632789, 7.930000, G
0.516535, 0.355121, 0.035451, 4.087576, 7.930000, H
0.637623, 0.350429, 0.032960, 4.042147, 7.930000, I
2.501958, 0.309668, 0.030183, 2.240037, 7.930000, J
amount produced/need, avg price, sd, consumption_rate, avg def comm, char
 year: 49
0.387918, 0.316256, 0.028279, 2.978407, 8.090000, A
1.044679, 0.334927, 0.038225, 1.912332, 8.090000, B
1.464701, 0.310529, 0.042209, 2.021896, 8.090000, C
1.168551, 0.343033, 0.038979, 2.585320, 8.090000, D
1.127113, 0.325356, 0.036196, 2.509260, 8.090000, E
0.671035, 0.320083, 0.027817, 4.986297, 8.090000, F
0.772478, 0.325021, 0.035516, 2.632789, 8.090000, G
0.516535, 0.325504, 0.030750, 4.087576, 8.090000, H
0.637623, 0.334231, 0.032181, 4.042147, 8.090000, I
2.501958, 0.287784, 0.031026, 2.240037, 8.090000, J
amount produced/need, avg price, sd, consumption_rate, avg def comm, char
 year: 50
0.387918, 0.301388, 0.031397, 2.978407, 8.030000, A
1.044679, 0.314600, 0.033111, 1.912332, 8.030000, B
1.464701, 0.310526, 0.041954, 2.021896, 8.030000, C
1.168551, 0.308179, 0.033633, 2.585320, 8.030000, D
1.127113, 0.311258, 0.035318, 2.509260, 8.030000, E
0.671035, 0.312786, 0.029808, 4.986297, 8.030000, F
0.772478, 0.316180, 0.033442, 2.632789, 8.030000, G
0.516535, 0.303576, 0.029832, 4.087576, 8.030000, H
0.637623, 0.305791, 0.028862, 4.042147, 8.030000, I
2.501958, 0.274958, 0.030571, 2.240037, 8.030000, J
amount produced/need, avg price, sd, consumption_rate, avg def comm, char
 year: 51
0.387918, 0.284280, 0.029761, 2.978407, 8.120000, A
1.044679, 0.289421, 0.028346, 1.912332, 8.120000, B
1.464701, 0.287203, 0.034990, 2.021896, 8.120000, C
1.168551, 0.277042, 0.027861, 2.585320, 8.120000, D
1.127113, 0.287319, 0.029383, 2.509260, 8.120000, E
0.671035, 0.321460, 0.029665, 4.986297, 8.120000, F
0.772478, 0.292259, 0.026912, 2.632789, 8.120000, G
0.516535, 0.284802, 0.028154, 4.087576, 8.120000, H
0.637623, 0.288938, 0.029216, 4.042147, 8.120000, I
2.501958, 0.272127, 0.030060, 2.240037, 8.120000, J
amount produced/need, avg price, sd, consumption_rate, avg def comm, char
 year: 52
0.387918, 0.283475, 0.029929, 2.978407, 8.100000, A
1.044679, 0.264159, 0.026430, 1.912332, 8.100000, B
1.464701, 0.266019, 0.026338, 2.021896, 8.100000, C
1.168551, 0.263527, 0.026263, 2.585320, 8.100000, D
1.127113, 0.265162, 0.027684, 2.509260, 8.100000, E
0.671035, 0.277422, 0.022823, 4.986297, 8.100000, F
0.772478, 0.273752, 0.026693, 2.632789, 8.100000, G
0.516535, 0.277718, 0.030003, 4.087576, 8.100000, H
0.637623, 0.295708, 0.030843, 4.042147, 8.100000, I
2.501958, 0.281634, 0.033183, 2.240037, 8.100000, J
amount produced/need, avg price, sd, consumption_rate, avg def comm, char
 year: 53
0.387918, 0.274646, 0.028137, 2.978407, 8.010000, A
1.044679, 0.239424, 0.023710, 1.912332, 8.010000, B
1.464701, 0.253009, 0.027016, 2.021896, 8.010000, C
1.168551, 0.260873, 0.029868, 2.585320, 8.010000, D
1.127113, 0.250749, 0.025700, 2.509260, 8.010000, E
0.671035, 0.245394, 0.022004, 4.986297, 8.010000, F
0.772478, 0.261438, 0.025502, 2.632789, 8.010000, G
0.516535, 0.285305, 0.029053, 4.087576, 8.010000, H
0.637623, 0.269293, 0.023884, 4.042147, 8.010000, I
2.501958, 0.258003, 0.027985, 2.240037, 8.010000, J
amount produced/need, avg price, sd, consumption_rate, avg def comm, char
 year: 54
0.387918, 0.254290, 0.021904, 2.978407, 7.980000, A
1.044679, 0.226972, 0.025011, 1.912332, 7.980000, B
1.464701, 0.239409, 0.026939, 2.021896, 7.980000, C
1.168551, 0.257393, 0.027634, 2.585320, 7.980000, D
1.127113, 0.248371, 0.028496, 2.509260, 7.980000, E
0.671035, 0.223299, 0.023494, 4.986297, 7.980000, F
0.772478, 0.256288, 0.027684, 2.632789, 7.980000, G
0.516535, 0.253811, 0.023910, 4.087576, 7.980000, H
0.637623, 0.248522, 0.020776, 4.042147, 7.980000, I
2.501958, 0.243334, 0.026626, 2.240037, 7.980000, J
amount produced/need, avg price, sd, consumption_rate, avg def comm, char
 year: 55
0.387918, 0.233279, 0.019569, 2.978407, 7.930000, A
1.044679, 0.216182, 0.024086, 1.912332, 7.930000, B
1.464701, 0.230195, 0.025546, 2.021896, 7.930000, C
1.168551, 0.238447, 0.024504, 2.585320, 7.930000, D
1.127113, 0.237196, 0.024952, 2.509260, 7.930000, E
0.671035, 0.235616, 0.028981, 4.986297, 7.930000, F
0.772478, 0.234594, 0.024225, 2.632789, 7.930000, G
0.516535, 0.226459, 0.022033, 4.087576, 7.930000, H
0.637623, 0.239011, 0.020501, 4.042147, 7.930000, I
2.501958, 0.231002, 0.022622, 2.240037, 7.930000, J
amount produced/need, avg price, sd, consumption_rate, avg def comm, char
 year: 56
0.387918, 0.212323, 0.018519, 2.978407, 8.120000, A
1.044679, 0.205317, 0.023458, 1.912332, 8.120000, B
1.464701, 0.225059, 0.026567, 2.021896, 8.120000, C
1.168551, 0.215582, 0.022437, 2.585320, 8.120000, D
1.127113, 0.220241, 0.021238, 2.509260, 8.120000, E
0.671035, 0.237146, 0.025449, 4.986297, 8.120000, F
0.772478, 0.213152, 0.020977, 2.632789, 8.120000, G
0.516535, 0.206572, 0.021263, 4.087576, 8.120000, H
0.637623, 0.224476, 0.018995, 4.042147, 8.120000, I
2.501958, 0.222464, 0.020515, 2.240037, 8.120000, J
amount produced/need, avg price, sd, consumption_rate, avg def comm, char
 year: 57
0.387918, 0.203990, 0.019436, 2.978407, 8.090000, A
1.044679, 0.194638, 0.023727, 1.912332, 8.090000, B
1.464701, 0.205588, 0.020570, 2.021896, 8.090000, C
1.168551, 0.196919, 0.021156, 2.585320, 8.090000, D
1.127113, 0.211150, 0.021507, 2.509260, 8.090000, E
0.671035, 0.217272, 0.019913, 4.986297, 8.090000, F
0.772478, 0.201858, 0.022072, 2.632789, 8.090000, G
0.516535, 0.207158, 0.025621, 4.087576, 8.090000, H
0.637623, 0.212417, 0.017892, 4.042147, 8.090000, I
2.501958, 0.216643, 0.021120, 2.240037, 8.090000, J
amount produced/need, avg price, sd, consumption_rate, avg def comm, char
 year: 58
0.387918, 0.198535, 0.020028, 2.978407, 7.940000, A
1.044679, 0.190430, 0.024825, 1.912332, 7.940000, B
1.464701, 0.190303, 0.018166, 2.021896, 7.940000, C
1.168551, 0.184820, 0.019356, 2.585320, 7.940000, D
1.127113, 0.197712, 0.019175, 2.509260, 7.940000, E
0.671035, 0.199309, 0.017556, 4.986297, 7.940000, F
0.772478, 0.192785, 0.023327, 2.632789, 7.940000, G
0.516535, 0.204335, 0.022018, 4.087576, 7.940000, H
0.637623, 0.198293, 0.016751, 4.042147, 7.940000, I
2.501958, 0.195581, 0.018043, 2.240037, 7.940000, J
amount produced/need, avg price, sd, consumption_rate, avg def comm, char
 year: 59
0.387918, 0.186908, 0.019938, 2.978407, 8.020000, A
1.044679, 0.180218, 0.020696, 1.912332, 8.020000, B
1.464701, 0.177643, 0.017792, 2.021896, 8.020000, C
1.168551, 0.181749, 0.019583, 2.585320, 8.020000, D
1.127113, 0.180147, 0.018354, 2.509260, 8.020000, E
0.671035, 0.190510, 0.020091, 4.986297, 8.020000, F
0.772478, 0.178877, 0.020481, 2.632789, 8.020000, G
0.516535, 0.185531, 0.017971, 4.087576, 8.020000, H
0.637623, 0.197664, 0.020722, 4.042147, 8.020000, I
2.501958, 0.179141, 0.017753, 2.240037, 8.020000, J
amount produced/need, avg price, sd, consumption_rate, avg def comm, char
 year: 60
0.387918, 0.178832, 0.018785, 2.978407, 8.010000, A
1.044679, 0.170023, 0.019656, 1.912332, 8.010000, B
1.464701, 0.168111, 0.019307, 2.021896, 8.010000, C
1.168551, 0.180204, 0.018894, 2.585320, 8.010000, D
1.127113, 0.176443, 0.020189, 2.509260, 8.010000, E
0.671035, 0.176922, 0.017764, 4.986297, 8.010000, F
0.772478, 0.173700, 0.020345, 2.632789, 8.010000, G
0.516535, 0.170844, 0.017998, 4.087576, 8.010000, H
0.637623, 0.175924, 0.016884, 4.042147, 8.010000, I
2.501958, 0.164368, 0.016904, 2.240037, 8.010000, J
amount produced/need, avg price, sd, consumption_rate, avg def comm, char
 year: 61
0.387918, 0.166486, 0.017339, 2.978407, 8.130000, A
1.044679, 0.158179, 0.017582, 1.912332, 8.130000, B
1.464701, 0.157801, 0.018795, 2.021896, 8.130000, C
1.168551, 0.167688, 0.015757, 2.585320, 8.130000, D
1.127113, 0.167487, 0.020459, 2.509260, 8.130000, E
0.671035, 0.170120, 0.016879, 4.986297, 8.130000, F
0.772478, 0.165033, 0.017203, 2.632789, 8.130000, G
0.516535, 0.167301, 0.017852, 4.087576, 8.130000, H
0.637623, 0.158363, 0.014280, 4.042147, 8.130000, I
2.501958, 0.154083, 0.016797, 2.240037, 8.130000, J
amount produced/need, avg price, sd, consumption_rate, avg def comm, char
 year: 62
0.387918, 0.151309, 0.014734, 2.978407, 7.970000, A
1.044679, 0.146679, 0.016378, 1.912332, 7.970000, B
1.464701, 0.152647, 0.018858, 2.021896, 7.970000, C
1.168551, 0.155183, 0.013888, 2.585320, 7.970000, D
1.127113, 0.156807, 0.015765, 2.509260, 7.970000, E
0.671035, 0.160498, 0.016976, 4.986297, 7.970000, F
0.772478, 0.160457, 0.015777, 2.632789, 7.970000, G
0.516535, 0.159400, 0.016689, 4.087576, 7.970000, H
0.637623, 0.150238, 0.015226, 4.042147, 7.970000, I
2.501958, 0.151520, 0.019377, 2.240037, 7.970000, J
amount produced/need, avg price, sd, consumption_rate, avg def comm, char
 year: 63
0.387918, 0.140093, 0.015390, 2.978407, 8.090000, A
1.044679, 0.137815, 0.015069, 1.912332, 8.090000, B
1.464701, 0.147593, 0.017812, 2.021896, 8.090000, C
1.168551, 0.148243, 0.014135, 2.585320, 8.090000, D
1.127113, 0.143428, 0.013732, 2.509260, 8.090000, E
0.671035, 0.147691, 0.015256, 4.986297, 8.090000, F
0.772478, 0.143710, 0.012989, 2.632789, 8.090000, G
0.516535, 0.152600, 0.014682, 4.087576, 8.090000, H
0.637623, 0.151303, 0.015187, 4.042147, 8.090000, I
2.501958, 0.148080, 0.018506, 2.240037, 8.090000, J
amount produced/need, avg price, sd, consumption_rate, avg def comm, char
 year: 64
0.387918, 0.130655, 0.013453, 2.978407, 7.990000, A
1.044679, 0.132960, 0.014542, 1.912332, 7.990000, B
1.464701, 0.137652, 0.015643, 2.021896, 7.990000, C
1.168551, 0.143717, 0.014348, 2.585320, 7.990000, D
1.127113, 0.131600, 0.012111, 2.509260, 7.990000, E
0.671035, 0.144573, 0.015193, 4.986297, 7.990000, F
0.772478, 0.129151, 0.012071, 2.632789, 7.990000, G
0.516535, 0.139509, 0.013467, 4.087576, 7.990000, H
0.637623, 0.145576, 0.013406, 4.042147, 7.990000, I
2.501958, 0.138146, 0.015086, 2.240037, 7.990000, J
amount produced/need, avg price, sd, consumption_rate, avg def comm, char
 year: 65
0.387918, 0.130375, 0.015898, 2.978407, 8.070000, A
1.044679, 0.130274, 0.013819, 1.912332, 8.070000, B
1.464701, 0.127500, 0.014177, 2.021896, 8.070000, C
1.168551, 0.133467, 0.012572, 2.585320, 8.070000, D
1.127113, 0.122741, 0.013405, 2.509260, 8.070000, E
0.671035, 0.135351, 0.013788, 4.986297, 8.070000, F
0.772478, 0.117785, 0.013760, 2.632789, 8.070000, G
0.516535, 0.134098, 0.012544, 4.087576, 8.070000, H
0.637623, 0.135553, 0.012569, 4.042147, 8.070000, I
2.501958, 0.130637, 0.013831, 2.240037, 8.070000, J
amount produced/need, avg price, sd, consumption_rate, avg def comm, char
 year: 66
0.387918, 0.131592, 0.014614, 2.978407, 7.970000, A
1.044679, 0.122409, 0.012243, 1.912332, 7.970000, B
1.464701, 0.116688, 0.012699, 2.021896, 7.970000, C
1.168551, 0.122624, 0.011071, 2.585320, 7.970000, D
1.127113, 0.119849, 0.014799, 2.509260, 7.970000, E
0.671035, 0.131588, 0.013172, 4.986297, 7.970000, F
0.772478, 0.112383, 0.014292, 2.632789, 7.970000, G
0.516535, 0.125829, 0.011436, 4.087576, 7.970000, H
0.637623, 0.126093, 0.011095, 4.042147, 7.970000, I
2.501958, 0.121916, 0.012253, 2.240037, 7.970000, J
amount produced/need, avg price, sd, consumption_rate, avg def comm, char
 year: 67
0.387918, 0.117916, 0.012393, 2.978407, 7.900000, A
1.044679, 0.111820, 0.010575, 1.912332, 7.900000, B
1.464701, 0.108634, 0.011915, 2.021896, 7.900000, C
1.168551, 0.111938, 0.009929, 2.585320, 7.900000, D
1.127113, 0.117579, 0.014553, 2.509260, 7.900000, E
0.671035, 0.122141, 0.011401, 4.986297, 7.900000, F
0.772478, 0.110798, 0.014576, 2.632789, 7.900000, G
0.516535, 0.118494, 0.011855, 4.087576, 7.900000, H
0.637623, 0.115617, 0.010470, 4.042147, 7.900000, I
2.501958, 0.112655, 0.012285, 2.240037, 7.900000, J
amount produced/need, avg price, sd, consumption_rate, avg def comm, char
 year: 68
0.387918, 0.107433, 0.011831, 2.978407, 8.130000, A
1.044679, 0.105067, 0.010578, 1.912332, 8.130000, B
1.464701, 0.102279, 0.011256, 2.021896, 8.130000, C
1.168551, 0.108837, 0.011682, 2.585320, 8.130000, D
1.127113, 0.112631, 0.012957, 2.509260, 8.130000, E
0.671035, 0.112355, 0.009536, 4.986297, 8.130000, F
0.772478, 0.112163, 0.013032, 2.632789, 8.130000, G
0.516535, 0.111508, 0.010968, 4.087576, 8.130000, H
0.637623, 0.111347, 0.012090, 4.042147, 8.130000, I
2.501958, 0.103757, 0.011566, 2.240037, 8.130000, J
amount produced/need, avg price, sd, consumption_rate, avg def comm, char
 year: 69
0.387918, 0.098190, 0.011028, 2.978407, 8.040000, A
1.044679, 0.098331, 0.010035, 1.912332, 8.040000, B
1.464701, 0.100900, 0.011839, 2.021896, 8.040000, C
1.168551, 0.105398, 0.011324, 2.585320, 8.040000, D
1.127113, 0.102671, 0.009972, 2.509260, 8.040000, E
0.671035, 0.109461, 0.009740, 4.986297, 8.040000, F
0.772478, 0.106389, 0.010452, 2.632789, 8.040000, G
0.516535, 0.106936, 0.010401, 4.087576, 8.040000, H
0.637623, 0.106144, 0.010176, 4.042147, 8.040000, I
2.501958, 0.096622, 0.012244, 2.240037, 8.040000, J
amount produced/need, avg price, sd, consumption_rate, avg def comm, char
 year: 70
0.387918, 0.092511, 0.011022, 2.978407, 8.140000, A
1.044679, 0.093432, 0.011270, 1.912332, 8.140000, B
1.464701, 0.097664, 0.010084, 2.021896, 8.140000, C
1.168551, 0.098521, 0.010416, 2.585320, 8.140000, D
1.127113, 0.094462, 0.010048, 2.509260, 8.140000, E
0.671035, 0.101633, 0.008581, 4.986297, 8.140000, F
0.772478, 0.100401, 0.009761, 2.632789, 8.140000, G
0.516535, 0.099089, 0.009444, 4.087576, 8.140000, H
0.637623, 0.099535, 0.009480, 4.042147, 8.140000, I
2.501958, 0.092089, 0.011779, 2.240037, 8.140000, J
amount produced/need, avg price, sd, consumption_rate, avg def comm, char
 year: 71
0.387918, 0.093387, 0.011198, 2.978407, 8.130000, A
1.044679, 0.088083, 0.011028, 1.912332, 8.130000, B
1.464701, 0.094392, 0.009681, 2.021896, 8.130000, C
1.168551, 0.093083, 0.009598, 2.585320, 8.130000, D
1.127113, 0.087468, 0.009369, 2.509260, 8.130000, E
0.671035, 0.096650, 0.008715, 4.986297, 8.130000, F
0.772478, 0.093419, 0.008949, 2.632789, 8.130000, G
0.516535, 0.091793, 0.008565, 4.087576, 8.130000, H
0.637623, 0.098750, 0.009482, 4.042147, 8.130000, I
2.501958, 0.089211, 0.011313, 2.240037, 8.130000, J
amount produced/need, avg price, sd, consumption_rate, avg def comm, char
 year: 72
0.387918, 0.091120, 0.009672, 2.978407, 8.130000, A
1.044679, 0.081839, 0.008938, 1.912332, 8.130000, B
1.464701, 0.087302, 0.008740, 2.021896, 8.130000, C
1.168551, 0.085658, 0.008909, 2.585320, 8.130000, D
1.127113, 0.082171, 0.008448, 2.509260, 8.130000, E
0.671035, 0.091813, 0.008468, 4.986297, 8.130000, F
0.772478, 0.083977, 0.007887, 2.632789, 8.130000, G
0.516535, 0.091156, 0.009606, 4.087576, 8.130000, H
0.637623, 0.090819, 0.007471, 4.042147, 8.130000, I
2.501958, 0.092159, 0.012721, 2.240037, 8.130000, J
amount produced/need, avg price, sd, consumption_rate, avg def comm, char
 year: 73
0.387918, 0.086379, 0.007972, 2.978407, 8.130000, A
1.044679, 0.079429, 0.009140, 1.912332, 8.130000, B
1.464701, 0.080541, 0.008282, 2.021896, 8.130000, C
1.168551, 0.080646, 0.009018, 2.585320, 8.130000, D
1.127113, 0.082669, 0.008716, 2.509260, 8.130000, E
0.671035, 0.087242, 0.007892, 4.986297, 8.130000, F
0.772478, 0.077015, 0.008056, 2.632789, 8.130000, G
0.516535, 0.087643, 0.008033, 4.087576, 8.130000, H
0.637623, 0.081538, 0.006643, 4.042147, 8.130000, I
2.501958, 0.086751, 0.010134, 2.240037, 8.130000, J
amount produced/need, avg price, sd, consumption_rate, avg def comm, char
 year: 74
0.387918, 0.078143, 0.006973, 2.978407, 8.170000, A
1.044679, 0.082473, 0.010204, 1.912332, 8.170000, B
1.464701, 0.076584, 0.007875, 2.021896, 8.170000, C
1.168551, 0.078049, 0.008388, 2.585320, 8.170000, D
1.127113, 0.082299, 0.007720, 2.509260, 8.170000, E
0.671035, 0.083041, 0.006884, 4.986297, 8.170000, F
0.772478, 0.072483, 0.008394, 2.632789, 8.170000, G
0.516535, 0.080665, 0.006593, 4.087576, 8.170000, H
0.637623, 0.076194, 0.006546, 4.042147, 8.170000, I
2.501958, 0.078460, 0.008351, 2.240037, 8.170000, J
amount produced/need, avg price, sd, consumption_rate, avg def comm, char
 year: 75
0.387918, 0.072790, 0.006928, 2.978407, 8.180000, A
1.044679, 0.074253, 0.008287, 1.912332, 8.180000, B
1.464701, 0.074390, 0.008493, 2.021896, 8.180000, C
1.168551, 0.078959, 0.009105, 2.585320, 8.180000, D
1.127113, 0.076442, 0.006704, 2.509260, 8.180000, E
0.671035, 0.077861, 0.005983, 4.986297, 8.180000, F
0.772478, 0.074434, 0.009521, 2.632789, 8.180000, G
0.516535, 0.077668, 0.007316, 4.087576, 8.180000, H
0.637623, 0.075427, 0.007383, 4.042147, 8.180000, I
2.501958, 0.071005, 0.007554, 2.240037, 8.180000, J
amount produced/need, avg price, sd, consumption_rate, avg def comm, char
 year: 76
0.387918, 0.068431, 0.006815, 2.978407, 8.200000, A
1.044679, 0.067036, 0.007025, 1.912332, 8.200000, B
1.464701, 0.070850, 0.007462, 2.021896, 8.200000, C
1.168551, 0.072569, 0.007360, 2.585320, 8.200000, D
1.127113, 0.071023, 0.005834, 2.509260, 8.200000, E
0.671035, 0.075183, 0.007119, 4.986297, 8.200000, F
0.772478, 0.068908, 0.007413, 2.632789, 8.200000, G
0.516535, 0.074991, 0.007292, 4.087576, 8.200000, H
0.637623, 0.076240, 0.007619, 4.042147, 8.200000, I
2.501958, 0.065475, 0.007026, 2.240037, 8.200000, J
amount produced/need, avg price, sd, consumption_rate, avg def comm, char
 year: 77
0.387918, 0.068251, 0.007024, 2.978407, 8.030000, A
1.044679, 0.061477, 0.006816, 1.912332, 8.030000, B
1.464701, 0.068213, 0.006994, 2.021896, 8.030000, C
1.168551, 0.068623, 0.006757, 2.585320, 8.030000, D
1.127113, 0.066736, 0.006060, 2.509260, 8.030000, E
0.671035, 0.070124, 0.006206, 4.986297, 8.030000, F
0.772478, 0.068514, 0.006905, 2.632789, 8.030000, G
0.516535, 0.071408, 0.007109, 4.087576, 8.030000, H
0.637623, 0.069508, 0.005880, 4.042147, 8.030000, I
2.501958, 0.064860, 0.008334, 2.240037, 8.030000, J
amount produced/need, avg price, sd, consumption_rate, avg def comm, char
 year: 78
0.387918, 0.068058, 0.006071, 2.978407, 8.070000, A
1.044679, 0.055690, 0.006336, 1.912332, 8.070000, B
1.464701, 0.064896, 0.007215, 2.021896, 8.070000, C
1.168551, 0.064390, 0.006790, 2.585320, 8.070000, D
1.127113, 0.062437, 0.006350, 2.509260, 8.070000, E
0.671035, 0.066584, 0.005960, 4.986297, 8.070000, F
0.772478, 0.066038, 0.006432, 2.632789, 8.070000, G
0.516535, 0.064464, 0.006217, 4.087576, 8.070000, H
0.637623, 0.062639, 0.005439, 4.042147, 8.070000, I
2.501958, 0.065032, 0.007523, 2.240037, 8.070000, J
amount produced/need, avg price, sd, consumption_rate, avg def comm, char
 year: 79
0.387918, 0.062522, 0.005520, 2.978407, 8.130000, A
1.044679, 0.052342, 0.006573, 1.912332, 8.130000, B
1.464701, 0.060130, 0.006553, 2.021896, 8.130000, C
1.168551, 0.059765, 0.006493, 2.585320, 8.130000, D
1.127113, 0.060847, 0.006987, 2.509260, 8.130000, E
0.671035, 0.065594, 0.005967, 4.986297, 8.130000, F
0.772478, 0.059731, 0.005112, 2.632789, 8.130000, G
0.516535, 0.061496, 0.005754, 4.087576, 8.130000, H
0.637623, 0.057629, 0.005952, 4.042147, 8.130000, I
2.501958, 0.061288, 0.006331, 2.240037, 8.130000, J
amount produced/need, avg price, sd, consumption_rate, avg def comm, char
 year: 80
0.387918, 0.057223, 0.004877, 2.978407, 8.070000, A
1.044679, 0.051906, 0.006840, 1.912332, 8.070000, B
1.464701, 0.055158, 0.005431, 2.021896, 8.070000, C
1.168551, 0.056940, 0.006153, 2.585320, 8.070000, D
1.127113, 0.057133, 0.006387, 2.509260, 8.070000, E
0.671035, 0.058759, 0.004672, 4.986297, 8.070000, F
0.772478, 0.054924, 0.004807, 2.632789, 8.070000, G
0.516535, 0.060585, 0.005269, 4.087576, 8.070000, H
0.637623, 0.057716, 0.006109, 4.042147, 8.070000, I
2.501958, 0.059528, 0.005793, 2.240037, 8.070000, J
amount produced/need, avg price, sd, consumption_rate, avg def comm, char
 year: 81
0.387918, 0.054044, 0.004851, 2.978407, 8.030000, A
1.044679, 0.053083, 0.006813, 1.912332, 8.030000, B
1.464701, 0.051220, 0.005242, 2.021896, 8.030000, C
1.168551, 0.052477, 0.005535, 2.585320, 8.030000, D
1.127113, 0.052754, 0.005634, 2.509260, 8.030000, E
0.671035, 0.054666, 0.004985, 4.986297, 8.030000, F
0.772478, 0.052522, 0.005210, 2.632789, 8.030000, G
0.516535, 0.055459, 0.005087, 4.087576, 8.030000, H
0.637623, 0.055060, 0.004965, 4.042147, 8.030000, I
2.501958, 0.054290, 0.004938, 2.240037, 8.030000, J
amount produced/need, avg price, sd, consumption_rate, avg def comm, char
 year: 82
0.387918, 0.051951, 0.005056, 2.978407, 8.150000, A
1.044679, 0.049646, 0.005098, 1.912332, 8.150000, B
1.464701, 0.047596, 0.005199, 2.021896, 8.150000, C
1.168551, 0.051047, 0.005620, 2.585320, 8.150000, D
1.127113, 0.050764, 0.005589, 2.509260, 8.150000, E
0.671035, 0.054178, 0.005168, 4.986297, 8.150000, F
0.772478, 0.050768, 0.005203, 2.632789, 8.150000, G
0.516535, 0.051245, 0.004693, 4.087576, 8.150000, H
0.637623, 0.051109, 0.004037, 4.042147, 8.150000, I
2.501958, 0.049372, 0.004510, 2.240037, 8.150000, J
amount produced/need, avg price, sd, consumption_rate, avg def comm, char
 year: 83
0.387918, 0.048809, 0.004508, 2.978407, 8.130000, A
1.044679, 0.046240, 0.004196, 1.912332, 8.130000, B
1.464701, 0.045405, 0.004996, 2.021896, 8.130000, C
1.168551, 0.047678, 0.004732, 2.585320, 8.130000, D
1.127113, 0.048324, 0.005061, 2.509260, 8.130000, E
0.671035, 0.049541, 0.004620, 4.986297, 8.130000, F
0.772478, 0.050665, 0.004820, 2.632789, 8.130000, G
0.516535, 0.048320, 0.004533, 4.087576, 8.130000, H
0.637623, 0.048604, 0.003622, 4.042147, 8.130000, I
2.501958, 0.045961, 0.004696, 2.240037, 8.130000, J
amount produced/need, avg price, sd, consumption_rate, avg def comm, char
 year: 84
0.387918, 0.045015, 0.004022, 2.978407, 8.170000, A
1.044679, 0.043840, 0.004423, 1.912332, 8.170000, B
1.464701, 0.043453, 0.004924, 2.021896, 8.170000, C
1.168551, 0.044703, 0.004507, 2.585320, 8.170000, D
1.127113, 0.045355, 0.004252, 2.509260, 8.170000, E
0.671035, 0.046200, 0.004559, 4.986297, 8.170000, F
0.772478, 0.045815, 0.003834, 2.632789, 8.170000, G
0.516535, 0.048872, 0.004904, 4.087576, 8.170000, H
0.637623, 0.046935, 0.004171, 4.042147, 8.170000, I
2.501958, 0.043083, 0.004580, 2.240037, 8.170000, J
amount produced/need, avg price, sd, consumption_rate, avg def comm, char
 year: 85
0.387918, 0.042421, 0.003801, 2.978407, 8.150000, A
1.044679, 0.041544, 0.004080, 1.912332, 8.150000, B
1.464701, 0.043365, 0.005122, 2.021896, 8.150000, C
1.168551, 0.041186, 0.004098, 2.585320, 8.150000, D
1.127113, 0.042993, 0.004537, 2.509260, 8.150000, E
0.671035, 0.044479, 0.003795, 4.986297, 8.150000, F
0.772478, 0.041906, 0.003614, 2.632789, 8.150000, G
0.516535, 0.045170, 0.003955, 4.087576, 8.150000, H
0.637623, 0.043928, 0.003831, 4.042147, 8.150000, I
2.501958, 0.042191, 0.004286, 2.240037, 8.150000, J
amount produced/need, avg price, sd, consumption_rate, avg def comm, char
 year: 86
0.387918, 0.040422, 0.003996, 2.978407, 8.240000, A
1.044679, 0.040704, 0.004092, 1.912332, 8.240000, B
1.464701, 0.039825, 0.003988, 2.021896, 8.240000, C
1.168551, 0.038459, 0.003846, 2.585320, 8.240000, D
1.127113, 0.042667, 0.004399, 2.509260, 8.240000, E
0.671035, 0.044365, 0.003846, 4.986297, 8.240000, F
0.772478, 0.038783, 0.003704, 2.632789, 8.240000, G
0.516535, 0.040626, 0.003592, 4.087576, 8.240000, H
0.637623, 0.041210, 0.003156, 4.042147, 8.240000, I
2.501958, 0.041114, 0.004256, 2.240037, 8.240000, J
amount produced/need, avg price, sd, consumption_rate, avg def comm, char
 year: 87
0.387918, 0.038378, 0.003691, 2.978407, 8.150000, A
1.044679, 0.039013, 0.003777, 1.912332, 8.150000, B
1.464701, 0.038677, 0.003701, 2.021896, 8.150000, C
1.168551, 0.037926, 0.004082, 2.585320, 8.150000, D
1.127113, 0.039113, 0.003670, 2.509260, 8.150000, E
0.671035, 0.039705, 0.003152, 4.986297, 8.150000, F
0.772478, 0.037702, 0.003740, 2.632789, 8.150000, G
0.516535, 0.037160, 0.003467, 4.087576, 8.150000, H
0.637623, 0.041178, 0.003345, 4.042147, 8.150000, I
2.501958, 0.038238, 0.003710, 2.240037, 8.150000, J
amount produced/need, avg price, sd, consumption_rate, avg def comm, char
 year: 88
0.387918, 0.036641, 0.003520, 2.978407, 8.070000, A
1.044679, 0.036426, 0.003290, 1.912332, 8.070000, B
1.464701, 0.037319, 0.003773, 2.021896, 8.070000, C
1.168551, 0.037445, 0.003805, 2.585320, 8.070000, D
1.127113, 0.036559, 0.003596, 2.509260, 8.070000, E
0.671035, 0.036480, 0.003260, 4.986297, 8.070000, F
0.772478, 0.039363, 0.003976, 2.632789, 8.070000, G
0.516535, 0.035910, 0.003627, 4.087576, 8.070000, H
0.637623, 0.037070, 0.002826, 4.042147, 8.070000, I
2.501958, 0.035459, 0.003238, 2.240037, 8.070000, J
amount produced/need, avg price, sd, consumption_rate, avg def comm, char
 year: 89
0.387918, 0.034601, 0.003499, 2.978407, 8.110000, A
1.044679, 0.034189, 0.003173, 1.912332, 8.110000, B
1.464701, 0.034994, 0.003585, 2.021896, 8.110000, C
1.168551, 0.035275, 0.003133, 2.585320, 8.110000, D
1.127113, 0.033726, 0.003445, 2.509260, 8.110000, E
0.671035, 0.036427, 0.003652, 4.986297, 8.110000, F
0.772478, 0.035547, 0.002895, 2.632789, 8.110000, G
0.516535, 0.036779, 0.003672, 4.087576, 8.110000, H
0.637623, 0.034315, 0.002919, 4.042147, 8.110000, I
2.501958, 0.033456, 0.003224, 2.240037, 8.110000, J
amount produced/need, avg price, sd, consumption_rate, avg def comm, char
 year: 90
0.387918, 0.034585, 0.003790, 2.978407, 8.010000, A
1.044679, 0.033067, 0.003466, 1.912332, 8.010000, B
1.464701, 0.032330, 0.003117, 2.021896, 8.010000, C
1.168551, 0.034004, 0.002805, 2.585320, 8.010000, D
1.127113, 0.032386, 0.003566, 2.509260, 8.010000, E
0.671035, 0.034751, 0.003417, 4.986297, 8.010000, F
0.772478, 0.031946, 0.002665, 2.632789, 8.010000, G
0.516535, 0.033067, 0.003185, 4.087576, 8.010000, H
0.637623, 0.032108, 0.003063, 4.042147, 8.010000, I
2.501958, 0.032464, 0.003574, 2.240037, 8.010000, J
amount produced/need, avg price, sd, consumption_rate, avg def comm, char
 year: 91
0.387918, 0.031526, 0.002952, 2.978407, 8.220000, A
1.044679, 0.031705, 0.003441, 1.912332, 8.220000, B
1.464701, 0.030592, 0.002906, 2.021896, 8.220000, C
1.168551, 0.032090, 0.002560, 2.585320, 8.220000, D
1.127113, 0.031397, 0.003441, 2.509260, 8.220000, E
0.671035, 0.032388, 0.003225, 4.986297, 8.220000, F
0.772478, 0.029491, 0.002856, 2.632789, 8.220000, G
0.516535, 0.030749, 0.002591, 4.087576, 8.220000, H
0.637623, 0.032135, 0.003146, 4.042147, 8.220000, I
2.501958, 0.032079, 0.003559, 2.240037, 8.220000, J
amount produced/need, avg price, sd, consumption_rate, avg def comm, char
 year: 92
0.387918, 0.028905, 0.002732, 2.978407, 8.120000, A
1.044679, 0.029864, 0.003069, 1.912332, 8.120000, B
1.464701, 0.028425, 0.002559, 2.021896, 8.120000, C
1.168551, 0.029333, 0.002434, 2.585320, 8.120000, D
1.127113, 0.031280, 0.003341, 2.509260, 8.120000, E
0.671035, 0.031363, 0.003005, 4.986297, 8.120000, F
0.772478, 0.027905, 0.003131, 2.632789, 8.120000, G
0.516535, 0.031538, 0.002879, 4.087576, 8.120000, H
0.637623, 0.030723, 0.002700, 4.042147, 8.120000, I
2.501958, 0.030187, 0.003145, 2.240037, 8.120000, J
amount produced/need, avg price, sd, consumption_rate, avg def comm, char
 year: 93
0.387918, 0.027121, 0.002847, 2.978407, 8.100000, A
1.044679, 0.027194, 0.002785, 1.912332, 8.100000, B
1.464701, 0.026711, 0.002637, 2.021896, 8.100000, C
1.168551, 0.026996, 0.002360, 2.585320, 8.100000, D
1.127113, 0.028760, 0.002759, 2.509260, 8.100000, E
0.671035, 0.030574, 0.003145, 4.986297, 8.100000, F
0.772478, 0.027608, 0.003115, 2.632789, 8.100000, G
0.516535, 0.029742, 0.002386, 4.087576, 8.100000, H
0.637623, 0.029919, 0.003025, 4.042147, 8.100000, I
2.501958, 0.027913, 0.002806, 2.240037, 8.100000, J
amount produced/need, avg price, sd, consumption_rate, avg def comm, char
 year: 94
0.387918, 0.025873, 0.002944, 2.978407, 8.100000, A
1.044679, 0.025514, 0.002812, 1.912332, 8.100000, B
1.464701, 0.026294, 0.002871, 2.021896, 8.100000, C
1.168551, 0.026083, 0.002500, 2.585320, 8.100000, D
1.127113, 0.026696, 0.002772, 2.509260, 8.100000, E
0.671035, 0.027436, 0.002676, 4.986297, 8.100000, F
0.772478, 0.026891, 0.002978, 2.632789, 8.100000, G
0.516535, 0.027494, 0.002141, 4.087576, 8.100000, H
0.637623, 0.028078, 0.002604, 4.042147, 8.100000, I
2.501958, 0.026495, 0.002792, 2.240037, 8.100000, J
amount produced/need, avg price, sd, consumption_rate, avg def comm, char
 year: 95
0.387918, 0.026130, 0.002939, 2.978407, 8.130000, A
1.044679, 0.023943, 0.002647, 1.912332, 8.130000, B
1.464701, 0.025985, 0.002627, 2.021896, 8.130000, C
1.168551, 0.024742, 0.002670, 2.585320, 8.130000, D
1.127113, 0.024041, 0.002389, 2.509260, 8.130000, E
0.671035, 0.024981, 0.002529, 4.986297, 8.130000, F
0.772478, 0.025332, 0.002539, 2.632789, 8.130000, G
0.516535, 0.026030, 0.002368, 4.087576, 8.130000, H
0.637623, 0.025555, 0.002182, 4.042147, 8.130000, I
2.501958, 0.025132, 0.002599, 2.240037, 8.130000, J
amount produced/need, avg price, sd, consumption_rate, avg def comm, char
 year: 96
0.387918, 0.024271, 0.002520, 2.978407, 8.340000, A
1.044679, 0.023816, 0.002691, 1.912332, 8.340000, B
1.464701, 0.024303, 0.002440, 2.021896, 8.340000, C
1.168551, 0.024281, 0.002720, 2.585320, 8.340000, D
1.127113, 0.022864, 0.002563, 2.509260, 8.340000, E
0.671035, 0.024630, 0.002488, 4.986297, 8.340000, F
0.772478, 0.024422, 0.002332, 2.632789, 8.340000, G
0.516535, 0.025157, 0.002382, 4.087576, 8.340000, H
0.637623, 0.024058, 0.002103, 4.042147, 8.340000, I
2.501958, 0.023899, 0.002561, 2.240037, 8.340000, J
amount produced/need, avg price, sd, consumption_rate, avg def comm, char
 year: 97
0.387918, 0.022653, 0.002299, 2.978407, 8.210000, A
1.044679, 0.022521, 0.002359, 1.912332, 8.210000, B
1.464701, 0.022905, 0.002417, 2.021896, 8.210000, C
1.168551, 0.022713, 0.002353, 2.585320, 8.210000, D
1.127113, 0.022001, 0.002556, 2.509260, 8.210000, E
0.671035, 0.025444, 0.002551, 4.986297, 8.210000, F
0.772478, 0.023258, 0.002246, 2.632789, 8.210000, G
0.516535, 0.023240, 0.001844, 4.087576, 8.210000, H
0.637623, 0.023529, 0.002322, 4.042147, 8.210000, I
2.501958, 0.022671, 0.002585, 2.240037, 8.210000, J
amount produced/need, avg price, sd, consumption_rate, avg def comm, char
 year: 98
0.387918, 0.021765, 0.002290, 2.978407, 8.180000, A
1.044679, 0.021080, 0.002273, 1.912332, 8.180000, B
1.464701, 0.021096, 0.002135, 2.021896, 8.180000, C
1.168551, 0.022046, 0.002348, 2.585320, 8.180000, D
1.127113, 0.021501, 0.002480, 2.509260, 8.180000, E
0.671035, 0.022619, 0.002138, 4.986297, 8.180000, F
0.772478, 0.022077, 0.002115, 2.632789, 8.180000, G
0.516535, 0.022568, 0.002127, 4.087576, 8.180000, H
0.637623, 0.024035, 0.002484, 4.042147, 8.180000, I
2.501958, 0.021691, 0.002543, 2.240037, 8.180000, J
amount produced/need, avg price, sd, consumption_rate, avg def comm, char
 year: 99
0.387918, 0.022231, 0.002508, 2.978407, 8.100000, A
1.044679, 0.019628, 0.002015, 1.912332, 8.100000, B
1.464701, 0.019420, 0.002037, 2.021896, 8.100000, C
1.168551, 0.021029, 0.001944, 2.585320, 8.100000, D
1.127113, 0.021316, 0.002439, 2.509260, 8.100000, E
0.671035, 0.020105, 0.001877, 4.986297, 8.100000, F
0.772478, 0.021000, 0.002077, 2.632789, 8.100000, G
0.516535, 0.022601, 0.002453, 4.087576, 8.100000, H
0.637623, 0.021327, 0.001959, 4.042147, 8.100000, I
2.501958, 0.021237, 0.002616, 2.240037, 8.100000, J
amount produced/need, avg price, sd, consumption_rate, avg def comm, char
 year: 100
0.387918, 0.020769, 0.001893, 2.978407, 8.070000, A
1.044679, 0.019023, 0.001992, 1.912332, 8.070000, B
1.464701, 0.018437, 0.002065, 2.021896, 8.070000, C
1.168551, 0.020459, 0.001945, 2.585320, 8.070000, D
1.127113, 0.020849, 0.002362, 2.509260, 8.070000, E
0.671035, 0.018902, 0.002050, 4.986297, 8.070000, F
0.772478, 0.020171, 0.002134, 2.632789, 8.070000, G
0.516535, 0.020605, 0.001931, 4.087576, 8.070000, H
0.637623, 0.019064, 0.001725, 4.042147, 8.070000, I
2.501958, 0.021135, 0.002359, 2.240037, 8.070000, J
amount produced/need, avg price, sd, consumption_rate, avg def comm, char
 year: 101
0.387918, 0.019179, 0.001730, 2.978407, 8.150000, A
1.044679, 0.018086, 0.002047, 1.912332, 8.150000, B
1.464701, 0.017573, 0.002009, 2.021896, 8.150000, C
1.168551, 0.018669, 0.001911, 2.585320, 8.150000, D
1.127113, 0.019616, 0.001973, 2.509260, 8.150000, E
0.671035, 0.019360, 0.002312, 4.986297, 8.150000, F
0.772478, 0.018658, 0.001817, 2.632789, 8.150000, G
0.516535, 0.019339, 0.001599, 4.087576, 8.150000, H
0.637623, 0.018407, 0.001941, 4.042147, 8.150000, I
2.501958, 0.019444, 0.001941, 2.240037, 8.150000, J
amount produced/need, avg price, sd, consumption_rate, avg def comm, char
 year: 102
0.387918, 0.017765, 0.001644, 2.978407, 8.050000, A
1.044679, 0.017186, 0.001858, 1.912332, 8.050000, B
1.464701, 0.017982, 0.002194, 2.021896, 8.050000, C
1.168551, 0.017264, 0.001752, 2.585320, 8.050000, D
1.127113, 0.017670, 0.001712, 2.509260, 8.050000, E
0.671035, 0.018150, 0.001856, 4.986297, 8.050000, F
0.772478, 0.018017, 0.001891, 2.632789, 8.050000, G
0.516535, 0.018331, 0.001602, 4.087576, 8.050000, H
0.637623, 0.019478, 0.002085, 4.042147, 8.050000, I
2.501958, 0.017529, 0.001720, 2.240037, 8.050000, J
amount produced/need, avg price, sd, consumption_rate, avg def comm, char
 year: 103
0.387918, 0.016392, 0.001459, 2.978407, 8.010000, A
1.044679, 0.016579, 0.001845, 1.912332, 8.010000, B
1.464701, 0.018029, 0.001976, 2.021896, 8.010000, C
1.168551, 0.016405, 0.001709, 2.585320, 8.010000, D
1.127113, 0.016083, 0.001668, 2.509260, 8.010000, E
0.671035, 0.019125, 0.001940, 4.986297, 8.010000, F
0.772478, 0.017075, 0.001842, 2.632789, 8.010000, G
0.516535, 0.017268, 0.001640, 4.087576, 8.010000, H
0.637623, 0.017396, 0.001652, 4.042147, 8.010000, I
2.501958, 0.015818, 0.001564, 2.240037, 8.010000, J
amount produced/need, avg price, sd, consumption_rate, avg def comm, char
 year: 104
0.387918, 0.015787, 0.001487, 2.978407, 8.020000, A
1.044679, 0.015868, 0.001720, 1.912332, 8.020000, B
1.464701, 0.016643, 0.001589, 2.021896, 8.020000, C
1.168551, 0.016925, 0.001936, 2.585320, 8.020000, D
1.127113, 0.014871, 0.001618, 2.509260, 8.020000, E
0.671035, 0.016954, 0.001475, 4.986297, 8.020000, F
0.772478, 0.015982, 0.001600, 2.632789, 8.020000, G
0.516535, 0.016956, 0.001676, 4.087576, 8.020000, H
0.637623, 0.015778, 0.001485, 4.042147, 8.020000, I
2.501958, 0.014839, 0.001563, 2.240037, 8.020000, J
amount produced/need, avg price, sd, consumption_rate, avg def comm, char
 year: 105
0.387918, 0.016148, 0.001673, 2.978407, 8.070000, A
1.044679, 0.015573, 0.001567, 1.912332, 8.070000, B
1.464701, 0.015213, 0.001243, 2.021896, 8.070000, C
1.168551, 0.015554, 0.001437, 2.585320, 8.070000, D
1.127113, 0.014445, 0.001613, 2.509260, 8.070000, E
0.671035, 0.015299, 0.001357, 4.986297, 8.070000, F
0.772478, 0.015457, 0.001597, 2.632789, 8.070000, G
0.516535, 0.015489, 0.001396, 4.087576, 8.070000, H
0.637623, 0.015235, 0.001556, 4.042147, 8.070000, I
2.501958, 0.014808, 0.001798, 2.240037, 8.070000, J
amount produced/need, avg price, sd, consumption_rate, avg def comm, char
 year: 106
0.387918, 0.014427, 0.001294, 2.978407, 8.130000, A
1.044679, 0.014595, 0.001331, 1.912332, 8.130000, B
1.464701, 0.013873, 0.001220, 2.021896, 8.130000, C
1.168551, 0.014133, 0.001283, 2.585320, 8.130000, D
1.127113, 0.014678, 0.001726, 2.509260, 8.130000, E
0.671035, 0.014136, 0.001480, 4.986297, 8.130000, F
0.772478, 0.014919, 0.001557, 2.632789, 8.130000, G
0.516535, 0.014363, 0.001348, 4.087576, 8.130000, H
0.637623, 0.015365, 0.001424, 4.042147, 8.130000, I
2.501958, 0.014498, 0.001854, 2.240037, 8.130000, J
amount produced/need, avg price, sd, consumption_rate, avg def comm, char
 year: 107
0.387918, 0.013040, 0.001131, 2.978407, 8.020000, A
1.044679, 0.013965, 0.001317, 1.912332, 8.020000, B
1.464701, 0.012838, 0.001365, 2.021896, 8.020000, C
1.168551, 0.013466, 0.001268, 2.585320, 8.020000, D
1.127113, 0.014118, 0.001532, 2.509260, 8.020000, E
0.671035, 0.013946, 0.001486, 4.986297, 8.020000, F
0.772478, 0.013835, 0.001308, 2.632789, 8.020000, G
0.516535, 0.014151, 0.001344, 4.087576, 8.020000, H
0.637623, 0.013925, 0.001234, 4.042147, 8.020000, I
2.501958, 0.013675, 0.001576, 2.240037, 8.020000, J
amount produced/need, avg price, sd, consumption_rate, avg def comm, char
 year: 108
0.387918, 0.012194, 0.001199, 2.978407, 8.060000, A
1.044679, 0.012746, 0.001168, 1.912332, 8.060000, B
1.464701, 0.011846, 0.001293, 2.021896, 8.060000, C
1.168551, 0.013098, 0.001242, 2.585320, 8.060000, D
1.127113, 0.012912, 0.001213, 2.509260, 8.060000, E
0.671035, 0.014146, 0.001258, 4.986297, 8.060000, F
0.772478, 0.012790, 0.001379, 2.632789, 8.060000, G
0.516535, 0.013637, 0.001252, 4.087576, 8.060000, H
0.637623, 0.013080, 0.001018, 4.042147, 8.060000, I
2.501958, 0.013216, 0.001529, 2.240037, 8.060000, J
amount produced/need, avg price, sd, consumption_rate, avg def comm, char
 year: 109
0.387918, 0.011684, 0.001283, 2.978407, 8.080000, A
1.044679, 0.011610, 0.001040, 1.912332, 8.080000, B
1.464701, 0.011380, 0.001375, 2.021896, 8.080000, C
1.168551, 0.012925, 0.001221, 2.585320, 8.080000, D
1.127113, 0.011939, 0.001080, 2.509260, 8.080000, E
0.671035, 0.012668, 0.000960, 4.986297, 8.080000, F
0.772478, 0.012097, 0.001259, 2.632789, 8.080000, G
0.516535, 0.012943, 0.000988, 4.087576, 8.080000, H
0.637623, 0.013238, 0.001296, 4.042147, 8.080000, I
2.501958, 0.012394, 0.001242, 2.240037, 8.080000, J
amount produced/need, avg price, sd, consumption_rate, avg def comm, char
 year: 110
0.387918, 0.011603, 0.001276, 2.978407, 8.150000, A
1.044679, 0.010707, 0.001071, 1.912332, 8.150000, B
1.464701, 0.010973, 0.001393, 2.021896, 8.150000, C
1.168551, 0.011898, 0.001136, 2.585320, 8.150000, D
1.127113, 0.011338, 0.001106, 2.509260, 8.150000, E
0.671035, 0.011769, 0.001006, 4.986297, 8.150000, F
0.772478, 0.011739, 0.001196, 2.632789, 8.150000, G
0.516535, 0.012090, 0.001038, 4.087576, 8.150000, H
0.637623, 0.012129, 0.000994, 4.042147, 8.150000, I
2.501958, 0.011776, 0.001116, 2.240037, 8.150000, J
amount produced/need, avg price, sd, consumption_rate, avg def comm, char
 year: 111
0.387918, 0.011759, 0.001342, 2.978407, 8.140000, A
1.044679, 0.010374, 0.001210, 1.912332, 8.140000, B
1.464701, 0.010813, 0.001352, 2.021896, 8.140000, C
1.168551, 0.010815, 0.000988, 2.585320, 8.140000, D
1.127113, 0.010819, 0.001114, 2.509260, 8.140000, E
0.671035, 0.011620, 0.001048, 4.986297, 8.140000, F
0.772478, 0.011162, 0.001083, 2.632789, 8.140000, G
0.516535, 0.011101, 0.000936, 4.087576, 8.140000, H
0.637623, 0.010945, 0.000872, 4.042147, 8.140000, I
2.501958, 0.011075, 0.001125, 2.240037, 8.140000, J
amount produced/need, avg price, sd, consumption_rate, avg def comm, char
 year: 112
0.387918, 0.010444, 0.000983, 2.978407, 8.030000, A
1.044679, 0.010256, 0.001224, 1.912332, 8.030000, B
1.464701, 0.010428, 0.001265, 2.021896, 8.030000, C
1.168551, 0.009953, 0.000994, 2.585320, 8.030000, D
1.127113, 0.010744, 0.001151, 2.509260, 8.030000, E
0.671035, 0.011036, 0.000858, 4.986297, 8.030000, F
0.772478, 0.010368, 0.000998, 2.632789, 8.030000, G
0.516535, 0.011132, 0.001091, 4.087576, 8.030000, H
0.637623, 0.010222, 0.000943, 4.042147, 8.030000, I
2.501958, 0.010323, 0.001007, 2.240037, 8.030000, J
amount produced/need, avg price, sd, consumption_rate, avg def comm, char
 year: 113
0.387918, 0.009322, 0.000860, 2.978407, 7.930000, A
1.044679, 0.010093, 0.001056, 1.912332, 7.930000, B
1.464701, 0.010054, 0.001292, 2.021896, 7.930000, C
1.168551, 0.009190, 0.000993, 2.585320, 7.930000, D
1.127113, 0.009998, 0.000964, 2.509260, 7.930000, E
0.671035, 0.010186, 0.000838, 4.986297, 7.930000, F
0.772478, 0.010022, 0.000927, 2.632789, 7.930000, G
0.516535, 0.010247, 0.000867, 4.087576, 7.930000, H
0.637623, 0.010132, 0.001040, 4.042147, 7.930000, I
2.501958, 0.009653, 0.001032, 2.240037, 7.930000, J
amount produced/need, avg price, sd, consumption_rate, avg def comm, char
 year: 114
0.387918, 0.008647, 0.000768, 2.978407, 7.950000, A
1.044679, 0.009394, 0.000915, 1.912332, 7.950000, B
1.464701, 0.009241, 0.001121, 2.021896, 7.950000, C
1.168551, 0.008616, 0.001018, 2.585320, 7.950000, D
1.127113, 0.009244, 0.000888, 2.509260, 7.950000, E
0.671035, 0.009704, 0.000790, 4.986297, 7.950000, F
0.772478, 0.009348, 0.000859, 2.632789, 7.950000, G
0.516535, 0.009427, 0.000760, 4.087576, 7.950000, H
0.637623, 0.009756, 0.000956, 4.042147, 7.950000, I
2.501958, 0.009138, 0.001020, 2.240037, 7.950000, J
amount produced/need, avg price, sd, consumption_rate, avg def comm, char
 year: 115
0.387918, 0.008791, 0.000847, 2.978407, 8.060000, A
1.044679, 0.008632, 0.000823, 1.912332, 8.060000, B
1.464701, 0.008345, 0.000909, 2.021896, 8.060000, C
1.168551, 0.008267, 0.000914, 2.585320, 8.060000, D
1.127113, 0.008713, 0.001000, 2.509260, 8.060000, E
0.671035, 0.009233, 0.000664, 4.986297, 8.060000, F
0.772478, 0.008714, 0.000793, 2.632789, 8.060000, G
0.516535, 0.008982, 0.000833, 4.087576, 8.060000, H
0.637623, 0.008899, 0.000779, 4.042147, 8.060000, I
2.501958, 0.008573, 0.000966, 2.240037, 8.060000, J
amount produced/need, avg price, sd, consumption_rate, avg def comm, char
 year: 116
0.387918, 0.008828, 0.000793, 2.978407, 8.000000, A
1.044679, 0.008064, 0.000833, 1.912332, 8.000000, B
1.464701, 0.007627, 0.000843, 2.021896, 8.000000, C
1.168551, 0.008554, 0.000915, 2.585320, 8.000000, D
1.127113, 0.008061, 0.000941, 2.509260, 8.000000, E
0.671035, 0.008390, 0.000571, 4.986297, 8.000000, F
0.772478, 0.008219, 0.000670, 2.632789, 8.000000, G
0.516535, 0.008445, 0.000781, 4.087576, 8.000000, H
0.637623, 0.008392, 0.000724, 4.042147, 8.000000, I
2.501958, 0.008087, 0.000875, 2.240037, 8.000000, J
amount produced/need, avg price, sd, consumption_rate, avg def comm, char
 year: 117
0.387918, 0.007968, 0.000700, 2.978407, 8.040000, A
1.044679, 0.007583, 0.000894, 1.912332, 8.040000, B
1.464701, 0.007074, 0.000829, 2.021896, 8.040000, C
1.168551, 0.008098, 0.000761, 2.585320, 8.040000, D
1.127113, 0.007542, 0.000857, 2.509260, 8.040000, E
0.671035, 0.008086, 0.000679, 4.986297, 8.040000, F
0.772478, 0.007860, 0.000665, 2.632789, 8.040000, G
0.516535, 0.008263, 0.000840, 4.087576, 8.040000, H
0.637623, 0.007993, 0.000707, 4.042147, 8.040000, I
2.501958, 0.007706, 0.000802, 2.240037, 8.040000, J
amount produced/need, avg price, sd, consumption_rate, avg def comm, char
 year: 118
0.387918, 0.007138, 0.000623, 2.978407, 8.090000, A
1.044679, 0.007346, 0.000794, 1.912332, 8.090000, B
1.464701, 0.006943, 0.000841, 2.021896, 8.090000, C
1.168551, 0.007514, 0.000685, 2.585320, 8.090000, D
1.127113, 0.007058, 0.000800, 2.509260, 8.090000, E
0.671035, 0.007804, 0.000673, 4.986297, 8.090000, F
0.772478, 0.007438, 0.000708, 2.632789, 8.090000, G
0.516535, 0.007428, 0.000643, 4.087576, 8.090000, H
0.637623, 0.008119, 0.000821, 4.042147, 8.090000, I
2.501958, 0.007547, 0.000763, 2.240037, 8.090000, J
amount produced/need, avg price, sd, consumption_rate, avg def comm, char
 year: 119
0.387918, 0.006561, 0.000597, 2.978407, 8.010000, A
1.044679, 0.007124, 0.000781, 1.912332, 8.010000, B
1.464701, 0.006984, 0.000827, 2.021896, 8.010000, C
1.168551, 0.007056, 0.000680, 2.585320, 8.010000, D
1.127113, 0.006828, 0.000842, 2.509260, 8.010000, E
0.671035, 0.007381, 0.000598, 4.986297, 8.010000, F
0.772478, 0.007277, 0.000741, 2.632789, 8.010000, G
0.516535, 0.006992, 0.000667, 4.087576, 8.010000, H
0.637623, 0.007079, 0.000630, 4.042147, 8.010000, I
2.501958, 0.007279, 0.000685, 2.240037, 8.010000, J
amount produced/need, avg price, sd, consumption_rate, avg def comm, char
 year: 120
0.387918, 0.006296, 0.000678, 2.978407, 8.030000, A
1.044679, 0.006791, 0.000731, 1.912332, 8.030000, B
1.464701, 0.006782, 0.000726, 2.021896, 8.030000, C
1.168551, 0.006651, 0.000747, 2.585320, 8.030000, D
1.127113, 0.006948, 0.000777, 2.509260, 8.030000, E
0.671035, 0.006868, 0.000532, 4.986297, 8.030000, F
0.772478, 0.006726, 0.000650, 2.632789, 8.030000, G
0.516535, 0.006679, 0.000647, 4.087576, 8.030000, H
0.637623, 0.006310, 0.000568, 4.042147, 8.030000, I
2.501958, 0.006684, 0.000623, 2.240037, 8.030000, J
amount produced/need, avg price, sd, consumption_rate, avg def comm, char
 year: 121
0.387918, 0.006300, 0.000801, 2.978407, 8.110000, A
1.044679, 0.006272, 0.000656, 1.912332, 8.110000, B
1.464701, 0.006312, 0.000576, 2.021896, 8.110000, C
1.168551, 0.006313, 0.000648, 2.585320, 8.110000, D
1.127113, 0.006322, 0.000621, 2.509260, 8.110000, E
0.671035, 0.006650, 0.000598, 4.986297, 8.110000, F
0.772478, 0.006152, 0.000631, 2.632789, 8.110000, G
0.516535, 0.006529, 0.000600, 4.087576, 8.110000, H
0.637623, 0.005764, 0.000532, 4.042147, 8.110000, I
2.501958, 0.006183, 0.000645, 2.240037, 8.110000, J
amount produced/need, avg price, sd, consumption_rate, avg def comm, char
 year: 122
0.387918, 0.006136, 0.000711, 2.978407, 8.040000, A
1.044679, 0.005704, 0.000582, 1.912332, 8.040000, B
1.464701, 0.005864, 0.000525, 2.021896, 8.040000, C
1.168551, 0.006054, 0.000654, 2.585320, 8.040000, D
1.127113, 0.005767, 0.000552, 2.509260, 8.040000, E
0.671035, 0.006160, 0.000526, 4.986297, 8.040000, F
0.772478, 0.005676, 0.000649, 2.632789, 8.040000, G
0.516535, 0.006116, 0.000530, 4.087576, 8.040000, H
0.637623, 0.006190, 0.000704, 4.042147, 8.040000, I
2.501958, 0.005724, 0.000618, 2.240037, 8.040000, J
amount produced/need, avg price, sd, consumption_rate, avg def comm, char
 year: 123
0.387918, 0.005651, 0.000517, 2.978407, 8.010000, A
1.044679, 0.005337, 0.000603, 1.912332, 8.010000, B
1.464701, 0.005481, 0.000515, 2.021896, 8.010000, C
1.168551, 0.005632, 0.000628, 2.585320, 8.010000, D
1.127113, 0.005322, 0.000551, 2.509260, 8.010000, E
0.671035, 0.005911, 0.000536, 4.986297, 8.010000, F
0.772478, 0.005542, 0.000653, 2.632789, 8.010000, G
0.516535, 0.005720, 0.000479, 4.087576, 8.010000, H
0.637623, 0.005698, 0.000574, 4.042147, 8.010000, I
2.501958, 0.005538, 0.000629, 2.240037, 8.010000, J
amount produced/need, avg price, sd, consumption_rate, avg def comm, char
 year: 124
0.387918, 0.005329, 0.000453, 2.978407, 8.100000, A
1.044679, 0.005117, 0.000635, 1.912332, 8.100000, B
1.464701, 0.005071, 0.000521, 2.021896, 8.100000, C
1.168551, 0.005275, 0.000535, 2.585320, 8.100000, D
1.127113, 0.004991, 0.000526, 2.509260, 8.100000, E
0.671035, 0.005453, 0.000478, 4.986297, 8.100000, F
0.772478, 0.005148, 0.000605, 2.632789, 8.100000, G
0.516535, 0.005612, 0.000555, 4.087576, 8.100000, H
0.637623, 0.005340, 0.000571, 4.042147, 8.100000, I
2.501958, 0.005300, 0.000577, 2.240037, 8.100000, J
amount produced/need, avg price, sd, consumption_rate, avg def comm, char
 year: 125
0.387918, 0.004952, 0.000437, 2.978407, 8.100000, A
1.044679, 0.004939, 0.000636, 1.912332, 8.100000, B
1.464701, 0.004793, 0.000510, 2.021896, 8.100000, C
1.168551, 0.005002, 0.000553, 2.585320, 8.100000, D
1.127113, 0.004763, 0.000494, 2.509260, 8.100000, E
0.671035, 0.005117, 0.000538, 4.986297, 8.100000, F
0.772478, 0.004857, 0.000570, 2.632789, 8.100000, G
0.516535, 0.005118, 0.000437, 4.087576, 8.100000, H
0.637623, 0.005121, 0.000512, 4.042147, 8.100000, I
2.501958, 0.005045, 0.000539, 2.240037, 8.100000, J
amount produced/need, avg price, sd, consumption_rate, avg def comm, char
 year: 126
0.387918, 0.004816, 0.000494, 2.978407, 8.300000, A
1.044679, 0.004697, 0.000524, 1.912332, 8.300000, B
1.464701, 0.004617, 0.000509, 2.021896, 8.300000, C
1.168551, 0.004653, 0.000477, 2.585320, 8.300000, D
1.127113, 0.004720, 0.000506, 2.509260, 8.300000, E
0.671035, 0.004885, 0.000550, 4.986297, 8.300000, F
0.772478, 0.004610, 0.000525, 2.632789, 8.300000, G
0.516535, 0.004841, 0.000408, 4.087576, 8.300000, H
0.637623, 0.004702, 0.000445, 4.042147, 8.300000, I
2.501958, 0.004632, 0.000454, 2.240037, 8.300000, J
amount produced/need, avg price, sd, consumption_rate, avg def comm, char
 year: 127
0.387918, 0.004529, 0.000463, 2.978407, 8.270000, A
1.044679, 0.004398, 0.000460, 1.912332, 8.270000, B
1.464701, 0.004413, 0.000542, 2.021896, 8.270000, C
1.168551, 0.004355, 0.000483, 2.585320, 8.270000, D
1.127113, 0.004494, 0.000451, 2.509260, 8.270000, E
0.671035, 0.004819, 0.000473, 4.986297, 8.270000, F
0.772478, 0.004555, 0.000521, 2.632789, 8.270000, G
0.516535, 0.004437, 0.000388, 4.087576, 8.270000, H
0.637623, 0.004519, 0.000442, 4.042147, 8.270000, I
2.501958, 0.004425, 0.000434, 2.240037, 8.270000, J
amount produced/need, avg price, sd, consumption_rate, avg def comm, char
 year: 128
0.387918, 0.004222, 0.000400, 2.978407, 8.100000, A
1.044679, 0.004111, 0.000449, 1.912332, 8.100000, B
1.464701, 0.004123, 0.000483, 2.021896, 8.100000, C
1.168551, 0.004199, 0.000442, 2.585320, 8.100000, D
1.127113, 0.004241, 0.000422, 2.509260, 8.100000, E
0.671035, 0.004244, 0.000379, 4.986297, 8.100000, F
0.772478, 0.004356, 0.000432, 2.632789, 8.100000, G
0.516535, 0.004216, 0.000378, 4.087576, 8.100000, H
0.637623, 0.004659, 0.000467, 4.042147, 8.100000, I
2.501958, 0.004307, 0.000467, 2.240037, 8.100000, J
amount produced/need, avg price, sd, consumption_rate, avg def comm, char
 year: 129
0.387918, 0.004218, 0.000410, 2.978407, 8.050000, A
1.044679, 0.003948, 0.000454, 1.912332, 8.050000, B
1.464701, 0.003869, 0.000456, 2.021896, 8.050000, C
1.168551, 0.004042, 0.000417, 2.585320, 8.050000, D
1.127113, 0.004001, 0.000419, 2.509260, 8.050000, E
0.671035, 0.003915, 0.000357, 4.986297, 8.050000, F
0.772478, 0.004087, 0.000383, 2.632789, 8.050000, G
0.516535, 0.004459, 0.000460, 4.087576, 8.050000, H
0.637623, 0.004104, 0.000399, 4.042147, 8.050000, I
2.501958, 0.004196, 0.000469, 2.240037, 8.050000, J
amount produced/need, avg price, sd, consumption_rate, avg def comm, char
 year: 130
0.387918, 0.004036, 0.000387, 2.978407, 8.020000, A
1.044679, 0.003706, 0.000435, 1.912332, 8.020000, B
1.464701, 0.003608, 0.000436, 2.021896, 8.020000, C
1.168551, 0.003973, 0.000439, 2.585320, 8.020000, D
1.127113, 0.003797, 0.000376, 2.509260, 8.020000, E
0.671035, 0.003993, 0.000375, 4.986297, 8.020000, F
0.772478, 0.003769, 0.000349, 2.632789, 8.020000, G
0.516535, 0.003950, 0.000363, 4.087576, 8.020000, H
0.637623, 0.003650, 0.000389, 4.042147, 8.020000, I
2.501958, 0.003932, 0.000383, 2.240037, 8.020000, J
amount produced/need, avg price, sd, consumption_rate, avg def comm, char
 year: 131
0.387918, 0.003777, 0.000346, 2.978407, 8.050000, A
1.044679, 0.003435, 0.000393, 1.912332, 8.050000, B
1.464701, 0.003415, 0.000386, 2.021896, 8.050000, C
1.168551, 0.003731, 0.000371, 2.585320, 8.050000, D
1.127113, 0.003727, 0.000370, 2.509260, 8.050000, E
0.671035, 0.004095, 0.000350, 4.986297, 8.050000, F
0.772478, 0.003693, 0.000382, 2.632789, 8.050000, G
0.516535, 0.003517, 0.000307, 4.087576, 8.050000, H
0.637623, 0.003350, 0.000368, 4.042147, 8.050000, I
2.501958, 0.003699, 0.000367, 2.240037, 8.050000, J
amount produced/need, avg price, sd, consumption_rate, avg def comm, char
 year: 132
0.387918, 0.003482, 0.000331, 2.978407, 8.110000, A
1.044679, 0.003229, 0.000369, 1.912332, 8.110000, B
1.464701, 0.003358, 0.000382, 2.021896, 8.110000, C
1.168551, 0.003425, 0.000319, 2.585320, 8.110000, D
1.127113, 0.003499, 0.000319, 2.509260, 8.110000, E
0.671035, 0.003628, 0.000287, 4.986297, 8.110000, F
0.772478, 0.003504, 0.000327, 2.632789, 8.110000, G
0.516535, 0.003270, 0.000325, 4.087576, 8.110000, H
0.637623, 0.003363, 0.000404, 4.042147, 8.110000, I
2.501958, 0.003421, 0.000335, 2.240037, 8.110000, J
amount produced/need, avg price, sd, consumption_rate, avg def comm, char
 year: 133
0.387918, 0.003193, 0.000295, 2.978407, 8.090000, A
1.044679, 0.003173, 0.000364, 1.912332, 8.090000, B
1.464701, 0.003240, 0.000306, 2.021896, 8.090000, C
1.168551, 0.003153, 0.000298, 2.585320, 8.090000, D
1.127113, 0.003234, 0.000261, 2.509260, 8.090000, E
0.671035, 0.003265, 0.000276, 4.986297, 8.090000, F
0.772478, 0.003330, 0.000309, 2.632789, 8.090000, G
0.516535, 0.003324, 0.000331, 4.087576, 8.090000, H
0.637623, 0.003451, 0.000368, 4.042147, 8.090000, I
2.501958, 0.003219, 0.000315, 2.240037, 8.090000, J
amount produced/need, avg price, sd, consumption_rate, avg def comm, char
 year: 134
0.387918, 0.003023, 0.000324, 2.978407, 8.060000, A
1.044679, 0.003063, 0.000352, 1.912332, 8.060000, B
1.464701, 0.003075, 0.000254, 2.021896, 8.060000, C
1.168551, 0.002962, 0.000308, 2.585320, 8.060000, D
1.127113, 0.003108, 0.000306, 2.509260, 8.060000, E
0.671035, 0.003037, 0.000302, 4.986297, 8.060000, F
0.772478, 0.003077, 0.000292, 2.632789, 8.060000, G
0.516535, 0.003254, 0.000290, 4.087576, 8.060000, H
0.637623, 0.003133, 0.000300, 4.042147, 8.060000, I
2.501958, 0.003003, 0.000318, 2.240037, 8.060000, J
amount produced/need, avg price, sd, consumption_rate, avg def comm, char
 year: 135
0.387918, 0.002909, 0.000327, 2.978407, 8.030000, A
1.044679, 0.002984, 0.000343, 1.912332, 8.030000, B
1.464701, 0.002961, 0.000292, 2.021896, 8.030000, C
1.168551, 0.002843, 0.000312, 2.585320, 8.030000, D
1.127113, 0.002859, 0.000285, 2.509260, 8.030000, E
0.671035, 0.003062, 0.000337, 4.986297, 8.030000, F
0.772478, 0.002833, 0.000278, 2.632789, 8.030000, G
0.516535, 0.002967, 0.000279, 4.087576, 8.030000, H
0.637623, 0.002874, 0.000256, 4.042147, 8.030000, I
2.501958, 0.002772, 0.000275, 2.240037, 8.030000, J
amount produced/need, avg price, sd, consumption_rate, avg def comm, char
 year: 136
0.387918, 0.002741, 0.000281, 2.978407, 8.090000, A
1.044679, 0.002779, 0.000289, 1.912332, 8.090000, B
1.464701, 0.002777, 0.000271, 2.021896, 8.090000, C
1.168551, 0.002875, 0.000347, 2.585320, 8.090000, D
1.127113, 0.002665, 0.000281, 2.509260, 8.090000, E
0.671035, 0.002872, 0.000272, 4.986297, 8.090000, F
0.772478, 0.002636, 0.000257, 2.632789, 8.090000, G
0.516535, 0.002732, 0.000234, 4.087576, 8.090000, H
0.637623, 0.002698, 0.000254, 4.042147, 8.090000, I
2.501958, 0.002709, 0.000299, 2.240037, 8.090000, J
amount produced/need, avg price, sd, consumption_rate, avg def comm, char
 year: 137
0.387918, 0.002612, 0.000256, 2.978407, 8.100000, A
1.044679, 0.002514, 0.000249, 1.912332, 8.100000, B
1.464701, 0.002605, 0.000276, 2.021896, 8.100000, C
1.168551, 0.002595, 0.000284, 2.585320, 8.100000, D
1.127113, 0.002546, 0.000283, 2.509260, 8.100000, E
0.671035, 0.002658, 0.000234, 4.986297, 8.100000, F
0.772478, 0.002523, 0.000261, 2.632789, 8.100000, G
0.516535, 0.002604, 0.000232, 4.087576, 8.100000, H
0.637623, 0.002823, 0.000303, 4.042147, 8.100000, I
2.501958, 0.002606, 0.000262, 2.240037, 8.100000, J
amount produced/need, avg price, sd, consumption_rate, avg def comm, char
 year: 138
0.387918, 0.002682, 0.000311, 2.978407, 8.020000, A
1.044679, 0.002299, 0.000251, 1.912332, 8.020000, B
1.464701, 0.002401, 0.000249, 2.021896, 8.020000, C
1.168551, 0.002408, 0.000231, 2.585320, 8.020000, D
1.127113, 0.002507, 0.000321, 2.509260, 8.020000, E
0.671035, 0.002590, 0.000250, 4.986297, 8.020000, F
0.772478, 0.002478, 0.000270, 2.632789, 8.020000, G
0.516535, 0.002549, 0.000239, 4.087576, 8.020000, H
0.637623, 0.002521, 0.000251, 4.042147, 8.020000, I
2.501958, 0.002502, 0.000242, 2.240037, 8.020000, J
amount produced/need, avg price, sd, consumption_rate, avg def comm, char
 year: 139
0.387918, 0.002371, 0.000258, 2.978407, 7.920000, A
1.044679, 0.002095, 0.000266, 1.912332, 7.920000, B
1.464701, 0.002262, 0.000227, 2.021896, 7.920000, C
1.168551, 0.002305, 0.000224, 2.585320, 7.920000, D
1.127113, 0.002385, 0.000289, 2.509260, 7.920000, E
0.671035, 0.002520, 0.000227, 4.986297, 7.920000, F
0.772478, 0.002377, 0.000245, 2.632789, 7.920000, G
0.516535, 0.002580, 0.000237, 4.087576, 7.920000, H
0.637623, 0.002251, 0.000217, 4.042147, 7.920000, I
2.501958, 0.002349, 0.000244, 2.240037, 7.920000, J
amount produced/need, avg price, sd, consumption_rate, avg def comm, char
 year: 140
0.387918, 0.002116, 0.000229, 2.978407, 8.130000, A
1.044679, 0.001954, 0.000255, 1.912332, 8.130000, B
1.464701, 0.002197, 0.000246, 2.021896, 8.130000, C
1.168551, 0.002309, 0.000219, 2.585320, 8.130000, D
1.127113, 0.002266, 0.000278, 2.509260, 8.130000, E
0.671035, 0.002409, 0.000199, 4.986297, 8.130000, F
0.772478, 0.002240, 0.000220, 2.632789, 8.130000, G
0.516535, 0.002295, 0.000189, 4.087576, 8.130000, H
0.637623, 0.002094, 0.000198, 4.042147, 8.130000, I
2.501958, 0.002272, 0.000237, 2.240037, 8.130000, J
amount produced/need, avg price, sd, consumption_rate, avg def comm, char
 year: 141
0.387918, 0.001931, 0.000212, 2.978407, 8.050000, A
1.044679, 0.001970, 0.000264, 1.912332, 8.050000, B
1.464701, 0.002067, 0.000233, 2.021896, 8.050000, C
1.168551, 0.002163, 0.000195, 2.585320, 8.050000, D
1.127113, 0.002074, 0.000241, 2.509260, 8.050000, E
0.671035, 0.002179, 0.000156, 4.986297, 8.050000, F
0.772478, 0.002164, 0.000241, 2.632789, 8.050000, G
0.516535, 0.002050, 0.000177, 4.087576, 8.050000, H
0.637623, 0.002251, 0.000221, 4.042147, 8.050000, I
2.501958, 0.002107, 0.000205, 2.240037, 8.050000, J
amount produced/need, avg price, sd, consumption_rate, avg def comm, char
 year: 142
0.387918, 0.001800, 0.000219, 2.978407, 8.010000, A
1.044679, 0.002029, 0.000259, 1.912332, 8.010000, B
1.464701, 0.001953, 0.000223, 2.021896, 8.010000, C
1.168551, 0.001972, 0.000159, 2.585320, 8.010000, D
1.127113, 0.001960, 0.000219, 2.509260, 8.010000, E
0.671035, 0.002045, 0.000164, 4.986297, 8.010000, F
0.772478, 0.002090, 0.000225, 2.632789, 8.010000, G
0.516535, 0.001923, 0.000200, 4.087576, 8.010000, H
0.637623, 0.002030, 0.000170, 4.042147, 8.010000, I
2.501958, 0.001954, 0.000200, 2.240037, 8.010000, J
amount produced/need, avg price, sd, consumption_rate, avg def comm, char
 year: 143
0.387918, 0.001763, 0.000211, 2.978407, 8.130000, A
1.044679, 0.001855, 0.000188, 1.912332, 8.130000, B
1.464701, 0.001786, 0.000205, 2.021896, 8.130000, C
1.168551, 0.001834, 0.000165, 2.585320, 8.130000, D
1.127113, 0.001879, 0.000229, 2.509260, 8.130000, E
0.671035, 0.001902, 0.000173, 4.986297, 8.130000, F
0.772478, 0.001929, 0.000186, 2.632789, 8.130000, G
0.516535, 0.002032, 0.000220, 4.087576, 8.130000, H
0.637623, 0.001893, 0.000174, 4.042147, 8.130000, I
2.501958, 0.001810, 0.000182, 2.240037, 8.130000, J
amount produced/need, avg price, sd, consumption_rate, avg def comm, char
 year: 144
0.387918, 0.001807, 0.000176, 2.978407, 8.160000, A
1.044679, 0.001726, 0.000173, 1.912332, 8.160000, B
1.464701, 0.001690, 0.000207, 2.021896, 8.160000, C
1.168551, 0.001708, 0.000156, 2.585320, 8.160000, D
1.127113, 0.001818, 0.000225, 2.509260, 8.160000, E
0.671035, 0.001948, 0.000225, 4.986297, 8.160000, F
0.772478, 0.001780, 0.000179, 2.632789, 8.160000, G
0.516535, 0.001812, 0.000186, 4.087576, 8.160000, H
0.637623, 0.001776, 0.000170, 4.042147, 8.160000, I
2.501958, 0.001773, 0.000195, 2.240037, 8.160000, J
amount produced/need, avg price, sd, consumption_rate, avg def comm, char
 year: 145
0.387918, 0.001771, 0.000189, 2.978407, 8.000000, A
1.044679, 0.001610, 0.000185, 1.912332, 8.000000, B
1.464701, 0.001617, 0.000202, 2.021896, 8.000000, C
1.168551, 0.001641, 0.000172, 2.585320, 8.000000, D
1.127113, 0.001659, 0.000188, 2.509260, 8.000000, E
0.671035, 0.001799, 0.000192, 4.986297, 8.000000, F
0.772478, 0.001650, 0.000172, 2.632789, 8.000000, G
0.516535, 0.001596, 0.000168, 4.087576, 8.000000, H
0.637623, 0.001805, 0.000196, 4.042147, 8.000000, I
2.501958, 0.001715, 0.000171, 2.240037, 8.000000, J
amount produced/need, avg price, sd, consumption_rate, avg def comm, char
 year: 146
0.387918, 0.001644, 0.000165, 2.978407, 7.970000, A
1.044679, 0.001528, 0.000174, 1.912332, 7.970000, B
1.464701, 0.001523, 0.000187, 2.021896, 7.970000, C
1.168551, 0.001681, 0.000184, 2.585320, 7.970000, D
1.127113, 0.001546, 0.000167, 2.509260, 7.970000, E
0.671035, 0.001627, 0.000172, 4.986297, 7.970000, F
0.772478, 0.001544, 0.000172, 2.632789, 7.970000, G
0.516535, 0.001486, 0.000170, 4.087576, 7.970000, H
0.637623, 0.001650, 0.000172, 4.042147, 7.970000, I
2.501958, 0.001616, 0.000164, 2.240037, 7.970000, J
amount produced/need, avg price, sd, consumption_rate, avg def comm, char
 year: 147
0.387918, 0.001499, 0.000144, 2.978407, 8.100000, A
1.044679, 0.001524, 0.000189, 1.912332, 8.100000, B
1.464701, 0.001438, 0.000173, 2.021896, 8.100000, C
1.168551, 0.001540, 0.000146, 2.585320, 8.100000, D
1.127113, 0.001483, 0.000165, 2.509260, 8.100000, E
0.671035, 0.001536, 0.000156, 4.986297, 8.100000, F
0.772478, 0.001458, 0.000176, 2.632789, 8.100000, G
0.516535, 0.001538, 0.000182, 4.087576, 8.100000, H
0.637623, 0.001521, 0.000155, 4.042147, 8.100000, I
2.501958, 0.001525, 0.000165, 2.240037, 8.100000, J
amount produced/need, avg price, sd, consumption_rate, avg def comm, char
 year: 148
0.387918, 0.001372, 0.000128, 2.978407, 8.170000, A
1.044679, 0.001399, 0.000156, 1.912332, 8.170000, B
1.464701, 0.001382, 0.000153, 2.021896, 8.170000, C
1.168551, 0.001394, 0.000120, 2.585320, 8.170000, D
1.127113, 0.001413, 0.000150, 2.509260, 8.170000, E
0.671035, 0.001583, 0.000153, 4.986297, 8.170000, F
0.772478, 0.001372, 0.000164, 2.632789, 8.170000, G
0.516535, 0.001478, 0.000144, 4.087576, 8.170000, H
0.637623, 0.001430, 0.000139, 4.042147, 8.170000, I
2.501958, 0.001407, 0.000151, 2.240037, 8.170000, J
amount produced/need, avg price, sd, consumption_rate, avg def comm, char
 year: 149
0.387918, 0.001306, 0.000133, 2.978407, 8.060000, A
1.044679, 0.001292, 0.000138, 1.912332, 8.060000, B
1.464701, 0.001355, 0.000163, 2.021896, 8.060000, C
1.168551, 0.001269, 0.000117, 2.585320, 8.060000, D
1.127113, 0.001370, 0.000155, 2.509260, 8.060000, E
0.671035, 0.001389, 0.000124, 4.986297, 8.060000, F
0.772478, 0.001350, 0.000158, 2.632789, 8.060000, G
0.516535, 0.001437, 0.000134, 4.087576, 8.060000, H
0.637623, 0.001499, 0.000169, 4.042147, 8.060000, I
2.501958, 0.001303, 0.000146, 2.240037, 8.060000, J
amount produced/need, avg price, sd, consumption_rate, avg def comm, char
 year: 150
0.387918, 0.001258, 0.000127, 2.978407, 8.070000, A
1.044679, 0.001226, 0.000128, 1.912332, 8.070000, B
1.464701, 0.001267, 0.000137, 2.021896, 8.070000, C
1.168551, 0.001229, 0.000129, 2.585320, 8.070000, D
1.127113, 0.001342, 0.000136, 2.509260, 8.070000, E
0.671035, 0.001259, 0.000119, 4.986297, 8.070000, F
0.772478, 0.001321, 0.000135, 2.632789, 8.070000, G
0.516535, 0.001361, 0.000118, 4.087576, 8.070000, H
0.637623, 0.001359, 0.000139, 4.042147, 8.070000, I
2.501958, 0.001230, 0.000145, 2.240037, 8.070000, J
