0.402933,0.702245,1223
0.436093,0.521042,1383
0.452299,0.431594,1297
0.461046,0.377049,1172
0.460811,0.352344,1059
0.462298,0.314733,1050
0.464787,0.297153,1014
0.465597,0.280669,993
0.468203,0.272562,1000
0.470339,0.278669,969
0.470835,0.267814,959
0.471406,0.258232,971
0.473529,0.251175,976
0.475186,0.254374,977
0.475334,0.255756,933
0.475575,0.244361,967
0.474969,0.234164,945
0.475129,0.249308,967
0.476189,0.240078,970
0.476767,0.241931,985
0.477583,0.240109,903
0.478229,0.234431,903
0.479298,0.243827,933
0.480017,0.229355,995
0.481689,0.239646,983
0.482499,0.227832,977
0.483162,0.228665,967
0.483723,0.239953,962
0.484725,0.232185,952
0.485212,0.233482,974
0.486029,0.234747,965
0.486889,0.23024,940
0.487012,0.225647,922
0.487829,0.24295,939
0.488391,0.238117,921
0.489112,0.239739,929
0.489891,0.238037,933
0.490824,0.237939,951
0.491099,0.239433,935
0.491814,0.242604,1012
0.491981,0.236333,912
0.492464,0.241595,902
0.492632,0.235167,980
0.4927,0.235477,913
0.493348,0.236163,889
0.493472,0.237123,938
0.493933,0.232096,950
0.494413,0.234363,996
0.494504,0.226465,1012
0.494364,0.220015,966
0.494308,0.214917,914
0.494275,0.22003,961
0.494524,0.21988,944
0.494496,0.221735,916
0.494732,0.216444,907
0.494854,0.220076,888
0.495067,0.213131,943
0.495499,0.216788,898
0.495663,0.207725,883
0.495563,0.219205,931
0.495921,0.225309,889
0.496358,0.2418,917
0.496597,0.224504,895
0.496919,0.221542,952
0.497158,0.238142,931
0.497522,0.234679,963
0.497814,0.236215,911
0.498075,0.239474,870
0.498341,0.237554,936
0.498653,0.239768,931
0.498829,0.23676,933
0.499238,0.245806,978
0.499385,0.249098,935
0.499506,0.245535,968
0.499556,0.245783,874
0.499477,0.237138,881
0.499432,0.242191,908
0.499563,0.241006,896
0.499808,0.239876,872
0.499807,0.242519,925
0.500012,0.247319,926
0.499928,0.24325,917
0.499858,0.232953,955
0.499649,0.233318,926
0.499516,0.223914,939
0.499543,0.227455,968
0.499638,0.227303,972
0.499498,0.222287,968
0.499758,0.223394,892
0.499808,0.239692,977
0.500063,0.23189,953
0.50021,0.231546,922
0.500369,0.226176,957
0.500521,0.234365,966
0.500872,0.233206,945
0.5011,0.231169,941
0.501347,0.243271,964
0.501455,0.22886,905
0.501576,0.227596,972
14343.7
4627.18
19103.2
10797.8
25798.8
3974.51
9914.99
13683
15968.9
-7188.22
10,6,37.2089,4,9200,0
9,6,31.6812,4,13573,0
8,6,26.5,6,5712,0
0,6,9.61139,0,12788,0
3,6,13.821,7,10653,0
0,6,14.3505,4,9000,0
0,12,14.6802,1,14380,0
8,12,28.943,1,11818,0
6,12,26.8416,2,7745,0
4,12,16.638,1,11500,0
9,12,30.7512,4,6785,0
9,12,32.159,6,13692,0
8,12,59.7358,8,6056,0
9,12,34.0558,1,13217,0
9,12,27.738,6,12379,0
1,12,10.8467,1,5459,0
8,12,71.4197,0,13331,0
7,12,42.9274,3,12838,0
8,6,35.414,9,11734,0
8,6,77.6248,7,5328,0
6,6,35.157,8,5022,0
8,6,56.1526,4,7590,0
6,6,63.9847,4,5213,0
8,6,34.7683,5,13946,0
9,9,32.737,2,12429,0
5,9,77.6017,2,9212,0
8,9,36.1312,6,9750,0
2,9,13.2519,1,9369,0
7,9,33.3588,3,10901,0
5,9,30.0575,2,11304,0
8,9,55.4147,5,14244,0
7,9,80.8491,4,5565,0
10,9,42.6203,5,10179,0
2,8,11.2906,3,8875,0
8,8,35.5348,9,6717,0
4,8,41.9793,2,14058,0
10,8,35.7832,7,13902,0
9,8,44.4492,4,8624,0
8,8,45.9116,4,10624,0
0,8,1.54339,4,7036,0
9,8,37.739,4,9262,0
8,10,35.0818,5,11992,0
2,10,17.3528,1,5498,0
0,10,8.47854,1,6615,0
8,10,28.7991,8,13834,0
6,10,32.8437,0,5137,0
8,10,35.283,1,11727,0
0,10,14.0773,5,13964,0
8,10,40.5568,8,8854,0
6,10,29.0856,3,13387,0
4,10,12.3048,8,10057,0
0,13,9.01309,7,6635,0
6,13,23.8264,0,5124,0
6,13,38.5968,2,9709,0
10,13,46.0211,5,6741,0
10,13,45.9885,9,12179,0
7,13,23.4886,2,10379,0
7,13,46.4343,8,7021,0
8,13,35.5456,0,8193,0
9,13,50.6839,7,12832,0
8,13,23.4304,4,14306,0
5,13,38.3017,3,4878,0
6,13,45.8735,8,5887,0
6,13,29.1487,8,12972,0
8,6,33.573,1,13877,0
7,6,26.6699,1,11918,0
9,6,38.622,9,8143,0
9,6,33.4672,3,11220,0
7,6,39.0744,0,5324,0
6,6,67.4712,0,5899,0
8,15,53.6248,3,10279,0
4,15,13.4419,8,9128,0
9,15,45.8101,4,14118,0
7,15,33.1523,2,14683,0
5,15,18.0888,1,8544,0
6,15,19.2147,8,12846,0
7,15,35.7237,8,5945,0
5,15,38.7378,6,5289,0
9,15,26.8467,5,13631,0
0,15,2.22209,8,10695,0
8,15,71.319,7,7696,0
8,15,28.6165,9,11444,0
9,15,20.8825,8,11103,0
8,15,31.2505,5,7987,0
9,15,31.2448,9,9946,0
9,15,34.9695,0,14260,0
8,15,39.9605,1,14381,0
7,15,56.6525,6,13144,0
7,15,31.7052,6,9230,0
8,15,40.3484,1,5885,0
7,15,40.2292,4,6608,0
7,15,22.6921,7,10767,0
7,15,32.7441,5,6118,0
9,15,32.2909,5,12346,0
8,15,28.5308,0,8697,0
0,15,12.1398,6,10580,0
6,15,25.8721,0,12367,0
8,15,21.5218,6,5836,0
0,15,5.0263,2,9699,0
9,15,29.8977,4,7872,0
