amtProduced_need, avg_price, sd, consumption_rate, consumed, char
1.690001, 2.747178, 0.865058, 1.912332, 1.721099, B
1.690001, 2.627497, 0.613240, 1.912332, 1.742200, B
1.690001, 2.623875, 0.525824, 1.912332, 1.674499, B
1.690001, 2.566091, 0.433123, 1.912332, 1.701976, B
1.690001, 2.496393, 0.436468, 1.912332, 1.678402, B
1.690001, 2.411494, 0.400428, 1.912332, 1.682853, B
1.690001, 2.468412, 0.382903, 1.912332, 1.487169, B
1.690001, 2.601587, 0.461137, 1.912332, 1.510059, B
1.690001, 2.785630, 0.443567, 1.912332, 1.336086, B
1.690001, 3.362160, 0.526802, 1.912332, 1.002092, B
1.690001, 4.073441, 0.626190, 1.912332, 0.975290, B
1.690001, 4.821076, 0.735954, 1.912332, 0.994413, B
1.690001, 5.038429, 0.733540, 1.912332, 1.397060, B
1.690001, 5.596189, 0.886017, 1.912332, 1.276696, B
1.690001, 5.000137, 0.774527, 1.912332, 1.858099, B
1.690001, 4.322370, 0.649412, 1.912332, 1.893209, B
1.690001, 3.740541, 0.552395, 1.912332, 1.893209, B
1.690001, 3.256549, 0.556119, 1.912332, 1.874086, B
1.690001, 2.804774, 0.439875, 1.912332, 1.912332, B
1.690001, 2.505224, 0.404507, 1.912332, 1.835839, B
1.690001, 2.274876, 0.357623, 1.912332, 1.809420, B
1.690001, 2.213905, 0.356125, 1.912332, 1.700839, B
1.690001, 2.117102, 0.326778, 1.912332, 1.701976, B
1.690001, 2.050787, 0.307503, 1.912332, 1.625483, B
1.690001, 2.038239, 0.298367, 1.912332, 1.644606, B
1.690001, 2.082674, 0.386286, 1.912332, 1.568113, B
1.690001, 2.103303, 0.305996, 1.912332, 1.603687, B
1.690001, 2.231029, 0.330486, 1.912332, 1.472496, B
1.690001, 2.365592, 0.384738, 1.912332, 1.412454, B
1.690001, 2.695676, 0.435452, 1.912332, 1.223893, B
1.690001, 3.090986, 0.521232, 1.912332, 1.164296, B
1.690001, 3.734611, 0.631303, 1.912332, 1.019089, B
1.690001, 4.353916, 0.682044, 1.912332, 1.001991, B
1.690001, 4.427701, 0.515609, 1.912332, 1.548960, B
1.690001, 4.021109, 0.448571, 1.912332, 1.835839, B
1.690001, 3.478251, 0.367022, 1.912332, 1.898354, B
1.690001, 3.065699, 0.409917, 1.912332, 1.854962, B
1.690001, 2.810874, 0.343196, 1.912332, 1.820931, B
1.690001, 2.634553, 0.376570, 1.912332, 1.743437, B
1.690001, 2.516153, 0.357541, 1.912332, 1.759346, B
1.690001, 2.435955, 0.353740, 1.912332, 1.721099, B
1.690001, 2.467435, 0.382341, 1.912332, 1.618744, B
1.690001, 2.550419, 0.386570, 1.912332, 1.434249, B
1.690001, 2.538380, 0.355602, 1.912332, 1.701976, B
1.690001, 2.451926, 0.300996, 1.912332, 1.731110, B
1.690001, 2.549677, 0.332963, 1.912332, 1.472496, B
1.690001, 2.567997, 0.378193, 1.912332, 1.663729, B
1.690001, 2.328495, 0.288983, 1.912332, 1.854962, B
1.690001, 2.191143, 0.277001, 1.912332, 1.740223, B
1.690001, 2.208129, 0.319231, 1.912332, 1.553695, B
1.690001, 2.116621, 0.297143, 1.912332, 1.644606, B
1.690001, 2.136806, 0.318118, 1.912332, 1.606359, B
1.690001, 2.269341, 0.314052, 1.912332, 1.464952, B
1.690001, 2.260668, 0.332332, 1.912332, 1.644606, B
1.690001, 1.934271, 0.281519, 1.912332, 1.912332, B
1.690001, 1.637249, 0.239525, 1.912332, 1.910888, B
1.690001, 1.458823, 0.204634, 1.912332, 1.854962, B
1.690001, 1.337538, 0.211885, 1.912332, 1.767752, B
1.690001, 1.210553, 0.184569, 1.912332, 1.797592, B
1.690001, 1.081775, 0.153059, 1.912332, 1.874086, B
1.690001, 0.989121, 0.128024, 1.912332, 1.853518, B
1.690001, 0.957554, 0.142197, 1.912332, 1.692173, B
1.690001, 0.955572, 0.133374, 1.912332, 1.654622, B
1.690001, 1.040533, 0.176217, 1.912332, 1.388705, B
1.690001, 1.132138, 0.189389, 1.912332, 1.371978, B
1.690001, 1.257521, 0.214219, 1.912332, 1.218991, B
1.690001, 1.409300, 0.230464, 1.912332, 1.218991, B
1.690001, 1.697427, 0.303745, 1.912332, 0.966536, B
1.690001, 2.278308, 0.419454, 1.912332, 0.471103, B
1.690001, 2.069497, 0.314110, 1.912332, 1.819852, B
1.690001, 1.650077, 0.245570, 1.912332, 1.912332, B
1.690001, 1.306082, 0.215556, 1.912332, 1.912332, B
1.690001, 1.057673, 0.188469, 1.912332, 1.912332, B
1.690001, 0.862751, 0.167052, 1.912332, 1.912332, B
1.690001, 0.704284, 0.141113, 1.912332, 1.912332, B
1.690001, 0.575595, 0.120098, 1.912332, 1.912332, B
1.690001, 0.479146, 0.099966, 1.912332, 1.893209, B
1.690001, 0.408617, 0.081048, 1.912332, 1.889373, B
1.690001, 0.351548, 0.067328, 1.912332, 1.874086, B
1.690001, 0.305843, 0.058243, 1.912332, 1.893209, B
1.690001, 0.272335, 0.052328, 1.912332, 1.854962, B
1.690001, 0.239121, 0.045750, 1.912332, 1.907255, B
1.690001, 0.213619, 0.038782, 1.912332, 1.854962, B
1.690001, 0.195333, 0.035506, 1.912332, 1.816077, B
1.690001, 0.182124, 0.030477, 1.912332, 1.849828, B
1.690001, 0.178318, 0.026222, 1.912332, 1.759346, B
1.690001, 0.189625, 0.029004, 1.912332, 1.501237, B
1.690001, 0.209417, 0.027843, 1.912332, 1.261230, B
1.690001, 0.254542, 0.038253, 1.912332, 0.867413, B
1.690001, 0.333175, 0.048516, 1.912332, 0.669316, B
1.690001, 0.436933, 0.075647, 1.912332, 0.585327, B
1.690001, 0.613902, 0.115478, 1.912332, 0.305973, B
1.690001, 0.828384, 0.147435, 1.912332, 0.478083, B
1.690001, 0.953716, 0.136931, 1.912332, 1.022929, B
1.690001, 0.998514, 0.160706, 1.912332, 1.404221, B
1.690001, 0.898385, 0.128526, 1.912332, 1.874086, B
1.690001, 0.743297, 0.112398, 1.912332, 1.912332, B
1.690001, 0.609821, 0.094832, 1.912332, 1.912332, B
1.690001, 0.500832, 0.087185, 1.912332, 1.912332, B
1.690001, 0.414629, 0.076871, 1.912332, 1.912332, B
