amtProduced_need, avg_price, sd, consumption_rate, consumed, char
1.124094, 3.080492, 0.832222, 2.585320, 2.068565, D
1.124094, 3.258359, 0.683088, 2.585320, 1.822042, D
1.124094, 3.738858, 0.770636, 2.585320, 1.503482, D
1.124094, 4.289557, 0.677413, 2.585320, 1.499485, D
1.124094, 4.081517, 0.518312, 2.585320, 2.341156, D
1.124094, 4.451466, 0.720703, 2.585320, 1.663160, D
1.124094, 5.311238, 0.850124, 2.585320, 1.274391, D
1.124094, 5.218545, 0.819917, 2.585320, 2.239189, D
1.124094, 4.490925, 0.550597, 2.585320, 2.559466, D
1.124094, 4.090024, 0.525083, 2.585320, 2.506355, D
1.124094, 3.720130, 0.539806, 2.585320, 2.456054, D
1.124094, 3.561859, 0.507757, 2.585320, 2.325105, D
1.124094, 3.597159, 0.577360, 2.585320, 2.207827, D
1.124094, 3.540562, 0.621033, 2.585320, 2.275665, D
1.124094, 3.517687, 0.627577, 2.585320, 2.209232, D
1.124094, 3.610656, 0.624828, 2.585320, 2.018066, D
1.124094, 3.818085, 0.618169, 2.585320, 1.924847, D
1.124094, 4.232082, 0.669952, 2.585320, 1.706173, D
1.124094, 4.599355, 0.798017, 2.585320, 1.873670, D
1.124094, 4.395788, 0.688888, 2.585320, 2.279809, D
1.124094, 4.275245, 0.672383, 2.585320, 2.264934, D
1.124094, 4.088379, 0.542168, 2.585320, 2.347569, D
1.124094, 4.315310, 0.680583, 2.585320, 1.934619, D
1.124094, 4.557873, 0.611493, 2.585320, 1.872721, D
1.124094, 5.366984, 0.777523, 2.585320, 1.260028, D
1.124094, 5.300097, 0.839429, 2.585320, 2.136828, D
1.124094, 5.177120, 0.859954, 2.585320, 2.108407, D
1.124094, 4.778838, 0.670750, 2.585320, 2.404347, D
1.124094, 4.371634, 0.650245, 2.585320, 2.438674, D
1.124094, 4.062813, 0.634861, 2.585320, 2.358422, D
1.124094, 4.029876, 0.628825, 2.585320, 2.187548, D
1.124094, 3.780007, 0.490333, 2.585320, 2.300934, D
1.124094, 3.541216, 0.505479, 2.585320, 2.283165, D
1.124094, 3.824976, 0.542415, 2.585320, 1.836009, D
1.124094, 4.278588, 0.673604, 2.585320, 1.602898, D
1.124094, 3.715560, 0.513574, 2.585320, 2.585320, D
1.124094, 3.292315, 0.468872, 2.585320, 2.475188, D
1.124094, 2.920787, 0.414992, 2.585320, 2.507760, D
1.124094, 2.639232, 0.433500, 2.585320, 2.430773, D
1.124094, 2.492127, 0.420357, 2.585320, 2.399383, D
1.124094, 2.428510, 0.375962, 2.585320, 2.268362, D
1.124094, 2.503507, 0.397025, 2.585320, 2.102680, D
1.124094, 2.506515, 0.381065, 2.585320, 2.188750, D
1.124094, 2.668726, 0.453610, 2.585320, 1.779747, D
1.124094, 2.990838, 0.441683, 2.585320, 1.630631, D
1.124094, 3.226086, 0.432651, 2.585320, 1.945341, D
1.124094, 2.804665, 0.347764, 2.585320, 2.559466, D
1.124094, 2.368107, 0.289033, 2.585320, 2.585320, D
1.124094, 2.012905, 0.274161, 2.585320, 2.559466, D
1.124094, 1.844382, 0.250546, 2.585320, 2.430200, D
1.124094, 1.700649, 0.249173, 2.585320, 2.427689, D
1.124094, 1.616734, 0.247992, 2.585320, 2.369786, D
1.124094, 1.566096, 0.233014, 2.585320, 2.288861, D
1.124094, 1.656817, 0.275897, 2.585320, 1.939037, D
1.124094, 1.846474, 0.286929, 2.585320, 1.676036, D
1.124094, 2.029059, 0.315623, 2.585320, 1.727780, D
1.124094, 2.127366, 0.278425, 2.585320, 1.908715, D
1.124094, 2.275728, 0.298793, 2.585320, 1.877869, D
1.124094, 2.204050, 0.362410, 2.585320, 2.357594, D
1.124094, 1.897860, 0.273625, 2.585320, 2.559466, D
1.124094, 1.613748, 0.237011, 2.585320, 2.578257, D
1.124094, 1.441152, 0.205300, 2.585320, 2.507760, D
1.124094, 1.292406, 0.183276, 2.585320, 2.426852, D
1.124094, 1.245598, 0.182053, 2.585320, 2.326484, D
1.124094, 1.241394, 0.198423, 2.585320, 2.164949, D
1.124094, 1.265647, 0.169591, 2.585320, 2.031819, D
1.124094, 1.476584, 0.238288, 2.585320, 1.525018, D
1.124094, 1.626355, 0.246751, 2.585320, 1.638473, D
1.124094, 1.844350, 0.301249, 2.585320, 1.668779, D
1.124094, 1.915942, 0.278665, 2.585320, 2.032233, D
1.124094, 1.810068, 0.221039, 2.585320, 2.394896, D
1.124094, 1.561307, 0.182933, 2.585320, 2.585320, D
1.124094, 1.348714, 0.154521, 2.585320, 2.585320, D
1.124094, 1.177799, 0.155148, 2.585320, 2.516234, D
1.124094, 1.062063, 0.141850, 2.585320, 2.533613, D
1.124094, 0.950846, 0.136115, 2.585320, 2.585320, D
1.124094, 0.869145, 0.128516, 2.585320, 2.404347, D
1.124094, 0.827076, 0.128997, 2.585320, 2.326788, D
1.124094, 0.798243, 0.110343, 2.585320, 2.300934, D
1.124094, 0.775657, 0.116387, 2.585320, 2.228041, D
1.124094, 0.792692, 0.132726, 2.585320, 2.174760, D
1.124094, 0.814050, 0.127306, 2.585320, 1.921639, D
1.124094, 0.974675, 0.163610, 2.585320, 1.349755, D
1.124094, 1.124775, 0.181772, 2.585320, 1.621387, D
1.124094, 1.214415, 0.186633, 2.585320, 1.770780, D
1.124094, 1.206336, 0.177075, 2.585320, 2.158487, D
1.124094, 1.069391, 0.137639, 2.585320, 2.481907, D
1.124094, 0.923562, 0.123158, 2.585320, 2.533613, D
1.124094, 0.780368, 0.104136, 2.585320, 2.559466, D
1.124094, 0.668079, 0.096241, 2.585320, 2.572341, D
1.124094, 0.603263, 0.093439, 2.585320, 2.507760, D
1.124094, 0.555723, 0.073611, 2.585320, 2.441138, D
1.124094, 0.536688, 0.066407, 2.585320, 2.352641, D
1.124094, 0.543247, 0.075087, 2.585320, 2.145815, D
1.124094, 0.552722, 0.070207, 2.585320, 2.171668, D
1.124094, 0.594099, 0.082984, 2.585320, 1.858208, D
1.124094, 0.691451, 0.112566, 2.585320, 1.499485, D
1.124094, 0.845598, 0.137941, 2.585320, 1.139276, D
1.124094, 0.898552, 0.148386, 2.585320, 1.904899, D
1.124094, 0.969905, 0.159090, 2.585320, 1.692056, D
