amtProduced_need, avg_price, sd, consumption_rate, consumed, char
1.412168, 2.797777, 0.789420, 2.509260, 2.383797, E
1.412168, 2.569585, 0.542965, 2.509260, 2.381598, E
1.412168, 2.554214, 0.369140, 2.509260, 2.171767, E
1.412168, 2.520712, 0.368183, 2.509260, 2.143744, E
1.412168, 2.662639, 0.445268, 2.509260, 1.865063, E
1.412168, 2.872280, 0.414071, 2.509260, 1.724046, E
1.412168, 3.500328, 0.533002, 2.509260, 1.090785, E
1.412168, 4.690669, 0.693069, 2.509260, 0.585341, E
1.412168, 5.288893, 0.904394, 2.509260, 1.483264, E
1.412168, 5.277055, 0.622503, 2.509260, 2.012123, E
1.412168, 5.106429, 0.590761, 2.509260, 2.302879, E
1.412168, 4.841866, 0.586891, 2.509260, 2.283427, E
1.412168, 4.310287, 0.556153, 2.509260, 2.459075, E
1.412168, 3.977288, 0.611263, 2.509260, 2.408890, E
1.412168, 3.644740, 0.497327, 2.509260, 2.408890, E
1.412168, 3.355726, 0.477056, 2.509260, 2.342086, E
1.412168, 3.103289, 0.462967, 2.509260, 2.313676, E
1.412168, 3.222353, 0.451029, 2.509260, 1.963493, E
1.412168, 3.639397, 0.464430, 2.509260, 1.588745, E
1.412168, 4.591957, 0.716190, 2.509260, 1.071613, E
1.412168, 5.409442, 0.722262, 2.509260, 1.364336, E
1.412168, 4.896624, 0.561475, 2.509260, 2.395571, E
1.412168, 4.249015, 0.462221, 2.509260, 2.459075, E
1.412168, 3.639476, 0.437717, 2.509260, 2.459522, E
1.412168, 3.184518, 0.399543, 2.509260, 2.502656, E
1.412168, 2.885846, 0.379372, 2.509260, 2.433983, E
1.412168, 2.622871, 0.417339, 2.509260, 2.392008, E
1.412168, 2.313521, 0.331662, 2.509260, 2.509260, E
1.412168, 2.132923, 0.314163, 2.509260, 2.336946, E
1.412168, 2.101007, 0.372386, 2.509260, 2.191267, E
1.412168, 2.070517, 0.364774, 2.509260, 2.165541, E
1.412168, 2.182083, 0.357756, 2.509260, 1.841712, E
1.412168, 2.352166, 0.426008, 2.509260, 1.856853, E
1.412168, 2.705008, 0.448869, 2.509260, 1.405186, E
1.412168, 3.190355, 0.503842, 2.509260, 1.344437, E
1.412168, 3.878003, 0.611127, 2.509260, 1.171268, E
1.412168, 3.970150, 0.539858, 2.509260, 1.944420, E
1.412168, 3.935565, 0.482773, 2.509260, 2.215151, E
1.412168, 3.470625, 0.416657, 2.509260, 2.400806, E
1.412168, 3.058330, 0.378012, 2.509260, 2.433983, E
1.412168, 2.770954, 0.391480, 2.509260, 2.420438, E
1.412168, 2.706222, 0.432038, 2.509260, 2.261797, E
1.412168, 2.568144, 0.405416, 2.509260, 2.308520, E
1.412168, 2.444333, 0.329562, 2.509260, 2.258334, E
1.412168, 2.372478, 0.308911, 2.509260, 2.240354, E
1.412168, 2.415489, 0.327783, 2.509260, 2.007408, E
1.412168, 2.374026, 0.341278, 2.509260, 2.154403, E
1.412168, 2.365481, 0.381352, 2.509260, 2.082686, E
1.412168, 2.363606, 0.381067, 2.509260, 2.183057, E
1.412168, 2.352185, 0.372268, 2.509260, 2.057593, E
1.412168, 2.354592, 0.356357, 2.509260, 2.044821, E
1.412168, 2.367948, 0.321560, 2.509260, 2.110217, E
1.412168, 2.221578, 0.296547, 2.509260, 2.374955, E
1.412168, 1.950636, 0.248714, 2.509260, 2.433983, E
1.412168, 1.729487, 0.222556, 2.509260, 2.484168, E
1.412168, 1.578329, 0.210607, 2.509260, 2.433983, E
1.412168, 1.523364, 0.190789, 2.509260, 2.304955, E
1.412168, 1.593824, 0.248646, 2.509260, 2.001757, E
1.412168, 1.808682, 0.342365, 2.509260, 1.538882, E
1.412168, 2.235707, 0.383774, 2.509260, 1.097790, E
1.412168, 2.388878, 0.346472, 2.509260, 1.686947, E
1.412168, 2.163267, 0.278893, 2.509260, 2.350623, E
1.412168, 1.927323, 0.272943, 2.509260, 2.400806, E
1.412168, 1.867895, 0.247003, 2.509260, 2.293407, E
1.412168, 1.864356, 0.292230, 2.509260, 2.183057, E
1.412168, 1.679528, 0.226534, 2.509260, 2.433983, E
1.412168, 1.521286, 0.210211, 2.509260, 2.383797, E
1.412168, 1.376328, 0.186877, 2.509260, 2.433983, E
1.412168, 1.260354, 0.182477, 2.509260, 2.408890, E
1.412168, 1.235289, 0.169499, 2.509260, 2.107779, E
1.412168, 1.397776, 0.220285, 2.509260, 1.631019, E
1.412168, 1.666703, 0.280131, 2.509260, 1.318388, E
1.412168, 1.918021, 0.328736, 2.509260, 1.435506, E
1.412168, 2.011496, 0.290963, 2.509260, 1.814472, E
1.412168, 1.946863, 0.244980, 2.509260, 2.169108, E
1.412168, 1.731149, 0.205595, 2.509260, 2.509260, E
1.412168, 1.532437, 0.193517, 2.509260, 2.459075, E
1.412168, 1.359102, 0.187765, 2.509260, 2.457134, E
1.412168, 1.250459, 0.209530, 2.509260, 2.339890, E
1.412168, 1.179397, 0.197209, 2.509260, 2.283427, E
1.412168, 1.095124, 0.179124, 2.509260, 2.358705, E
1.412168, 1.075679, 0.163348, 2.509260, 2.233242, E
1.412168, 1.068891, 0.149273, 2.509260, 2.147990, E
1.412168, 1.101574, 0.155701, 2.509260, 2.082686, E
1.412168, 1.093411, 0.156669, 2.509260, 2.210876, E
1.412168, 1.016425, 0.140510, 2.509260, 2.383797, E
1.412168, 0.876549, 0.117775, 2.509260, 2.509260, E
1.412168, 0.805655, 0.114434, 2.509260, 2.333612, E
1.412168, 0.725982, 0.088011, 2.509260, 2.410530, E
1.412168, 0.695904, 0.100600, 2.509260, 2.229585, E
1.412168, 0.675866, 0.095216, 2.509260, 2.183057, E
1.412168, 0.617384, 0.092233, 2.509260, 2.390697, E
1.412168, 0.594869, 0.084073, 2.509260, 2.233242, E
1.412168, 0.583064, 0.076664, 2.509260, 2.200065, E
1.412168, 0.573598, 0.084913, 2.509260, 2.166954, E
1.412168, 0.634034, 0.105395, 2.509260, 1.781288, E
1.412168, 0.704634, 0.129058, 2.509260, 1.597843, E
1.412168, 0.702749, 0.113334, 2.509260, 2.049509, E
1.412168, 0.777980, 0.118919, 2.509260, 1.557729, E
1.412168, 0.908958, 0.158972, 2.509260, 1.472380, E
