amtProduced_need, avg_price, sd, consumption_rate, consumed, char
0.724490, 3.065411, 0.828817, 2.632789, 2.262433, G
0.724490, 3.145309, 0.584770, 2.632789, 2.171492, G
0.724490, 3.448155, 0.539063, 2.632789, 1.813298, G
0.724490, 3.864993, 0.545898, 2.632789, 1.705842, G
0.724490, 4.400136, 0.652781, 2.632789, 1.402024, G
0.724490, 4.965503, 0.663278, 2.632789, 1.573153, G
0.724490, 4.530162, 0.553866, 2.632789, 2.472637, G
0.724490, 4.091651, 0.598015, 2.632789, 2.553805, G
0.724490, 3.648448, 0.466343, 2.632789, 2.580133, G
0.724490, 3.393523, 0.425711, 2.632789, 2.527477, G
0.724490, 3.281879, 0.439404, 2.632789, 2.358502, G
0.724490, 3.328060, 0.445637, 2.632789, 2.026161, G
0.724490, 3.396883, 0.502942, 2.632789, 2.101404, G
0.724490, 3.892463, 0.578593, 2.632789, 1.607051, G
0.724490, 4.350428, 0.539769, 2.632789, 1.733549, G
0.724490, 4.973124, 0.682960, 2.632789, 1.581718, G
0.724490, 5.512460, 0.792130, 2.632789, 1.742093, G
0.724490, 4.789147, 0.641330, 2.632789, 2.582997, G
0.724490, 4.084451, 0.551297, 2.632789, 2.580133, G
0.724490, 3.404680, 0.463054, 2.632789, 2.632789, G
0.724490, 2.923058, 0.417308, 2.632789, 2.581761, G
0.724490, 2.595414, 0.415047, 2.632789, 2.501149, G
0.724490, 2.253909, 0.331952, 2.632789, 2.606461, G
0.724490, 1.952699, 0.271253, 2.632789, 2.632789, G
0.724490, 1.737802, 0.244120, 2.632789, 2.527477, G
0.724490, 1.597550, 0.206893, 2.632789, 2.501149, G
0.724490, 1.549460, 0.228212, 2.632789, 2.392822, G
0.724490, 1.488266, 0.236897, 2.632789, 2.352226, G
0.724490, 1.418108, 0.217565, 2.632789, 2.369510, G
0.724490, 1.356890, 0.197940, 2.632789, 2.369510, G
0.724490, 1.349145, 0.223048, 2.632789, 2.237871, G
0.724490, 1.388298, 0.271026, 2.632789, 2.122082, G
0.724490, 1.419733, 0.217176, 2.632789, 2.053069, G
0.724490, 1.490475, 0.239247, 2.632789, 2.041507, G
0.724490, 1.711946, 0.282076, 2.632789, 1.503425, G
0.724490, 1.981694, 0.318103, 2.632789, 1.442486, G
0.724490, 2.379305, 0.335344, 2.632789, 1.262652, G
0.724490, 2.929257, 0.410020, 2.632789, 1.104685, G
0.724490, 3.642267, 0.529248, 2.632789, 1.131013, G
0.724490, 4.023537, 0.639910, 2.632789, 1.756562, G
0.724490, 3.592750, 0.494766, 2.632789, 2.580133, G
0.724490, 3.007240, 0.389014, 2.632789, 2.606461, G
0.724490, 2.717209, 0.341786, 2.632789, 2.527477, G
0.724490, 2.543647, 0.330263, 2.632789, 2.310581, G
0.724490, 2.327659, 0.320498, 2.632789, 2.474821, G
0.724490, 2.284989, 0.281935, 2.632789, 2.338625, G
0.724490, 2.314116, 0.290958, 2.632789, 2.195912, G
0.724490, 2.604759, 0.408588, 2.632789, 1.685449, G
0.724490, 2.548569, 0.332042, 2.632789, 2.195912, G
0.724490, 2.370380, 0.269633, 2.632789, 2.491239, G
0.724490, 2.137847, 0.261027, 2.632789, 2.580133, G
0.724490, 1.894260, 0.238411, 2.632789, 2.549221, G
0.724490, 1.820872, 0.286720, 2.632789, 2.292073, G
0.724490, 1.657458, 0.237172, 2.632789, 2.580133, G
0.724490, 1.546215, 0.200744, 2.632789, 2.422166, G
0.724490, 1.487859, 0.207701, 2.632789, 2.334889, G
0.724490, 1.506464, 0.218965, 2.632789, 1.962797, G
0.724490, 1.699840, 0.241822, 2.632789, 1.675910, G
0.724490, 1.920653, 0.294970, 2.632789, 1.501820, G
0.724490, 2.366503, 0.402484, 2.632789, 1.111830, G
0.724490, 2.417765, 0.359689, 2.632789, 2.103215, G
0.724490, 2.264689, 0.308605, 2.632789, 2.417832, G
0.724490, 2.057169, 0.278028, 2.632789, 2.430415, G
0.724490, 1.843782, 0.277878, 2.632789, 2.524461, G
0.724490, 1.628952, 0.225629, 2.632789, 2.580133, G
0.724490, 1.446746, 0.208192, 2.632789, 2.629773, G
0.724490, 1.334604, 0.180651, 2.632789, 2.448494, G
0.724490, 1.297328, 0.165571, 2.632789, 2.343182, G
0.724490, 1.238588, 0.165489, 2.632789, 2.369510, G
0.724490, 1.302205, 0.185501, 2.632789, 1.956628, G
0.724490, 1.511151, 0.220145, 2.632789, 1.494630, G
0.724490, 1.766440, 0.259345, 2.632789, 1.525931, G
0.724490, 1.884173, 0.269107, 2.632789, 1.939370, G
0.724490, 1.768993, 0.226262, 2.632789, 2.462933, G
0.724490, 1.626173, 0.208434, 2.632789, 2.483583, G
0.724490, 1.540267, 0.195593, 2.632789, 2.369510, G
0.724490, 1.553303, 0.203281, 2.632789, 2.142942, G
0.724490, 1.606902, 0.198490, 2.632789, 2.102843, G
0.724490, 1.569166, 0.209058, 2.632789, 2.357189, G
0.724490, 1.401735, 0.186717, 2.632789, 2.510968, G
0.724490, 1.274487, 0.168962, 2.632789, 2.501149, G
0.724490, 1.136561, 0.160433, 2.632789, 2.527477, G
0.724490, 1.005444, 0.151503, 2.632789, 2.580133, G
0.724490, 0.902526, 0.140714, 2.632789, 2.527477, G
0.724490, 0.850312, 0.128346, 2.632789, 2.446551, G
0.724490, 0.832419, 0.126081, 2.632789, 2.395135, G
0.724490, 0.859447, 0.165791, 2.632789, 2.167984, G
0.724490, 0.900047, 0.132376, 2.632789, 2.048969, G
0.724490, 1.065398, 0.181271, 2.632789, 1.446333, G
0.724490, 0.971886, 0.155987, 2.632789, 2.437692, G
0.724490, 0.811292, 0.131904, 2.632789, 2.606461, G
0.724490, 0.641720, 0.091569, 2.632789, 2.632789, G
0.724490, 0.506947, 0.082577, 2.632789, 2.632789, G
0.724490, 0.414702, 0.072370, 2.632789, 2.632789, G
0.724490, 0.343129, 0.060569, 2.632789, 2.632789, G
0.724490, 0.284021, 0.051902, 2.632789, 2.606461, G
0.724490, 0.235935, 0.043022, 2.632789, 2.632789, G
0.724490, 0.196355, 0.037040, 2.632789, 2.632789, G
0.724490, 0.168344, 0.031514, 2.632789, 2.632789, G
0.724490, 0.146504, 0.025401, 2.632789, 2.632789, G
