amtProduced_need, avg_price, sd, consumption_rate, consumed, char
0.688203, 3.331937, 0.841205, 4.042147, 1.977702, I
0.688203, 3.781239, 0.659045, 4.042147, 2.115184, I
0.688203, 3.900680, 0.509452, 4.042147, 2.755248, I
0.688203, 4.492068, 0.643119, 4.042147, 2.097822, I
0.688203, 4.953798, 0.678913, 4.042147, 2.556721, I
0.688203, 4.238260, 0.524586, 4.042147, 4.013729, I
0.688203, 3.703878, 0.483307, 4.042147, 3.962491, I
0.688203, 3.227322, 0.463545, 4.042147, 3.957350, I
0.688203, 2.977643, 0.435819, 4.042147, 3.794331, I
0.688203, 2.780696, 0.424375, 4.042147, 3.779641, I
0.688203, 2.630402, 0.381022, 4.042147, 3.801628, I
0.688203, 2.630105, 0.433344, 4.042147, 3.451430, I
0.688203, 2.764766, 0.450472, 4.042147, 2.922151, I
0.688203, 3.112283, 0.521464, 4.042147, 2.568784, I
0.688203, 3.728249, 0.597396, 4.042147, 2.114427, I
0.688203, 4.186577, 0.665453, 4.042147, 2.457364, I
0.688203, 4.827459, 0.797063, 4.042147, 2.309673, I
0.688203, 4.948852, 0.640369, 4.042147, 3.170370, I
0.688203, 4.570743, 0.607137, 4.042147, 3.718775, I
0.688203, 4.289262, 0.533429, 4.042147, 3.591453, I
0.688203, 4.251621, 0.572242, 4.042147, 3.463999, I
0.688203, 4.255435, 0.608743, 4.042147, 3.157141, I
0.688203, 4.539925, 0.588412, 4.042147, 2.950045, I
0.688203, 5.125874, 0.666710, 4.042147, 2.365002, I
0.688203, 4.968350, 0.535324, 4.042147, 3.416571, I
0.688203, 4.606671, 0.572855, 4.042147, 3.679982, I
0.688203, 4.504484, 0.561631, 4.042147, 3.340521, I
0.688203, 4.856426, 0.668810, 4.042147, 2.768472, I
0.688203, 4.700839, 0.667569, 4.042147, 3.435825, I
0.688203, 4.538854, 0.558598, 4.042147, 3.472465, I
0.688203, 4.522211, 0.548754, 4.042147, 3.331873, I
0.688203, 4.439837, 0.535182, 4.042147, 3.507606, I
0.688203, 4.295707, 0.435078, 4.042147, 3.454570, I
0.688203, 3.882900, 0.462700, 4.042147, 3.777503, I
0.688203, 3.741837, 0.465823, 4.042147, 3.524691, I
0.688203, 3.316016, 0.418953, 4.042147, 3.949459, I
0.688203, 3.050083, 0.431117, 4.042147, 3.767543, I
0.688203, 2.894286, 0.410828, 4.042147, 3.675052, I
0.688203, 2.738918, 0.326026, 4.042147, 3.637932, I
0.688203, 2.823691, 0.465544, 4.042147, 3.120762, I
0.688203, 2.986734, 0.503460, 4.042147, 2.965340, I
0.688203, 3.243345, 0.498276, 4.042147, 2.699648, I
0.688203, 3.286774, 0.444611, 4.042147, 3.246890, I
0.688203, 2.917053, 0.363208, 4.042147, 3.920882, I
0.688203, 2.524071, 0.321242, 4.042147, 3.915780, I
0.688203, 2.357190, 0.296690, 4.042147, 3.718775, I
0.688203, 2.261138, 0.258996, 4.042147, 3.721312, I
0.688203, 2.312054, 0.337978, 4.042147, 3.133663, I
0.688203, 2.351631, 0.315085, 4.042147, 3.254711, I
0.688203, 2.343346, 0.315015, 4.042147, 3.403439, I
0.688203, 2.213686, 0.296641, 4.042147, 3.629579, I
0.688203, 2.148743, 0.332944, 4.042147, 3.607644, I
0.688203, 2.006596, 0.265269, 4.042147, 3.676470, I
0.688203, 2.087860, 0.318196, 4.042147, 3.018319, I
0.688203, 2.453850, 0.332974, 4.042147, 1.930747, I
0.688203, 3.179686, 0.428090, 4.042147, 1.179894, I
0.688203, 2.851594, 0.367240, 4.042147, 3.860524, I
0.688203, 2.338443, 0.307502, 4.042147, 4.042147, I
0.688203, 1.849619, 0.254149, 4.042147, 4.042147, I
0.688203, 1.490119, 0.230977, 4.042147, 4.042147, I
0.688203, 1.208505, 0.203748, 4.042147, 4.042147, I
0.688203, 1.001230, 0.183624, 4.042147, 4.042147, I
0.688203, 0.816872, 0.158710, 4.042147, 4.042147, I
0.688203, 0.700214, 0.133089, 4.042147, 4.001725, I
0.688203, 0.633685, 0.107567, 4.042147, 3.893968, I
0.688203, 0.612799, 0.104275, 4.042147, 3.597339, I
0.688203, 0.604121, 0.086884, 4.042147, 3.550362, I
0.688203, 0.654236, 0.105213, 4.042147, 2.773546, I
0.688203, 0.785343, 0.112040, 4.042147, 2.015579, I
0.688203, 0.991483, 0.161864, 4.042147, 1.651377, I
0.688203, 1.303035, 0.186006, 4.042147, 1.094527, I
0.688203, 1.798083, 0.258022, 4.042147, 0.839159, I
0.688203, 1.849833, 0.221465, 4.042147, 2.865490, I
0.688203, 2.061910, 0.258210, 4.042147, 2.357411, I
0.688203, 2.008413, 0.260193, 4.042147, 3.410155, I
0.688203, 1.780556, 0.218763, 4.042147, 3.917992, I
0.688203, 1.565307, 0.191850, 4.042147, 3.928580, I
0.688203, 1.393429, 0.179706, 4.042147, 3.931909, I
0.688203, 1.283639, 0.175405, 4.042147, 3.862299, I
0.688203, 1.255420, 0.157760, 4.042147, 3.658238, I
0.688203, 1.277533, 0.169704, 4.042147, 3.263989, I
0.688203, 1.410463, 0.211484, 4.042147, 2.646012, I
0.688203, 1.368723, 0.159055, 4.042147, 3.525476, I
0.688203, 1.148767, 0.138247, 4.042147, 4.042147, I
0.688203, 0.961289, 0.131326, 4.042147, 4.042147, I
0.688203, 0.820705, 0.120951, 4.042147, 4.015523, I
0.688203, 0.716702, 0.118818, 4.042147, 3.968909, I
0.688203, 0.661528, 0.099377, 4.042147, 3.866313, I
0.688203, 0.641230, 0.101286, 4.042147, 3.564428, I
0.688203, 0.672396, 0.102191, 4.042147, 3.132193, I
0.688203, 0.818269, 0.129020, 4.042147, 1.781797, I
0.688203, 0.984354, 0.134086, 4.042147, 1.831898, I
0.688203, 0.891048, 0.119110, 4.042147, 3.776684, I
0.688203, 0.756557, 0.100233, 4.042147, 4.001725, I
0.688203, 0.637026, 0.093377, 4.042147, 4.015523, I
0.688203, 0.542854, 0.080243, 4.042147, 4.042147, I
0.688203, 0.461437, 0.066417, 4.042147, 4.042147, I
0.688203, 0.402221, 0.056889, 4.042147, 3.973307, I
0.688203, 0.363371, 0.050043, 4.042147, 3.961304, I
0.688203, 0.332165, 0.046064, 4.042147, 3.759196, I
