0.883466, 2.833712, 0.748783, 2.978407, 2.317110, A
1.690001, 2.747178, 0.865058, 1.912332, 1.721099, B
0.793129, 3.186214, 0.793012, 2.021896, 1.612706, C
1.124094, 3.080492, 0.832222, 2.585320, 2.068565, D
1.412168, 2.797777, 0.789420, 2.509260, 2.383797, E
0.453340, 3.606076, 1.094686, 4.986297, 1.856148, F
0.724490, 3.065411, 0.828817, 2.632789, 2.262433, G
0.736620, 3.799433, 1.159872, 4.087576, 1.178727, H
0.688203, 3.331937, 0.841205, 4.042147, 1.977702, I
0.726488, 3.450966, 0.851707, 2.240037, 1.366010, J
0.883466, 3.082085, 0.665269, 2.978407, 1.939999, A
1.690001, 2.627497, 0.613240, 1.912332, 1.742200, B
0.793129, 3.261137, 0.660466, 2.021896, 1.657954, C
1.124094, 3.258359, 0.683088, 2.585320, 1.822042, D
1.412168, 2.569585, 0.542965, 2.509260, 2.381598, E
0.453340, 3.741093, 0.701599, 4.986297, 3.400309, F
0.724490, 3.145309, 0.584770, 2.632789, 2.171492, G
0.736620, 4.332280, 0.972828, 4.087576, 2.232796, H
0.688203, 3.781239, 0.659045, 4.042147, 2.115184, I
0.726488, 3.683551, 0.730632, 2.240037, 1.584338, J
0.883466, 3.425645, 0.589122, 2.978407, 1.915308, A
1.690001, 2.623875, 0.525824, 1.912332, 1.674499, B
0.793129, 3.320353, 0.679934, 2.021896, 1.688487, C
1.124094, 3.738858, 0.770636, 2.585320, 1.503482, D
1.412168, 2.554214, 0.369140, 2.509260, 2.171767, E
0.453340, 3.921927, 0.530329, 4.986297, 3.180234, F
0.724490, 3.448155, 0.539063, 2.632789, 1.813298, G
0.736620, 4.300612, 0.641161, 4.087576, 3.231811, H
0.688203, 3.900680, 0.509452, 4.042147, 2.755248, I
0.726488, 3.948642, 0.745371, 2.240037, 1.560789, J
0.883466, 4.323999, 0.769241, 2.978407, 1.178332, A
1.690001, 2.566091, 0.433123, 1.912332, 1.701976, B
0.793129, 3.323133, 0.562581, 2.021896, 1.779268, C
1.124094, 4.289557, 0.677413, 2.585320, 1.499485, D
1.412168, 2.520712, 0.368183, 2.509260, 2.143744, E
0.453340, 3.678200, 0.435959, 4.986297, 4.433842, F
0.724490, 3.864993, 0.545898, 2.632789, 1.705842, G
0.736620, 4.169316, 0.526122, 4.087576, 3.459068, H
0.688203, 4.492068, 0.643119, 4.042147, 2.097822, I
0.726488, 3.740621, 0.686243, 2.240037, 1.993633, J
0.883466, 4.615511, 0.826938, 2.978407, 2.166983, A
1.690001, 2.496393, 0.436468, 1.912332, 1.678402, B
0.793129, 3.383162, 0.545429, 2.021896, 1.585223, C
1.124094, 4.081517, 0.518312, 2.585320, 2.341156, D
1.412168, 2.662639, 0.445268, 2.509260, 1.865063, E
0.453340, 3.605456, 0.433082, 4.986297, 3.981194, F
0.724490, 4.400136, 0.652781, 2.632789, 1.402024, G
0.736620, 4.198966, 0.477015, 4.087576, 3.161074, H
0.688203, 4.953798, 0.678913, 4.042147, 2.556721, I
0.726488, 3.386050, 0.516218, 2.240037, 2.150436, J
0.883466, 4.539675, 0.671370, 2.978407, 2.550318, A
1.690001, 2.411494, 0.400428, 1.912332, 1.682853, B
0.793129, 3.399210, 0.578089, 2.021896, 1.657954, C
1.124094, 4.451466, 0.720703, 2.585320, 1.663160, D
1.412168, 2.872280, 0.414071, 2.509260, 1.724046, E
0.453340, 3.829828, 0.568741, 4.986297, 3.220317, F
0.724490, 4.965503, 0.663278, 2.632789, 1.573153, G
0.736620, 4.645601, 0.557899, 4.087576, 2.305988, H
0.688203, 4.238260, 0.524586, 4.042147, 4.013729, I
0.726488, 3.085826, 0.456301, 2.240037, 2.091170, J
0.883466, 4.316213, 0.656828, 2.978407, 2.715456, A
1.690001, 2.468412, 0.382903, 1.912332, 1.487169, B
0.793129, 3.577857, 0.707219, 2.021896, 1.475984, C
1.124094, 5.311238, 0.850124, 2.585320, 1.274391, D
1.412168, 3.500328, 0.533002, 2.509260, 1.090785, E
0.453340, 4.421355, 0.645730, 4.986297, 2.440420, F
0.724490, 4.530162, 0.553866, 2.632789, 2.472637, G
0.736620, 4.906100, 0.693689, 4.087576, 2.847926, H
0.688203, 3.703878, 0.483307, 4.042147, 3.962491, I
0.726488, 2.927479, 0.537301, 2.240037, 2.058387, J
0.883466, 4.244219, 0.688987, 2.978407, 2.542377, A
1.690001, 2.601587, 0.461137, 1.912332, 1.510059, B
0.793129, 3.863420, 0.616053, 2.021896, 1.347641, C
1.124094, 5.218545, 0.819917, 2.585320, 2.239189, D
1.412168, 4.690669, 0.693069, 2.509260, 0.585341, E
0.453340, 5.076739, 0.789246, 4.986297, 2.523005, F
0.724490, 4.091651, 0.598015, 2.632789, 2.553805, G
0.736620, 4.588061, 0.584804, 4.087576, 3.602494, H
0.688203, 3.227322, 0.463545, 4.042147, 3.957350, I
0.726488, 3.036605, 0.542054, 2.240037, 1.805778, J
0.883466, 4.754952, 0.784563, 2.978407, 1.890054, A
1.690001, 2.785630, 0.443567, 1.912332, 1.336086, B
0.793129, 4.426952, 0.799821, 2.021896, 1.172699, C
1.124094, 4.490925, 0.550597, 2.585320, 2.559466, D
1.412168, 5.288893, 0.904394, 2.509260, 1.483264, E
0.453340, 4.991914, 0.644755, 4.986297, 3.867266, F
0.724490, 3.648448, 0.466343, 2.632789, 2.580133, G
0.736620, 4.548884, 0.590801, 4.087576, 3.227989, H
0.688203, 2.977643, 0.435819, 4.042147, 3.794331, I
0.726488, 3.069073, 0.444287, 2.240037, 1.827081, J
0.883466, 4.733888, 0.641814, 2.978407, 2.499184, A
1.690001, 3.362160, 0.526802, 1.912332, 1.002092, B
0.793129, 4.587549, 0.621114, 2.021896, 1.569186, C
1.124094, 4.090024, 0.525083, 2.585320, 2.506355, D
1.412168, 5.277055, 0.622503, 2.509260, 2.012123, E
0.453340, 4.650398, 0.539609, 4.986297, 4.407950, F
0.724490, 3.393523, 0.425711, 2.632789, 2.527477, G
0.736620, 4.816219, 0.629248, 4.087576, 2.792017, H
0.688203, 2.780696, 0.424375, 4.042147, 3.779641, I
0.726488, 3.512380, 0.598969, 2.240037, 1.341945, J
0.883466, 4.505083, 0.707944, 2.978407, 2.740134, A
1.690001, 4.073441, 0.626190, 1.912332, 0.975290, B
0.793129, 4.969324, 0.809439, 2.021896, 1.395108, C
1.124094, 3.720130, 0.539806, 2.585320, 2.456054, D
1.412168, 5.106429, 0.590761, 2.509260, 2.302879, E
0.453340, 4.238694, 0.491709, 4.986297, 4.600069, F
0.724490, 3.281879, 0.439404, 2.632789, 2.358502, G
0.736620, 5.505938, 0.803471, 4.087576, 2.137125, H
0.688203, 2.630402, 0.381022, 4.042147, 3.801628, I
0.726488, 4.075432, 0.764226, 2.240037, 1.365946, J
0.883466, 4.606840, 0.678142, 2.978407, 2.346969, A
1.690001, 4.821076, 0.735954, 1.912332, 0.994413, B
0.793129, 4.913754, 0.709799, 2.021896, 1.703487, C
1.124094, 3.561859, 0.507757, 2.585320, 2.325105, D
1.412168, 4.841866, 0.586891, 2.509260, 2.283427, E
0.453340, 4.024646, 0.499543, 4.986297, 4.248430, F
0.724490, 3.328060, 0.445637, 2.632789, 2.026161, G
0.736620, 5.267347, 0.688628, 4.087576, 3.613152, H
0.688203, 2.630105, 0.433344, 4.042147, 3.451430, I
0.726488, 4.729483, 0.710496, 2.240037, 1.216040, J
0.883466, 5.123805, 0.629527, 2.978407, 1.797715, A
1.690001, 5.038429, 0.733540, 1.912332, 1.397060, B
0.793129, 4.672439, 0.589155, 2.021896, 1.819706, C
1.124094, 3.597159, 0.577360, 2.585320, 2.207827, D
1.412168, 4.310287, 0.556153, 2.509260, 2.459075, E
0.453340, 4.157428, 0.572121, 4.986297, 3.560765, F
0.724490, 3.396883, 0.502942, 2.632789, 2.101404, G
0.736620, 4.605287, 0.549870, 4.087576, 3.907527, H
0.688203, 2.764766, 0.450472, 4.042147, 2.922151, I
0.726488, 5.270581, 0.840032, 2.240037, 1.478425, J
0.883466, 4.812200, 0.616278, 2.978407, 2.682142, A
1.690001, 5.596189, 0.886017, 1.912332, 1.276696, B
0.793129, 4.503393, 0.591369, 2.021896, 1.783291, C
1.124094, 3.540562, 0.621033, 2.585320, 2.275665, D
1.412168, 3.977288, 0.611263, 2.509260, 2.408890, E
0.453340, 4.407428, 0.622303, 4.986297, 3.181633, F
0.724490, 3.892463, 0.578593, 2.632789, 1.607051, G
0.736620, 4.224176, 0.554828, 4.087576, 3.852215, H
0.688203, 3.112283, 0.521464, 4.042147, 2.568784, I
0.726488, 4.961201, 0.787889, 2.240037, 1.980944, J
0.883466, 4.488643, 0.573235, 2.978407, 2.761918, A
1.690001, 5.000137, 0.774527, 1.912332, 1.858099, B
0.793129, 4.299990, 0.531117, 2.021896, 1.785281, C
1.124094, 3.517687, 0.627577, 2.585320, 2.209232, D
1.412168, 3.644740, 0.497327, 2.509260, 2.408890, E
0.453340, 5.243050, 0.811626, 4.986297, 2.356200, F
0.724490, 4.350428, 0.539769, 2.632789, 1.733549, G
0.736620, 3.863997, 0.516819, 4.087576, 3.991761, H
0.688203, 3.728249, 0.597396, 4.042147, 2.114427, I
0.726488, 4.484973, 0.716126, 2.240037, 2.112619, J
0.883466, 4.277518, 0.531408, 2.978407, 2.718505, A
1.690001, 4.322370, 0.649412, 1.912332, 1.893209, B
0.793129, 4.248149, 0.596362, 2.021896, 1.680586, C
1.124094, 3.610656, 0.624828, 2.585320, 2.018066, D
1.412168, 3.355726, 0.477056, 2.509260, 2.342086, E
0.453340, 5.329297, 0.697204, 4.986297, 3.606908, F
0.724490, 4.973124, 0.682960, 2.632789, 1.581718, G
0.736620, 3.680229, 0.571069, 4.087576, 3.554862, H
0.688203, 4.186577, 0.665453, 4.042147, 2.457364, I
0.726488, 4.330416, 0.681495, 2.240037, 1.984407, J
0.883466, 4.153957, 0.516309, 2.978407, 2.644113, A
1.690001, 3.740541, 0.552395, 1.912332, 1.893209, B
0.793129, 3.977793, 0.553396, 2.021896, 1.860144, C
1.124094, 3.818085, 0.618169, 2.585320, 1.924847, D
1.412168, 3.103289, 0.462967, 2.509260, 2.313676, E
0.453340, 4.988871, 0.582459, 4.986297, 4.389414, F
0.724490, 5.512460, 0.792130, 2.632789, 1.742093, G
0.736620, 3.633332, 0.526538, 4.087576, 3.439950, H
0.688203, 4.827459, 0.797063, 4.042147, 2.309673, I
0.726488, 3.901045, 0.546507, 2.240037, 2.195237, J
0.883466, 4.315212, 0.554252, 2.978407, 2.340961, A
1.690001, 3.256549, 0.556119, 1.912332, 1.874086, B
0.793129, 3.836374, 0.578845, 2.021896, 1.720220, C
1.124094, 4.232082, 0.669952, 2.585320, 1.706173, D
1.412168, 3.222353, 0.451029, 2.509260, 1.963493, E
0.453340, 4.579880, 0.509008, 4.986297, 4.798910, F
0.724490, 4.789147, 0.641330, 2.632789, 2.582997, G
0.736620, 3.911674, 0.626750, 4.087576, 3.008016, H
0.688203, 4.948852, 0.640369, 4.042147, 3.170370, I
0.726488, 3.521958, 0.515390, 2.240037, 2.149577, J
0.883466, 4.672866, 0.693500, 2.978407, 2.078731, A
1.690001, 2.804774, 0.439875, 1.912332, 1.912332, B
0.793129, 4.101241, 0.671859, 2.021896, 1.525923, C
1.124094, 4.599355, 0.798017, 2.585320, 1.873670, D
1.412168, 3.639397, 0.464430, 2.509260, 1.588745, E
0.453340, 4.408320, 0.499859, 4.986297, 4.120267, F
0.724490, 4.084451, 0.551297, 2.632789, 2.580133, G
0.736620, 4.171265, 0.607623, 4.087576, 2.682806, H
0.688203, 4.570743, 0.607137, 4.042147, 3.718775, I
0.726488, 3.345230, 0.529375, 2.240037, 2.048218, J
0.883466, 4.227939, 0.574388, 2.978407, 2.874493, A
1.690001, 2.505224, 0.404507, 1.912332, 1.835839, B
0.793129, 4.311061, 0.578751, 2.021896, 1.412587, C
1.124094, 4.395788, 0.688888, 2.585320, 2.279809, D
1.412168, 4.591957, 0.716190, 2.509260, 1.071613, E
0.453340, 4.608919, 0.517020, 4.986297, 3.427677, F
0.724490, 3.404680, 0.463054, 2.632789, 2.632789, G
0.736620, 4.204452, 0.655969, 4.087576, 3.194791, H
0.688203, 4.289262, 0.533429, 4.042147, 3.591453, I
0.726488, 3.308847, 0.502145, 2.240037, 1.926432, J
0.883466, 4.039993, 0.581615, 2.978407, 2.679514, A
1.690001, 2.274876, 0.357623, 1.912332, 1.809420, B
0.793129, 4.413760, 0.551789, 2.021896, 1.617517, C
1.124094, 4.275245, 0.672383, 2.585320, 2.264934, D
1.412168, 5.409442, 0.722262, 2.509260, 1.364336, E
0.453340, 4.313346, 0.542217, 4.986297, 4.459075, F
0.724490, 2.923058, 0.417308, 2.632789, 2.581761, G
0.736620, 4.360497, 0.655769, 4.087576, 2.953479, H
0.688203, 4.251621, 0.572242, 4.042147, 3.463999, I
0.726488, 3.377760, 0.561190, 2.240037, 1.836831, J
0.883466, 4.033359, 0.582217, 2.978407, 2.510222, A
1.690001, 2.213905, 0.356125, 1.912332, 1.700839, B
0.793129, 4.938835, 0.662599, 2.021896, 1.314232, C
1.124094, 4.088379, 0.542168, 2.585320, 2.347569, D
1.412168, 4.896624, 0.561475, 2.509260, 2.395571, E
0.453340, 4.215790, 0.478379, 4.986297, 4.062396, F
0.724490, 2.595414, 0.415047, 2.632789, 2.501149, G
0.736620, 4.655181, 0.689079, 4.087576, 2.807922, H
0.688203, 4.255435, 0.608743, 4.042147, 3.157141, I
0.726488, 3.385460, 0.574523, 2.240037, 1.948833, J
0.883466, 4.074518, 0.558658, 2.978407, 2.460976, A
1.690001, 2.117102, 0.326778, 1.912332, 1.701976, B
0.793129, 4.516363, 0.523300, 2.021896, 1.991615, C
1.124094, 4.315310, 0.680583, 2.585320, 1.934619, D
1.412168, 4.249015, 0.462221, 2.509260, 2.459075, E
0.453340, 4.680482, 0.696650, 4.986297, 3.210414, F
0.724490, 2.253909, 0.331952, 2.632789, 2.606461, G
0.736620, 4.628744, 0.676535, 4.087576, 3.391667, H
0.688203, 4.539925, 0.588412, 4.042147, 2.950045, I
0.726488, 3.516735, 0.559436, 2.240037, 1.715899, J
0.883466, 4.196334, 0.595966, 2.978407, 2.306732, A
1.690001, 2.050787, 0.307503, 1.912332, 1.625483, B
0.793129, 4.058582, 0.524756, 2.021896, 1.943061, C
1.124094, 4.557873, 0.611493, 2.585320, 1.872721, D
1.412168, 3.639476, 0.437717, 2.509260, 2.459522, E
0.453340, 5.037388, 0.684901, 4.986297, 3.343272, F
0.724490, 1.952699, 0.271253, 2.632789, 2.632789, G
0.736620, 4.309714, 0.532543, 4.087576, 3.586803, H
0.688203, 5.125874, 0.666710, 4.042147, 2.365002, I
0.726488, 3.903429, 0.565487, 2.240037, 1.523225, J
0.883466, 4.529129, 0.736192, 2.978407, 2.114669, A
1.690001, 2.038239, 0.298367, 1.912332, 1.644606, B
0.793129, 3.606534, 0.480347, 2.021896, 1.961239, C
1.124094, 5.366984, 0.777523, 2.585320, 1.260028, D
1.412168, 3.184518, 0.399543, 2.509260, 2.502656, E
0.453340, 5.029350, 0.616650, 4.986297, 4.056485, F
0.724490, 1.737802, 0.244120, 2.632789, 2.527477, G
0.736620, 4.169203, 0.565029, 4.087576, 3.601299, H
0.688203, 4.968350, 0.535324, 4.042147, 3.416571, I
0.726488, 4.391051, 0.845034, 2.240037, 1.464096, J
0.883466, 4.312025, 0.598083, 2.978407, 2.724342, A
1.690001, 2.082674, 0.386286, 1.912332, 1.568113, B
0.793129, 3.451163, 0.509700, 2.021896, 1.790679, C
1.124094, 5.300097, 0.839429, 2.585320, 2.136828, D
1.412168, 2.885846, 0.379372, 2.509260, 2.433983, E
0.453340, 5.163678, 0.648966, 4.986297, 3.875498, F
0.724490, 1.597550, 0.206893, 2.632789, 2.501149, G
0.736620, 4.405427, 0.549532, 4.087576, 2.977000, H
0.688203, 4.606671, 0.572855, 4.042147, 3.679982, I
0.726488, 4.917148, 0.757049, 2.240037, 1.374818, J
0.883466, 4.294595, 0.603901, 2.978407, 2.620998, A
1.690001, 2.103303, 0.305996, 1.912332, 1.603687, B
0.793129, 3.260980, 0.529742, 2.021896, 1.839925, C
1.124094, 5.177120, 0.859954, 2.585320, 2.108407, D
1.412168, 2.622871, 0.417339, 2.509260, 2.392008, E
0.453340, 4.916068, 0.608308, 4.986297, 4.387472, F
0.724490, 1.549460, 0.228212, 2.632789, 2.392822, G
0.736620, 4.637362, 0.644669, 4.087576, 3.061963, H
0.688203, 4.504484, 0.561631, 4.042147, 3.340521, I
0.726488, 5.114489, 0.811109, 2.240037, 1.710823, J
0.883466, 4.500844, 0.710921, 2.978407, 2.407212, A
1.690001, 2.231029, 0.330486, 1.912332, 1.472496, B
0.793129, 3.375374, 0.489756, 2.021896, 1.500425, C
1.124094, 4.778838, 0.670750, 2.585320, 2.404347, D
1.412168, 2.313521, 0.331662, 2.509260, 2.509260, E
0.453340, 4.595777, 0.579519, 4.986297, 4.340177, F
0.724490, 1.488266, 0.236897, 2.632789, 2.352226, G
0.736620, 4.375768, 0.548355, 4.087576, 3.735081, H
0.688203, 4.856426, 0.668810, 4.042147, 2.768472, I
0.726488, 4.932558, 0.748117, 2.240037, 1.993633, J
0.883466, 4.831468, 0.861418, 2.978407, 2.146318, A
1.690001, 2.365592, 0.384738, 1.912332, 1.412454, B
0.793129, 3.731774, 0.614465, 2.021896, 1.385367, C
1.124094, 4.371634, 0.650245, 2.585320, 2.438674, D
1.412168, 2.132923, 0.314163, 2.509260, 2.336946, E
0.453340, 4.722375, 0.618554, 4.986297, 3.718200, F
0.724490, 1.418108, 0.217565, 2.632789, 2.369510, G
0.736620, 4.178709, 0.564846, 4.087576, 3.519182, H
0.688203, 4.700839, 0.667569, 4.042147, 3.435825, I
0.726488, 4.356267, 0.639164, 2.240037, 2.195096, J
0.883466, 4.599667, 0.619685, 2.978407, 2.766434, A
1.690001, 2.695676, 0.435452, 1.912332, 1.223893, B
0.793129, 3.981422, 0.621918, 2.021896, 1.466242, C
1.124094, 4.062813, 0.634861, 2.585320, 2.358422, D
1.412168, 2.101007, 0.372386, 2.509260, 2.191267, E
0.453340, 4.735210, 0.653840, 4.986297, 3.854933, F
0.724490, 1.356890, 0.197940, 2.632789, 2.369510, G
0.736620, 4.084966, 0.566130, 4.087576, 3.505972, H
0.688203, 4.538854, 0.558598, 4.042147, 3.472465, I
0.726488, 3.954059, 0.572349, 2.240037, 2.123983, J
0.883466, 4.388772, 0.559147, 2.978407, 2.705255, A
1.690001, 3.090986, 0.521232, 1.912332, 1.164296, B
0.793129, 4.269464, 0.721663, 2.021896, 1.496203, C
1.124094, 4.029876, 0.628825, 2.585320, 2.187548, D
1.412168, 2.070517, 0.364774, 2.509260, 2.165541, E
0.453340, 4.458038, 0.629999, 4.986297, 4.428643, F
0.724490, 1.349145, 0.223048, 2.632789, 2.237871, G
0.736620, 4.139258, 0.533951, 4.087576, 3.336131, H
0.688203, 4.522211, 0.548754, 4.042147, 3.331873, I
0.726488, 3.494370, 0.501834, 2.240037, 2.172836, J
0.883466, 3.977388, 0.442051, 2.978407, 2.873179, A
1.690001, 3.734611, 0.631303, 1.912332, 1.019089, B
0.793129, 4.735157, 0.752520, 2.021896, 1.276948, C
1.124094, 3.780007, 0.490333, 2.585320, 2.300934, D
1.412168, 2.182083, 0.357756, 2.509260, 1.841712, E
0.453340, 4.067929, 0.541987, 4.986297, 4.561588, F
0.724490, 1.388298, 0.271026, 2.632789, 2.122082, G
0.736620, 4.270159, 0.654491, 4.087576, 3.140410, H
0.688203, 4.439837, 0.535182, 4.042147, 3.507606, I
0.726488, 3.073075, 0.478303, 2.240037, 2.150436, J
0.883466, 3.668483, 0.463810, 2.978407, 2.843404, A
1.690001, 4.353916, 0.682044, 1.912332, 1.001991, B
0.793129, 4.268298, 0.712391, 2.021896, 1.880363, C
1.124094, 3.541216, 0.505479, 2.585320, 2.283165, D
1.412168, 2.352166, 0.426008, 2.509260, 1.856853, E
0.453340, 3.703935, 0.444892, 4.986297, 4.761524, F
0.724490, 1.419733, 0.217176, 2.632789, 2.053069, G
0.736620, 4.248474, 0.512015, 4.087576, 3.165793, H
0.688203, 4.295707, 0.435078, 4.042147, 3.454570, I
0.726488, 2.788852, 0.441078, 2.240037, 2.128036, J
0.883466, 3.419708, 0.395697, 2.978407, 2.783827, A
1.690001, 4.427701, 0.515609, 1.912332, 1.548960, B
0.793129, 3.761827, 0.557801, 2.021896, 2.001677, C
1.124094, 3.824976, 0.542415, 2.585320, 1.836009, D
1.412168, 2.705008, 0.448869, 2.509260, 1.405186, E
0.453340, 3.664660, 0.497848, 4.986297, 4.013981, F
0.724490, 1.490475, 0.239247, 2.632789, 2.041507, G
0.736620, 3.992131, 0.467178, 4.087576, 3.668099, H
0.688203, 3.882900, 0.462700, 4.042147, 3.777503, I
0.726488, 2.601667, 0.376230, 2.240037, 2.105635, J
0.883466, 3.284759, 0.435344, 2.978407, 2.545253, A
1.690001, 4.021109, 0.448571, 1.912332, 1.835839, B
0.793129, 3.367961, 0.461632, 2.021896, 2.001677, C
1.124094, 4.278588, 0.673604, 2.585320, 1.602898, D
1.412168, 3.190355, 0.503842, 2.509260, 1.344437, E
0.453340, 3.867273, 0.539754, 4.986297, 3.424148, F
0.724490, 1.711946, 0.282076, 2.632789, 1.503425, G
0.736620, 3.692252, 0.444566, 4.087576, 3.784361, H
0.688203, 3.741837, 0.465823, 4.042147, 3.524691, I
0.726488, 2.510029, 0.361507, 2.240037, 1.993633, J
0.883466, 3.462428, 0.492518, 2.978407, 2.301404, A
1.690001, 3.478251, 0.367022, 1.912332, 1.898354, B
0.793129, 3.055470, 0.411262, 2.021896, 1.920801, C
1.124094, 3.715560, 0.513574, 2.585320, 2.585320, D
1.412168, 3.878003, 0.611127, 2.509260, 1.171268, E
0.453340, 4.143207, 0.537387, 4.986297, 3.464628, F
0.724490, 1.981694, 0.318103, 2.632789, 1.442486, G
0.736620, 3.397169, 0.502527, 4.087576, 3.769627, H
0.688203, 3.316016, 0.418953, 4.042147, 3.949459, I
0.726488, 2.518199, 0.437769, 2.240037, 1.904032, J
0.883466, 3.633189, 0.563252, 2.978407, 2.159300, A
1.690001, 3.065699, 0.409917, 1.912332, 1.854962, B
0.793129, 2.751687, 0.398644, 2.021896, 1.880363, C
1.124094, 3.292315, 0.468872, 2.585320, 2.475188, D
1.412168, 3.970150, 0.539858, 2.509260, 1.944420, E
0.453340, 3.896845, 0.455410, 4.986297, 4.197042, F
0.724490, 2.379305, 0.335344, 2.632789, 1.262652, G
0.736620, 3.393004, 0.439659, 4.087576, 3.223457, H
0.688203, 3.050083, 0.431117, 4.042147, 3.767543, I
0.726488, 2.608390, 0.463870, 2.240037, 1.768192, J
0.883466, 3.679026, 0.576614, 2.978407, 2.352941, A
1.690001, 2.810874, 0.343196, 1.912332, 1.820931, B
0.793129, 2.586176, 0.358985, 2.021896, 1.899483, C
1.124094, 2.920787, 0.414992, 2.585320, 2.507760, D
1.412168, 3.935565, 0.482773, 2.509260, 2.215151, E
0.453340, 3.428659, 0.485796, 4.986297, 4.786845, F
0.724490, 2.929257, 0.410020, 2.632789, 1.104685, G
0.736620, 3.821042, 0.564777, 4.087576, 2.456874, H
0.688203, 2.894286, 0.410828, 4.042147, 3.675052, I
0.726488, 2.687747, 0.484955, 2.240037, 1.769630, J
0.883466, 3.867640, 0.539520, 2.978407, 2.174812, A
1.690001, 2.634553, 0.376570, 1.912332, 1.743437, B
0.793129, 2.647855, 0.367974, 2.021896, 1.698392, C
1.124094, 2.639232, 0.433500, 2.585320, 2.430773, D
1.412168, 3.470625, 0.416657, 2.509260, 2.400806, E
0.453340, 3.063692, 0.473218, 4.986297, 4.854700, F
0.724490, 3.642267, 0.529248, 2.632789, 1.131013, G
0.736620, 3.732757, 0.433520, 4.087576, 3.577376, H
0.688203, 2.738918, 0.326026, 4.042147, 3.637932, I
0.726488, 2.876395, 0.493356, 2.240037, 1.562553, J
0.883466, 4.211926, 0.570019, 2.978407, 1.877013, A
1.690001, 2.516153, 0.357541, 1.912332, 1.759346, B
0.793129, 2.749207, 0.375086, 2.021896, 1.642229, C
1.124094, 2.492127, 0.420357, 2.585320, 2.399383, D
1.412168, 3.058330, 0.378012, 2.509260, 2.433983, E
0.453340, 2.882508, 0.442553, 4.986297, 4.468418, F
0.724490, 4.023537, 0.639910, 2.632789, 1.756562, G
0.736620, 3.349855, 0.363703, 4.087576, 3.995393, H
0.688203, 2.823691, 0.465544, 4.042147, 3.120762, I
0.726488, 3.147265, 0.495130, 2.240037, 1.477053, J
0.883466, 3.568877, 0.498228, 2.978407, 2.948622, A
1.690001, 2.435955, 0.353740, 1.912332, 1.721099, B
0.793129, 2.849529, 0.404999, 2.021896, 1.617517, C
1.124094, 2.428510, 0.375962, 2.585320, 2.268362, D
1.412168, 2.770954, 0.391480, 2.509260, 2.420438, E
0.453340, 2.845589, 0.466401, 4.986297, 4.244636, F
0.724490, 3.592750, 0.494766, 2.632789, 2.580133, G
0.736620, 3.014859, 0.406033, 4.087576, 3.915484, H
0.688203, 2.986734, 0.503460, 4.042147, 2.965340, I
0.726488, 3.558171, 0.637705, 2.240037, 1.441999, J
0.883466, 3.027048, 0.436221, 2.978407, 2.948622, A
1.690001, 2.467435, 0.382341, 1.912332, 1.618744, B
0.793129, 3.086919, 0.533873, 2.021896, 1.415327, C
1.124094, 2.503507, 0.397025, 2.585320, 2.102680, D
1.412168, 2.706222, 0.432038, 2.509260, 2.261797, E
0.453340, 2.872215, 0.463230, 4.986297, 4.078428, F
0.724490, 3.007240, 0.389014, 2.632789, 2.606461, G
0.736620, 2.831030, 0.375121, 4.087576, 3.747604, H
0.688203, 3.243345, 0.498276, 4.042147, 2.699648, I
0.726488, 3.658972, 0.624506, 2.240037, 1.835422, J
0.883466, 2.522830, 0.384153, 2.978407, 2.978407, A
1.690001, 2.550419, 0.386570, 1.912332, 1.434249, B
0.793129, 2.907635, 0.421204, 2.021896, 1.846962, C
1.124094, 2.506515, 0.381065, 2.585320, 2.188750, D
1.412168, 2.568144, 0.405416, 2.509260, 2.308520, E
0.453340, 3.183555, 0.543534, 4.986297, 3.070826, F
0.724490, 2.717209, 0.341786, 2.632789, 2.527477, G
0.736620, 2.688083, 0.361584, 4.087576, 3.693484, H
0.688203, 3.286774, 0.444611, 4.042147, 3.246890, I
0.726488, 3.194108, 0.462886, 2.240037, 2.240037, J
0.883466, 2.140019, 0.331878, 2.978407, 2.978407, A
1.690001, 2.538380, 0.355602, 1.912332, 1.701976, B
0.793129, 2.820503, 0.433631, 2.021896, 1.751564, C
1.124094, 2.668726, 0.453610, 2.585320, 1.779747, D
1.412168, 2.444333, 0.329562, 2.509260, 2.258334, E
0.453340, 3.244266, 0.425092, 4.986297, 3.414889, F
0.724490, 2.543647, 0.330263, 2.632789, 2.310581, G
0.736620, 2.655401, 0.368963, 4.087576, 3.494103, H
0.688203, 2.917053, 0.363208, 4.042147, 3.920882, I
0.726488, 2.678637, 0.366137, 2.240037, 2.240037, J
0.883466, 1.901334, 0.311778, 2.978407, 2.939426, A
1.690001, 2.451926, 0.300996, 1.912332, 1.731110, B
0.793129, 2.598896, 0.319947, 2.021896, 1.920801, C
1.124094, 2.990838, 0.441683, 2.585320, 1.630631, D
1.412168, 2.372478, 0.308911, 2.509260, 2.240354, E
0.453340, 2.946111, 0.359110, 4.986297, 4.583523, F
0.724490, 2.327659, 0.320498, 2.632789, 2.474821, G
0.736620, 2.932225, 0.448229, 4.087576, 2.763514, H
0.688203, 2.524071, 0.321242, 4.042147, 3.915780, I
0.726488, 2.296792, 0.316558, 2.240037, 2.217637, J
0.883466, 1.724920, 0.280976, 2.978407, 2.870751, A
1.690001, 2.549677, 0.332963, 1.912332, 1.472496, B
0.793129, 2.570068, 0.307137, 2.021896, 1.748829, C
1.124094, 3.226086, 0.432651, 2.585320, 1.945341, D
1.412168, 2.415489, 0.327783, 2.509260, 2.007408, E
0.453340, 2.531647, 0.307691, 4.986297, 4.892765, F
0.724490, 2.284989, 0.281935, 2.632789, 2.338625, G
0.736620, 2.919690, 0.431130, 4.087576, 3.427867, H
0.688203, 2.357190, 0.296690, 4.042147, 3.718775, I
0.726488, 2.033038, 0.300001, 2.240037, 2.195237, J
0.883466, 1.792365, 0.288754, 2.978407, 2.408337, A
1.690001, 2.567997, 0.378193, 1.912332, 1.663729, B
0.793129, 2.495582, 0.374149, 2.021896, 1.847573, C
1.124094, 2.804665, 0.347764, 2.585320, 2.559466, D
1.412168, 2.374026, 0.341278, 2.509260, 2.154403, E
0.453340, 2.244306, 0.322217, 4.986297, 4.909392, F
0.724490, 2.314116, 0.290958, 2.632789, 2.195912, G
0.736620, 2.808435, 0.417957, 4.087576, 3.428612, H
0.688203, 2.261138, 0.258996, 4.042147, 3.721312, I
0.726488, 1.761390, 0.282155, 2.240037, 2.217637, J
0.883466, 1.992313, 0.310349, 2.978407, 2.027026, A
1.690001, 2.328495, 0.288983, 1.912332, 1.854962, B
0.793129, 2.436615, 0.410700, 2.021896, 1.774064, C
1.124094, 2.368107, 0.289033, 2.585320, 2.585320, D
1.412168, 2.365481, 0.381352, 2.509260, 2.082686, E
0.453340, 2.034145, 0.250604, 4.986297, 4.885957, F
0.724490, 2.604759, 0.408588, 2.632789, 1.685449, G
0.736620, 2.442982, 0.339567, 4.087576, 4.005824, H
0.688203, 2.312054, 0.337978, 4.042147, 3.133663, I
0.726488, 1.521366, 0.235175, 2.240037, 2.217637, J
0.883466, 2.660917, 0.449479, 2.978407, 0.774386, A
1.690001, 2.191143, 0.277001, 1.912332, 1.740223, B
0.793129, 2.340527, 0.363364, 2.021896, 1.819706, C
1.124094, 2.012905, 0.274161, 2.585320, 2.559466, D
1.412168, 2.363606, 0.381067, 2.509260, 2.183057, E
0.453340, 1.914744, 0.247520, 4.986297, 4.397661, F
0.724490, 2.548569, 0.332042, 2.632789, 2.195912, G
0.736620, 2.139202, 0.275164, 4.087576, 4.005824, H
0.688203, 2.351631, 0.315085, 4.042147, 3.254711, I
0.726488, 1.308316, 0.211890, 2.240037, 2.217637, J
0.883466, 2.378999, 0.327633, 2.978407, 2.859270, A
1.690001, 2.208129, 0.319231, 1.912332, 1.553695, B
0.793129, 2.345389, 0.330473, 2.021896, 1.640828, C
1.124094, 1.844382, 0.250546, 2.585320, 2.430200, D
1.412168, 2.352185, 0.372268, 2.509260, 2.057593, E
0.453340, 1.941040, 0.261155, 4.986297, 3.509155, F
0.724490, 2.370380, 0.269633, 2.632789, 2.491239, G
0.736620, 1.937250, 0.292436, 4.087576, 3.918056, H
0.688203, 2.343346, 0.315015, 4.042147, 3.403439, I
0.726488, 1.143351, 0.181043, 2.240037, 2.217637, J
0.883466, 2.110967, 0.271035, 2.978407, 2.889054, A
1.690001, 2.116621, 0.297143, 1.912332, 1.644606, B
0.793129, 2.221706, 0.250685, 2.021896, 1.798707, C
1.124094, 1.700649, 0.249173, 2.585320, 2.427689, D
1.412168, 2.354592, 0.356357, 2.509260, 2.044821, E
0.453340, 2.092229, 0.276962, 4.986297, 3.218142, F
0.724490, 2.137847, 0.261027, 2.632789, 2.580133, G
0.736620, 1.770932, 0.237824, 4.087576, 3.784227, H
0.688203, 2.213686, 0.296641, 4.042147, 3.629579, I
0.726488, 1.044409, 0.174851, 2.240037, 2.105635, J
0.883466, 1.848806, 0.241936, 2.978407, 2.889054, A
1.690001, 2.136806, 0.318118, 1.912332, 1.606359, B
0.793129, 2.108915, 0.272285, 2.021896, 1.842879, C
1.124094, 1.616734, 0.247992, 2.585320, 2.369786, D
1.412168, 2.367948, 0.321560, 2.509260, 2.110217, E
0.453340, 2.391147, 0.310523, 4.986297, 2.612235, F
0.724490, 1.894260, 0.238411, 2.632789, 2.549221, G
0.736620, 1.674574, 0.207226, 4.087576, 3.502993, H
0.688203, 2.148743, 0.332944, 4.042147, 3.607644, I
0.726488, 0.942264, 0.146425, 2.240037, 2.195237, J
0.883466, 1.673474, 0.226160, 2.978407, 2.829486, A
1.690001, 2.269341, 0.314052, 1.912332, 1.464952, B
0.793129, 1.897252, 0.232035, 2.021896, 1.903466, C
1.124094, 1.566096, 0.233014, 2.585320, 2.288861, D
1.412168, 2.221578, 0.296547, 2.509260, 2.374955, E
0.453340, 2.366021, 0.312782, 4.986297, 3.847490, F
0.724490, 1.820872, 0.286720, 2.632789, 2.292073, G
0.736620, 1.842672, 0.251972, 4.087576, 2.627144, H
0.688203, 2.006596, 0.265269, 4.042147, 3.676470, I
0.726488, 0.861608, 0.123826, 2.240037, 2.195237, J
0.883466, 1.536708, 0.228444, 2.978407, 2.859270, A
1.690001, 2.260668, 0.332332, 1.912332, 1.644606, B
0.793129, 1.786684, 0.239532, 2.021896, 1.799487, C
1.124094, 1.656817, 0.275897, 2.585320, 1.939037, D
1.412168, 1.950636, 0.248714, 2.509260, 2.433983, E
0.453340, 2.154490, 0.248086, 4.986297, 4.397436, F
0.724490, 1.657458, 0.237172, 2.632789, 2.580133, G
0.736620, 2.284463, 0.290287, 4.087576, 1.664319, H
0.688203, 2.087860, 0.318196, 4.042147, 3.018319, I
0.726488, 0.825092, 0.102154, 2.240037, 1.999784, J
0.883466, 1.404758, 0.207338, 2.978407, 2.859270, A
1.690001, 1.934271, 0.281519, 1.912332, 1.912332, B
0.793129, 1.636037, 0.252583, 2.021896, 1.900582, C
1.124094, 1.846474, 0.286929, 2.585320, 1.676036, D
1.412168, 1.729487, 0.222556, 2.509260, 2.484168, E
0.453340, 1.979382, 0.236947, 4.986297, 4.471365, F
0.724490, 1.546215, 0.200744, 2.632789, 2.422166, G
0.736620, 2.796153, 0.391796, 4.087576, 1.714435, H
0.688203, 2.453850, 0.332974, 4.042147, 1.930747, I
0.726488, 0.871017, 0.112390, 2.240037, 1.702428, J
0.883466, 1.296608, 0.180155, 2.978407, 2.859270, A
1.690001, 1.637249, 0.239525, 1.912332, 1.910888, B
0.793129, 1.510234, 0.229650, 2.021896, 1.893938, C
1.124094, 2.029059, 0.315623, 2.585320, 1.727780, D
1.412168, 1.578329, 0.210607, 2.509260, 2.433983, E
0.453340, 1.940629, 0.284694, 4.986297, 4.089406, F
0.724490, 1.487859, 0.207701, 2.632789, 2.334889, G
0.736620, 2.357953, 0.336504, 4.087576, 4.046700, H
0.688203, 3.179686, 0.428090, 4.042147, 1.179894, I
0.726488, 0.894458, 0.118925, 2.240037, 1.790374, J
0.883466, 1.205986, 0.181773, 2.978407, 2.740134, A
1.690001, 1.458823, 0.204634, 1.912332, 1.854962, B
0.793129, 1.493265, 0.221364, 2.021896, 1.759049, C
1.124094, 2.127366, 0.278425, 2.585320, 1.908715, D
1.412168, 1.523364, 0.190789, 2.509260, 2.304955, E
0.453340, 1.901623, 0.234529, 4.986297, 4.144752, F
0.724490, 1.506464, 0.218965, 2.632789, 1.962797, G
0.736620, 2.067512, 0.322757, 4.087576, 3.907735, H
0.688203, 2.851594, 0.367240, 4.042147, 3.860524, I
0.726488, 0.982887, 0.154467, 2.240037, 1.590427, J
0.883466, 1.171755, 0.185856, 2.978407, 2.681765, A
1.690001, 1.337538, 0.211885, 1.912332, 1.767752, B
0.793129, 1.558023, 0.246824, 2.021896, 1.576641, C
1.124094, 2.275728, 0.298793, 2.585320, 1.877869, D
1.412168, 1.593824, 0.248646, 2.509260, 2.001757, E
0.453340, 1.926923, 0.270765, 4.986297, 3.808941, F
0.724490, 1.699840, 0.241822, 2.632789, 1.675910, G
0.736620, 1.776443, 0.276528, 4.087576, 4.046700, H
0.688203, 2.338443, 0.307502, 4.042147, 4.042147, I
0.726488, 1.055154, 0.186930, 2.240037, 1.590427, J
0.883466, 1.151230, 0.149576, 2.978407, 2.633202, A
1.690001, 1.210553, 0.184569, 1.912332, 1.797592, B
0.793129, 1.735848, 0.280050, 2.021896, 1.213137, C
1.124094, 2.204050, 0.362410, 2.585320, 2.357594, D
1.412168, 1.808682, 0.342365, 2.509260, 1.538882, E
0.453340, 2.264143, 0.359736, 4.986297, 2.604357, F
0.724490, 1.920653, 0.294970, 2.632789, 1.501820, G
0.736620, 1.535871, 0.252124, 4.087576, 4.071238, H
0.688203, 1.849619, 0.254149, 4.042147, 4.042147, I
0.726488, 1.268233, 0.231194, 2.240037, 1.099903, J
0.883466, 1.156755, 0.155997, 2.978407, 2.442293, A
1.690001, 1.081775, 0.153059, 1.912332, 1.874086, B
0.793129, 1.929690, 0.318479, 2.021896, 1.276599, C
1.124094, 1.897860, 0.273625, 2.585320, 2.559466, D
1.412168, 2.235707, 0.383774, 2.509260, 1.097790, E
0.453340, 2.396668, 0.361537, 4.986297, 3.450216, F
0.724490, 2.366503, 0.402484, 2.632789, 1.111830, G
0.736620, 1.386312, 0.222112, 4.087576, 3.964239, H
0.688203, 1.490119, 0.230977, 4.042147, 4.042147, I
0.726488, 1.474767, 0.273025, 2.240037, 1.386038, J
0.883466, 1.202016, 0.176158, 2.978407, 2.382725, A
1.690001, 0.989121, 0.128024, 1.912332, 1.853518, B
0.793129, 2.063404, 0.294745, 2.021896, 1.621237, C
1.124094, 1.613748, 0.237011, 2.585320, 2.578257, D
1.412168, 2.388878, 0.346472, 2.509260, 1.686947, E
0.453340, 2.370730, 0.297718, 4.986297, 3.953483, F
0.724490, 2.417765, 0.359689, 2.632789, 2.103215, G
0.736620, 1.276979, 0.226789, 4.087576, 3.837129, H
0.688203, 1.208505, 0.203748, 4.042147, 4.042147, I
0.726488, 1.794030, 0.303190, 2.240037, 1.075218, J
0.883466, 1.219036, 0.199803, 2.978407, 2.382725, A
1.690001, 0.957554, 0.142197, 1.912332, 1.692173, B
0.793129, 2.265973, 0.351088, 2.021896, 1.363006, C
1.124094, 1.441152, 0.205300, 2.585320, 2.507760, D
1.412168, 2.163267, 0.278893, 2.509260, 2.350623, E
0.453340, 2.229828, 0.253096, 4.986297, 4.558671, F
0.724490, 2.264689, 0.308605, 2.632789, 2.417832, G
0.736620, 1.180068, 0.192888, 4.087576, 3.883197, H
0.688203, 1.001230, 0.183624, 4.042147, 4.042147, I
0.726488, 2.233457, 0.381651, 2.240037, 0.896015, J
0.883466, 1.315644, 0.231847, 2.978407, 2.094096, A
1.690001, 0.955572, 0.133374, 1.912332, 1.654622, B
0.793129, 2.182260, 0.299136, 2.021896, 1.819706, C
1.124094, 1.292406, 0.183276, 2.585320, 2.426852, D
1.412168, 1.927323, 0.272943, 2.509260, 2.400806, E
0.453340, 2.288767, 0.262121, 4.986297, 3.728743, F
0.724490, 2.057169, 0.278028, 2.632789, 2.430415, G
0.736620, 1.158335, 0.164208, 4.087576, 3.571852, H
0.688203, 0.816872, 0.158710, 4.042147, 4.042147, I
0.726488, 2.340145, 0.373821, 2.240037, 1.737904, J
0.883466, 1.566188, 0.288736, 2.978407, 1.638124, A
1.690001, 1.040533, 0.176217, 1.912332, 1.388705, B
0.793129, 1.925373, 0.258702, 2.021896, 1.941020, C
1.124094, 1.245598, 0.182053, 2.585320, 2.326484, D
1.412168, 1.867895, 0.247003, 2.509260, 2.293407, E
0.453340, 2.169029, 0.279609, 4.986297, 4.422588, F
0.724490, 1.843782, 0.277878, 2.632789, 2.524461, G
0.736620, 1.199664, 0.191340, 4.087576, 3.049652, H
0.688203, 0.700214, 0.133089, 4.042147, 4.001725, I
0.726488, 2.164081, 0.291443, 2.240037, 2.130161, J
0.883466, 1.912475, 0.319893, 2.978407, 1.328624, A
1.690001, 1.132138, 0.189389, 1.912332, 1.371978, B
0.793129, 1.775171, 0.231344, 2.021896, 1.895853, C
1.124094, 1.241394, 0.198423, 2.585320, 2.164949, D
1.412168, 1.864356, 0.292230, 2.509260, 2.183057, E
0.453340, 1.832626, 0.253853, 4.986297, 4.936434, F
0.724490, 1.628952, 0.225629, 2.632789, 2.580133, G
0.736620, 1.255660, 0.199298, 4.087576, 2.978561, H
0.688203, 0.633685, 0.107567, 4.042147, 3.893968, I
0.726488, 1.862602, 0.249721, 2.240037, 2.207316, J
0.883466, 2.173074, 0.375898, 2.978407, 1.714239, A
1.690001, 1.257521, 0.214219, 1.912332, 1.218991, B
0.793129, 1.657143, 0.259359, 2.021896, 1.821989, C
1.124094, 1.265647, 0.169591, 2.585320, 2.031819, D
1.412168, 1.679528, 0.226534, 2.509260, 2.433983, E
0.453340, 1.582821, 0.209648, 4.986297, 4.986297, F
0.724490, 1.446746, 0.208192, 2.632789, 2.629773, G
0.736620, 1.543937, 0.271841, 4.087576, 1.629266, H
0.688203, 0.612799, 0.104275, 4.042147, 3.597339, I
0.726488, 1.572432, 0.206697, 2.240037, 2.229716, J
0.883466, 1.902266, 0.283586, 2.978407, 2.829486, A
1.690001, 1.409300, 0.230464, 1.912332, 1.218991, B
0.793129, 1.612046, 0.225581, 2.021896, 1.760282, C
1.124094, 1.476584, 0.238288, 2.585320, 1.525018, D
1.412168, 1.521286, 0.210211, 2.509260, 2.383797, E
0.453340, 1.348840, 0.186804, 4.986297, 4.986297, F
0.724490, 1.334604, 0.180651, 2.632789, 2.448494, G
0.736620, 1.986732, 0.355342, 4.087576, 1.357852, H
0.688203, 0.604121, 0.086884, 4.042147, 3.550362, I
0.726488, 1.348131, 0.204115, 2.240037, 2.195237, J
0.883466, 1.671381, 0.266135, 2.978407, 2.921744, A
1.690001, 1.697427, 0.303745, 1.912332, 0.966536, B
0.793129, 1.514601, 0.213557, 2.021896, 1.860144, C
1.124094, 1.626355, 0.246751, 2.585320, 1.638473, D
1.412168, 1.376328, 0.186877, 2.509260, 2.433983, E
0.453340, 1.173275, 0.177372, 4.986297, 4.973301, F
0.724490, 1.297328, 0.165571, 2.632789, 2.343182, G
0.736620, 2.259184, 0.334863, 4.087576, 2.136850, H
0.688203, 0.654236, 0.105213, 4.042147, 2.773546, I
0.726488, 1.160347, 0.182031, 2.240037, 2.217637, J
0.883466, 1.416278, 0.208786, 2.978407, 2.951528, A
1.690001, 2.278308, 0.419454, 1.912332, 0.471103, B
0.793129, 1.503319, 0.207704, 2.021896, 1.690077, C
1.124094, 1.844350, 0.301249, 2.585320, 1.668779, D
1.412168, 1.260354, 0.182477, 2.509260, 2.408890, E
0.453340, 1.036958, 0.174924, 4.986297, 4.886571, F
0.724490, 1.238588, 0.165489, 2.632789, 2.369510, G
0.736620, 1.962805, 0.253457, 4.087576, 4.024254, H
0.688203, 0.785343, 0.112040, 4.042147, 2.015579, I
0.726488, 1.006700, 0.152979, 2.240037, 2.240037, J
0.883466, 1.255846, 0.182871, 2.978407, 2.829486, A
1.690001, 2.069497, 0.314110, 1.912332, 1.819852, B
0.793129, 1.500518, 0.196025, 2.021896, 1.720055, C
1.124094, 1.915942, 0.278665, 2.585320, 2.032233, D
1.412168, 1.235289, 0.169499, 2.509260, 2.107779, E
0.453340, 0.963669, 0.159190, 4.986297, 4.604873, F
0.724490, 1.302205, 0.185501, 2.632789, 1.956628, G
0.736620, 1.697974, 0.227688, 4.087576, 4.053922, H
0.688203, 0.991483, 0.161864, 4.042147, 1.651377, I
0.726488, 0.900974, 0.146201, 2.240037, 2.191840, J
0.883466, 1.143858, 0.181293, 2.978407, 2.799702, A
1.690001, 1.650077, 0.245570, 1.912332, 1.912332, B
0.793129, 1.598594, 0.239308, 2.021896, 1.428170, C
1.124094, 1.810068, 0.221039, 2.585320, 2.394896, D
1.412168, 1.397776, 0.220285, 2.509260, 1.631019, E
0.453340, 0.988473, 0.151205, 4.986297, 3.897785, F
0.724490, 1.511151, 0.220145, 2.632789, 1.494630, G
0.736620, 1.591631, 0.172944, 4.087576, 3.580080, H
0.688203, 1.303035, 0.186006, 4.042147, 1.094527, I
0.726488, 0.826421, 0.161956, 2.240037, 2.105635, J
0.883466, 1.089337, 0.161718, 2.978407, 2.681843, A
1.690001, 1.306082, 0.215556, 1.912332, 1.912332, B
0.793129, 1.731611, 0.204462, 2.021896, 1.365717, C
1.124094, 1.561307, 0.182933, 2.585320, 2.585320, D
1.412168, 1.666703, 0.280131, 2.509260, 1.318388, E
0.453340, 1.002629, 0.175220, 4.986297, 3.911310, F
0.724490, 1.766440, 0.259345, 2.632789, 1.525931, G
0.736620, 1.601983, 0.201915, 4.087576, 3.188895, H
0.688203, 1.798083, 0.258022, 4.042147, 0.839159, I
0.726488, 0.727705, 0.136676, 2.240037, 2.230306, J
0.883466, 1.047743, 0.146970, 2.978407, 2.680566, A
1.690001, 1.057673, 0.188469, 1.912332, 1.912332, B
0.793129, 1.716465, 0.254870, 2.021896, 1.732205, C
1.124094, 1.348714, 0.154521, 2.585320, 2.585320, D
1.412168, 1.918021, 0.328736, 2.509260, 1.435506, E
0.453340, 1.058429, 0.194856, 4.986297, 3.811584, F
0.724490, 1.884173, 0.269107, 2.632789, 1.939370, G
0.736620, 1.758670, 0.248710, 4.087576, 2.537688, H
0.688203, 1.849833, 0.221465, 4.042147, 2.865490, I
0.726488, 0.659134, 0.113722, 2.240037, 2.195237, J
0.883466, 1.056759, 0.160831, 2.978407, 2.448141, A
1.690001, 0.862751, 0.167052, 1.912332, 1.912332, B
0.793129, 1.578158, 0.212390, 2.021896, 1.940815, C
1.124094, 1.177799, 0.155148, 2.585320, 2.516234, D
1.412168, 2.011496, 0.290963, 2.509260, 1.814472, E
0.453340, 1.188115, 0.187913, 4.986297, 3.237764, F
0.724490, 1.768993, 0.226262, 2.632789, 2.462933, G
0.736620, 1.844638, 0.272791, 4.087576, 2.820895, H
0.688203, 2.061910, 0.258210, 4.042147, 2.357411, I
0.726488, 0.603130, 0.097149, 2.240037, 2.217637, J
0.883466, 1.168221, 0.174322, 2.978407, 2.039928, A
1.690001, 0.704284, 0.141113, 1.912332, 1.912332, B
0.793129, 1.569128, 0.217680, 2.021896, 1.698188, C
1.124094, 1.062063, 0.141850, 2.585320, 2.533613, D
1.412168, 1.946863, 0.244980, 2.509260, 2.169108, E
0.453340, 1.446206, 0.225961, 4.986297, 2.245927, F
0.724490, 1.626173, 0.208434, 2.632789, 2.483583, G
0.736620, 2.073406, 0.300416, 4.087576, 2.590803, H
0.688203, 2.008413, 0.260193, 4.042147, 3.410155, I
0.726488, 0.583559, 0.098819, 2.240037, 1.971233, J
0.883466, 1.271220, 0.198005, 2.978407, 2.165138, A
1.690001, 0.575595, 0.120098, 1.912332, 1.912332, B
0.793129, 1.551389, 0.222034, 2.021896, 1.730971, C
1.124094, 0.950846, 0.136115, 2.585320, 2.585320, D
1.412168, 1.731149, 0.205595, 2.509260, 2.509260, E
0.453340, 1.862641, 0.331387, 4.986297, 1.666345, F
0.724490, 1.540267, 0.195593, 2.632789, 2.369510, G
0.736620, 1.897275, 0.232472, 4.087576, 3.784713, H
0.688203, 1.780556, 0.218763, 4.042147, 3.917992, I
0.726488, 0.561122, 0.085911, 2.240037, 1.993633, J
0.883466, 1.383789, 0.220924, 2.978407, 2.254490, A
1.690001, 0.479146, 0.099966, 1.912332, 1.893209, B
0.793129, 1.623211, 0.229317, 2.021896, 1.556860, C
1.124094, 0.869145, 0.128516, 2.585320, 2.404347, D
1.412168, 1.532437, 0.193517, 2.509260, 2.459075, E
0.453340, 1.917222, 0.232599, 4.986297, 3.532840, F
0.724490, 1.553303, 0.203281, 2.632789, 2.142942, G
0.736620, 1.717163, 0.196086, 4.087576, 4.005410, H
0.688203, 1.565307, 0.191850, 4.042147, 3.928580, I
0.726488, 0.552391, 0.086366, 2.240037, 1.819898, J
0.883466, 1.552191, 0.253879, 2.978407, 1.851621, A
1.690001, 0.408617, 0.081048, 1.912332, 1.889373, B
0.793129, 1.693010, 0.237709, 2.021896, 1.500431, C
1.124094, 0.827076, 0.128997, 2.585320, 2.326788, D
1.412168, 1.359102, 0.187765, 2.509260, 2.457134, E
0.453340, 1.659799, 0.212392, 4.986297, 4.835307, F
0.724490, 1.606902, 0.198490, 2.632789, 2.102843, G
0.736620, 1.572423, 0.205227, 4.087576, 3.883117, H
0.688203, 1.393429, 0.179706, 4.042147, 3.931909, I
0.726488, 0.569799, 0.089320, 2.240037, 1.829593, J
0.883466, 1.867123, 0.387262, 2.978407, 1.624766, A
1.690001, 0.351548, 0.067328, 1.912332, 1.874086, B
0.793129, 1.615138, 0.218479, 2.021896, 1.831270, C
1.124094, 0.798243, 0.110343, 2.585320, 2.300934, D
1.412168, 1.250459, 0.209530, 2.509260, 2.339890, E
0.453340, 1.377424, 0.173250, 4.986297, 4.986297, F
0.724490, 1.569166, 0.209058, 2.632789, 2.357189, G
0.736620, 1.426044, 0.180514, 4.087576, 3.990170, H
0.688203, 1.283639, 0.175405, 4.042147, 3.862299, I
0.726488, 0.564694, 0.087130, 2.240037, 1.971233, J
0.883466, 1.853441, 0.275940, 2.978407, 2.506404, A
1.690001, 0.305843, 0.058243, 1.912332, 1.893209, B
0.793129, 1.452240, 0.194022, 2.021896, 1.941020, C
1.124094, 0.775657, 0.116387, 2.585320, 2.228041, D
1.412168, 1.179397, 0.197209, 2.509260, 2.283427, E
0.453340, 1.187908, 0.164816, 4.986297, 4.886571, F
0.724490, 1.401735, 0.186717, 2.632789, 2.510968, G
0.736620, 1.308577, 0.167811, 4.087576, 3.828160, H
0.688203, 1.255420, 0.157760, 4.042147, 3.658238, I
0.726488, 0.571401, 0.075146, 2.240037, 1.926432, J
0.883466, 1.522549, 0.220448, 2.978407, 2.948622, A
1.690001, 0.272335, 0.052328, 1.912332, 1.854962, B
0.793129, 1.331206, 0.188668, 2.021896, 1.895719, C
1.124094, 0.792692, 0.132726, 2.585320, 2.174760, D
1.412168, 1.095124, 0.179124, 2.509260, 2.358705, E
0.453340, 1.064212, 0.156957, 4.986297, 4.757743, F
0.724490, 1.274487, 0.168962, 2.632789, 2.501149, G
0.736620, 1.246736, 0.156938, 4.087576, 3.630790, H
0.688203, 1.277533, 0.169704, 4.042147, 3.263989, I
0.726488, 0.601495, 0.082626, 2.240037, 1.702428, J
0.883466, 1.248938, 0.173409, 2.978407, 2.978407, A
1.690001, 0.239121, 0.045750, 1.912332, 1.907255, B
0.793129, 1.273689, 0.183086, 2.021896, 1.821264, C
1.124094, 0.814050, 0.127306, 2.585320, 1.921639, D
1.412168, 1.075679, 0.163348, 2.509260, 2.233242, E
0.453340, 0.963791, 0.137957, 4.986297, 4.831623, F
0.724490, 1.136561, 0.160433, 2.632789, 2.527477, G
0.736620, 1.258328, 0.182724, 4.087576, 3.389812, H
0.688203, 1.410463, 0.211484, 4.042147, 2.646012, I
0.726488, 0.640490, 0.103826, 2.240037, 1.631623, J
0.883466, 1.013788, 0.145331, 2.978407, 2.978407, A
1.690001, 0.213619, 0.038782, 1.912332, 1.854962, B
0.793129, 1.130039, 0.149303, 2.021896, 2.004770, C
1.124094, 0.974675, 0.163610, 2.585320, 1.349755, D
1.412168, 1.068891, 0.149273, 2.509260, 2.147990, E
0.453340, 0.895585, 0.132769, 4.986297, 4.631000, F
0.724490, 1.005444, 0.151503, 2.632789, 2.580133, G
0.736620, 1.229544, 0.152985, 4.087576, 3.336380, H
0.688203, 1.368723, 0.159055, 4.042147, 3.525476, I
0.726488, 0.667837, 0.093542, 2.240037, 1.590427, J
0.883466, 0.845631, 0.131287, 2.978407, 2.978407, A
1.690001, 0.195333, 0.035506, 1.912332, 1.816077, B
0.793129, 1.006227, 0.141499, 2.021896, 2.001677, C
1.124094, 1.124775, 0.181772, 2.585320, 1.621387, D
1.412168, 1.101574, 0.155701, 2.509260, 2.082686, E
0.453340, 1.035990, 0.181887, 4.986297, 2.902314, F
0.724490, 0.902526, 0.140714, 2.632789, 2.527477, G
0.736620, 1.194472, 0.153610, 4.087576, 3.510281, H
0.688203, 1.148767, 0.138247, 4.042147, 4.042147, I
0.726488, 0.753746, 0.118653, 2.240037, 1.456024, J
0.883466, 0.711457, 0.113278, 2.978407, 2.978407, A
1.690001, 0.182124, 0.030477, 1.912332, 1.849828, B
0.793129, 0.867663, 0.116754, 2.021896, 2.001677, C
1.124094, 1.214415, 0.186633, 2.585320, 1.770780, D
1.412168, 1.093411, 0.156669, 2.509260, 2.210876, E
0.453340, 1.093817, 0.157000, 4.986297, 3.559356, F
0.724490, 0.850312, 0.128346, 2.632789, 2.446551, G
0.736620, 1.104587, 0.140781, 4.087576, 3.624756, H
0.688203, 0.961289, 0.131326, 4.042147, 4.042147, I
0.726488, 0.818124, 0.123259, 2.240037, 1.680028, J
0.883466, 0.600840, 0.099279, 2.978407, 2.948622, A
1.690001, 0.178318, 0.026222, 1.912332, 1.759346, B
0.793129, 0.794226, 0.135270, 2.021896, 1.919417, C
1.124094, 1.206336, 0.177075, 2.585320, 2.158487, D
1.412168, 1.016425, 0.140510, 2.509260, 2.383797, E
0.453340, 1.166249, 0.153045, 4.986297, 3.717383, F
0.724490, 0.832419, 0.126081, 2.632789, 2.395135, G
0.736620, 0.960313, 0.123903, 4.087576, 3.977494, H
0.688203, 0.820705, 0.120951, 4.042147, 4.015523, I
0.726488, 0.968475, 0.181888, 2.240037, 1.232270, J
0.883466, 0.517161, 0.082989, 2.978407, 2.978407, A
1.690001, 0.189625, 0.029004, 1.912332, 1.501237, B
0.793129, 0.716431, 0.125248, 2.021896, 1.901687, C
1.124094, 1.069391, 0.137639, 2.585320, 2.481907, D
1.412168, 0.876549, 0.117775, 2.509260, 2.509260, E
0.453340, 1.119804, 0.145204, 4.986297, 4.398354, F
0.724490, 0.859447, 0.165791, 2.632789, 2.167984, G
0.736620, 0.859209, 0.111881, 4.087576, 3.949927, H
0.688203, 0.716702, 0.118818, 4.042147, 3.968909, I
0.726488, 1.067313, 0.172540, 2.240037, 1.568026, J
0.883466, 0.450161, 0.071754, 2.978407, 2.948622, A
1.690001, 0.209417, 0.027843, 1.912332, 1.261230, B
0.793129, 0.668669, 0.112802, 2.021896, 1.915938, C
1.124094, 0.923562, 0.123158, 2.585320, 2.533613, D
1.412168, 0.805655, 0.114434, 2.509260, 2.333612, E
0.453340, 1.022207, 0.128016, 4.986297, 4.618502, F
0.724490, 0.900047, 0.132376, 2.632789, 2.048969, G
0.736620, 0.786332, 0.117335, 4.087576, 3.842321, H
0.688203, 0.661528, 0.099377, 4.042147, 3.866313, I
0.726488, 1.023003, 0.167947, 2.240037, 2.016034, J
0.883466, 0.415987, 0.064106, 2.978407, 2.675948, A
1.690001, 0.254542, 0.038253, 1.912332, 0.867413, B
0.793129, 0.631516, 0.101592, 2.021896, 1.857606, C
1.124094, 0.780368, 0.104136, 2.585320, 2.559466, D
1.412168, 0.725982, 0.088011, 2.509260, 2.410530, E
0.453340, 0.918834, 0.097238, 4.986297, 4.757426, F
0.724490, 1.065398, 0.181271, 2.632789, 1.446333, G
0.736620, 0.783795, 0.119116, 4.087576, 3.425844, H
0.688203, 0.641230, 0.101286, 4.042147, 3.564428, I
0.726488, 0.874589, 0.134014, 2.240037, 2.240037, J
0.883466, 0.398875, 0.060997, 2.978407, 2.684013, A
1.690001, 0.333175, 0.048516, 1.912332, 0.669316, B
0.793129, 0.614935, 0.107282, 2.021896, 1.779268, C
1.124094, 0.668079, 0.096241, 2.585320, 2.572341, D
1.412168, 0.695904, 0.100600, 2.509260, 2.229585, E
0.453340, 0.803530, 0.096438, 4.986297, 4.818764, F
0.724490, 0.971886, 0.155987, 2.632789, 2.437692, G
0.736620, 0.757019, 0.116870, 4.087576, 3.506994, H
0.688203, 0.672396, 0.102191, 4.042147, 3.132193, I
0.726488, 0.769600, 0.121581, 2.240037, 2.195237, J
0.883466, 0.386611, 0.061348, 2.978407, 2.620998, A
1.690001, 0.436933, 0.075647, 1.912332, 0.585327, B
0.793129, 0.599762, 0.094586, 2.021896, 1.739962, C
1.124094, 0.603263, 0.093439, 2.585320, 2.507760, D
1.412168, 0.675866, 0.095216, 2.509260, 2.183057, E
0.453340, 0.745140, 0.095410, 4.986297, 4.537530, F
0.724490, 0.811292, 0.131904, 2.632789, 2.606461, G
0.736620, 0.750832, 0.114822, 4.087576, 3.304586, H
0.688203, 0.818269, 0.129020, 4.042147, 1.781797, I
0.726488, 0.667014, 0.090437, 2.240037, 2.240037, J
0.883466, 0.411814, 0.058345, 2.978407, 2.136330, A
1.690001, 0.613902, 0.115478, 1.912332, 0.305973, B
0.793129, 0.590710, 0.088423, 2.021896, 1.779268, C
1.124094, 0.555723, 0.073611, 2.585320, 2.441138, D
1.412168, 0.617384, 0.092233, 2.509260, 2.390697, E
0.453340, 0.714955, 0.092836, 4.986297, 4.514971, F
0.724490, 0.641720, 0.091569, 2.632789, 2.632789, G
0.736620, 0.748822, 0.112649, 4.087576, 3.474440, H
0.688203, 0.984354, 0.134086, 4.042147, 1.831898, I
0.726488, 0.595050, 0.082491, 2.240037, 2.195237, J
0.883466, 0.460889, 0.076644, 2.978407, 1.882632, A
1.690001, 0.828384, 0.147435, 1.912332, 0.478083, B
0.793129, 0.607319, 0.088972, 2.021896, 1.576528, C
1.124094, 0.536688, 0.066407, 2.585320, 2.352641, D
1.412168, 0.594869, 0.084073, 2.509260, 2.233242, E
0.453340, 0.737404, 0.112910, 4.986297, 3.902683, F
0.724490, 0.506947, 0.082577, 2.632789, 2.632789, G
0.736620, 0.757819, 0.102209, 4.087576, 3.344047, H
0.688203, 0.891048, 0.119110, 4.042147, 3.776684, I
0.726488, 0.546459, 0.081416, 2.240037, 2.128036, J
0.883466, 0.531400, 0.085280, 2.978407, 1.744716, A
1.690001, 0.953716, 0.136931, 1.912332, 1.022929, B
0.793129, 0.611716, 0.091524, 2.021896, 1.718611, C
1.124094, 0.543247, 0.075087, 2.585320, 2.145815, D
1.412168, 0.583064, 0.076664, 2.509260, 2.200065, E
0.453340, 0.753967, 0.116918, 4.986297, 4.078633, F
0.724490, 0.414702, 0.072370, 2.632789, 2.632789, G
0.736620, 0.760361, 0.096986, 4.087576, 3.422895, H
0.688203, 0.756557, 0.100233, 4.042147, 4.001725, I
0.726488, 0.509356, 0.067007, 2.240037, 2.105635, J
0.883466, 0.610658, 0.086999, 2.978407, 1.796759, A
1.690001, 0.998514, 0.160706, 1.912332, 1.404221, B
0.793129, 0.640395, 0.106316, 2.021896, 1.516422, C
1.124094, 0.552722, 0.070207, 2.585320, 2.171668, D
1.412168, 0.573598, 0.084913, 2.509260, 2.166954, E
0.453340, 0.816371, 0.119178, 4.986297, 3.347890, F
0.724490, 0.343129, 0.060569, 2.632789, 2.632789, G
0.736620, 0.717337, 0.098835, 4.087576, 3.621449, H
0.688203, 0.637026, 0.093377, 4.042147, 4.015523, I
0.726488, 0.478834, 0.066534, 2.240037, 2.038434, J
0.883466, 0.750086, 0.099490, 2.978407, 1.287214, A
1.690001, 0.898385, 0.128526, 1.912332, 1.874086, B
0.793129, 0.649904, 0.095353, 2.021896, 1.631729, C
1.124094, 0.594099, 0.082984, 2.585320, 1.858208, D
1.412168, 0.634034, 0.105395, 2.509260, 1.781288, E
0.453340, 0.776296, 0.108020, 4.986297, 4.198329, F
0.724490, 0.284021, 0.051902, 2.632789, 2.606461, G
0.736620, 0.811239, 0.121559, 4.087576, 2.663260, H
0.688203, 0.542854, 0.080243, 4.042147, 4.042147, I
0.726488, 0.506064, 0.075237, 2.240037, 1.673134, J
0.883466, 0.797540, 0.109250, 2.978407, 2.038239, A
1.690001, 0.743297, 0.112398, 1.912332, 1.912332, B
0.793129, 0.714180, 0.108639, 2.021896, 1.342337, C
1.124094, 0.691451, 0.112566, 2.585320, 1.499485, D
1.412168, 0.704634, 0.129058, 2.509260, 1.597843, E
0.453340, 0.815879, 0.122106, 4.986297, 3.590190, F
0.724490, 0.235935, 0.043022, 2.632789, 2.632789, G
0.736620, 0.911317, 0.132951, 4.087576, 2.492058, H
0.688203, 0.461437, 0.066417, 4.042147, 4.042147, I
0.726488, 0.540540, 0.091188, 2.240037, 1.590427, J
0.883466, 0.818700, 0.100199, 2.978407, 2.495278, A
1.690001, 0.609821, 0.094832, 1.912332, 1.912332, B
0.793129, 0.793278, 0.113623, 2.021896, 1.307910, C
1.124094, 0.845598, 0.137941, 2.585320, 1.139276, D
1.412168, 0.702749, 0.113334, 2.509260, 2.049509, E
0.453340, 0.799119, 0.116677, 4.986297, 4.051874, F
0.724490, 0.196355, 0.037040, 2.632789, 2.632789, G
0.736620, 0.818367, 0.100651, 4.087576, 3.883197, H
0.688203, 0.402221, 0.056889, 4.042147, 3.973307, I
0.726488, 0.571933, 0.096745, 2.240037, 1.657628, J
0.883466, 0.789441, 0.092818, 2.978407, 2.714413, A
1.690001, 0.500832, 0.087185, 1.912332, 1.912332, B
0.793129, 0.912791, 0.129331, 2.021896, 1.164569, C
1.124094, 0.898552, 0.148386, 2.585320, 1.904899, D
1.412168, 0.777980, 0.118919, 2.509260, 1.557729, E
0.453340, 0.858911, 0.114218, 4.986297, 3.180183, F
0.724490, 0.168344, 0.031514, 2.632789, 2.632789, G
0.736620, 0.696115, 0.084898, 4.087576, 4.046700, H
0.688203, 0.363371, 0.050043, 4.042147, 3.961304, I
0.726488, 0.596894, 0.094041, 2.240037, 1.747229, J
0.883466, 0.755950, 0.088643, 2.978407, 2.776956, A
1.690001, 0.414629, 0.076871, 1.912332, 1.912332, B
0.793129, 0.878050, 0.116867, 2.021896, 1.738830, C
1.124094, 0.969905, 0.159090, 2.585320, 1.692056, D
1.412168, 0.908958, 0.158972, 2.509260, 1.472380, E
0.453340, 1.015052, 0.128349, 4.986297, 2.363469, F
0.724490, 0.146504, 0.025401, 2.632789, 2.632789, G
0.736620, 0.585271, 0.079706, 4.087576, 4.087576, H
0.688203, 0.332165, 0.046064, 4.042147, 3.759196, I
0.726488, 0.692394, 0.105265, 2.240037, 1.288388, J
