amtProduced_need, avg_price, sd, consumption_rate, consumed, char
0.883466, 2.866777, 0.695283, 2.978407, 2.234764, A
0.883466, 3.685669, 0.725853, 2.978407, 0.866622, A
0.883466, 3.535324, 0.489991, 2.978407, 2.612008, A
0.883466, 3.037368, 0.342084, 2.978407, 2.948622, A
0.883466, 3.379355, 0.468308, 2.978407, 1.763814, A
0.883466, 4.412290, 0.562716, 2.978407, 0.812899, A
0.883466, 3.627553, 0.360238, 2.978407, 2.978407, A
0.883466, 3.309059, 0.326699, 2.978407, 2.745278, A
0.883466, 3.824279, 0.517864, 2.978407, 1.617369, A
0.883466, 4.697468, 0.579581, 2.978407, 1.220419, A
0.883466, 3.383626, 0.422125, 2.978407, 2.978407, A
0.883466, 2.470140, 0.325181, 2.978407, 2.978407, A
0.883466, 1.825732, 0.296473, 2.978407, 2.978407, A
0.883466, 1.402370, 0.259538, 2.978407, 2.966996, A
0.883466, 1.133865, 0.207065, 2.978407, 2.978407, A
0.883466, 1.095538, 0.199615, 2.978407, 2.519949, A
0.883466, 1.535651, 0.254355, 2.978407, 0.399892, A
0.883466, 2.288075, 0.387975, 2.978407, 0.000000, A
0.883466, 1.717938, 0.243727, 2.978407, 2.978407, A
0.883466, 1.311409, 0.183121, 2.978407, 2.978407, A
0.883466, 1.037076, 0.156692, 2.978407, 2.978407, A
0.883466, 0.840326, 0.141129, 2.978407, 2.978407, A
0.883466, 0.703247, 0.122426, 2.978407, 2.978407, A
0.883466, 0.711445, 0.121423, 2.978407, 2.316454, A
0.883466, 0.941710, 0.143288, 2.978407, 0.705948, A
0.883466, 1.184009, 0.179049, 2.978407, 0.996687, A
0.883466, 0.809384, 0.122589, 2.978407, 2.978407, A
0.883466, 0.558138, 0.097231, 2.978407, 2.978407, A
0.883466, 0.391444, 0.078883, 2.978407, 2.978407, A
0.883466, 0.278765, 0.061721, 2.978407, 2.978407, A
0.883466, 0.200593, 0.048665, 2.978407, 2.978407, A
0.883466, 0.149170, 0.041049, 2.978407, 2.978407, A
0.883466, 0.111803, 0.033151, 2.978407, 2.978407, A
0.883466, 0.090154, 0.025092, 2.978407, 2.978407, A
0.883466, 0.083682, 0.018721, 2.978407, 2.691835, A
0.883466, 0.097218, 0.017400, 2.978407, 1.601444, A
0.883466, 0.144066, 0.027157, 2.978407, 0.029851, A
0.883466, 0.177339, 0.027504, 2.978407, 1.200038, A
0.883466, 0.123007, 0.020625, 2.978407, 2.978407, A
0.883466, 0.086158, 0.015375, 2.978407, 2.978407, A
0.883466, 0.061261, 0.012894, 2.978407, 2.978407, A
0.883466, 0.044541, 0.011067, 2.978407, 2.978407, A
0.883466, 0.033142, 0.008830, 2.978407, 2.978407, A
0.883466, 0.025422, 0.007146, 2.978407, 2.978407, A
0.883466, 0.020537, 0.005581, 2.978407, 2.978407, A
0.883466, 0.019944, 0.004393, 2.978407, 2.590983, A
0.883466, 0.028074, 0.005975, 2.978407, 0.428350, A
0.883466, 0.025265, 0.003874, 2.978407, 2.791021, A
0.883466, 0.019245, 0.002760, 2.978407, 2.978407, A
0.883466, 0.014599, 0.002180, 2.978407, 2.978407, A
0.883466, 0.011284, 0.001737, 2.978407, 2.978407, A
0.883466, 0.009264, 0.001596, 2.978407, 2.918838, A
0.883466, 0.008276, 0.001319, 2.978407, 2.877479, A
0.883466, 0.008895, 0.001376, 2.978407, 2.037325, A
0.883466, 0.008442, 0.001074, 2.978407, 2.667604, A
0.883466, 0.009497, 0.001241, 2.978407, 1.714153, A
0.883466, 0.007643, 0.000817, 2.978407, 2.978407, A
0.883466, 0.006297, 0.000689, 2.978407, 2.978407, A
0.883466, 0.006020, 0.000746, 2.978407, 2.695627, A
0.883466, 0.007811, 0.001033, 2.978407, 1.011578, A
0.883466, 0.005373, 0.000755, 2.978407, 2.978407, A
0.883466, 0.003712, 0.000585, 2.978407, 2.978407, A
0.883466, 0.002585, 0.000467, 2.978407, 2.978407, A
0.883466, 0.001845, 0.000385, 2.978407, 2.978407, A
0.883466, 0.001350, 0.000309, 2.978407, 2.978407, A
0.883466, 0.001037, 0.000255, 2.978407, 2.978407, A
0.883466, 0.000820, 0.000211, 2.978407, 2.978407, A
0.883466, 0.000731, 0.000147, 2.978407, 2.804478, A
0.883466, 0.000935, 0.000180, 2.978407, 1.076854, A
0.883466, 0.001293, 0.000276, 2.978407, 0.474226, A
0.883466, 0.001928, 0.000423, 2.978407, 0.000000, A
0.883466, 0.001412, 0.000269, 2.978407, 2.978407, A
0.883466, 0.001045, 0.000187, 2.978407, 2.978407, A
0.883466, 0.000770, 0.000146, 2.978407, 2.978407, A
0.883466, 0.000559, 0.000109, 2.978407, 2.978407, A
0.883466, 0.000415, 0.000092, 2.978407, 2.978407, A
0.883466, 0.000328, 0.000074, 2.978407, 2.978407, A
0.883466, 0.000261, 0.000062, 2.978407, 2.978407, A
0.883466, 0.000221, 0.000047, 2.978407, 2.918838, A
0.883466, 0.000222, 0.000040, 2.978407, 2.388756, A
0.883466, 0.000291, 0.000051, 2.978407, 0.750405, A
0.883466, 0.000246, 0.000036, 2.978407, 2.970010, A
0.883466, 0.000206, 0.000029, 2.978407, 2.978407, A
0.883466, 0.000205, 0.000024, 2.978407, 2.121873, A
0.883466, 0.000193, 0.000022, 2.978407, 2.663952, A
0.883466, 0.000139, 0.000017, 2.978407, 2.978407, A
0.883466, 0.000100, 0.000015, 2.978407, 2.978407, A
0.883466, 0.000073, 0.000013, 2.978407, 2.978407, A
0.883466, 0.000054, 0.000012, 2.978407, 2.978407, A
0.883466, 0.000041, 0.000010, 2.978407, 2.978407, A
0.883466, 0.000033, 0.000008, 2.978407, 2.978407, A
0.883466, 0.000028, 0.000007, 2.978407, 2.978407, A
0.883466, 0.000024, 0.000005, 2.978407, 2.975878, A
0.883466, 0.000024, 0.000004, 2.978407, 2.383262, A
0.883466, 0.000032, 0.000006, 2.978407, 0.722585, A
0.883466, 0.000047, 0.000008, 2.978407, 0.166513, A
0.883466, 0.000035, 0.000005, 2.978407, 2.978407, A
0.883466, 0.000026, 0.000004, 2.978407, 2.978407, A
0.883466, 0.000019, 0.000003, 2.978407, 2.978407, A
0.883466, 0.000015, 0.000003, 2.978407, 2.978407, A
