0.883466, 2.866777, 0.695283, 2.978407, 2.234764, A
1.690001, 2.979698, 0.770105, 1.912332, 1.578247, B
0.793129, 2.829192, 0.695866, 2.021896, 1.880363, C
1.124094, 3.184207, 0.812562, 2.585320, 1.894429, D
1.412168, 3.104036, 0.769155, 2.509260, 1.932130, E
0.453340, 3.660540, 1.047197, 4.986297, 1.641743, F
0.724490, 2.877710, 0.640904, 2.632789, 2.360754, G
0.736620, 3.537921, 0.889420, 4.087576, 1.574782, H
0.688203, 3.018734, 0.703097, 4.042147, 2.752105, I
0.726488, 3.224873, 0.769545, 2.240037, 1.664226, J
0.883466, 3.685669, 0.725853, 2.978407, 0.866622, A
1.690001, 3.207645, 0.516557, 1.912332, 1.358787, B
0.793129, 2.635474, 0.473791, 2.021896, 1.880363, C
1.124094, 2.903477, 0.509567, 2.585320, 2.475851, D
1.412168, 3.099497, 0.599783, 2.509260, 2.033127, E
0.453340, 2.968029, 0.675045, 4.986297, 4.986297, F
0.724490, 3.406320, 0.650255, 2.632789, 1.211391, G
0.736620, 3.177412, 0.481666, 4.087576, 3.851111, H
0.688203, 4.099895, 0.829261, 4.042147, 0.667904, I
0.726488, 3.262402, 0.556070, 2.240037, 1.794001, J
0.883466, 3.535324, 0.489991, 2.978407, 2.612008, A
1.690001, 3.284911, 0.434467, 1.912332, 1.491619, B
0.793129, 2.677546, 0.348724, 2.021896, 1.538464, C
1.124094, 3.267064, 0.430899, 2.585320, 1.511363, D
1.412168, 3.298324, 0.418933, 2.509260, 1.647199, E
0.453340, 2.877589, 0.439722, 4.986297, 3.939425, F
0.724490, 3.498382, 0.673803, 2.632789, 2.044744, G
0.736620, 3.677473, 0.455211, 4.087576, 1.811183, H
0.688203, 3.121436, 0.553804, 4.042147, 4.042147, I
0.726488, 3.311382, 0.409735, 2.240037, 1.813702, J
0.883466, 3.037368, 0.342084, 2.978407, 2.948622, A
1.690001, 3.089825, 0.402220, 1.912332, 1.682853, B
0.793129, 3.422335, 0.459445, 2.021896, 0.551190, C
1.124094, 4.220746, 0.558459, 2.585320, 0.717343, D
1.412168, 3.319669, 0.366569, 2.509260, 1.951011, E
0.453340, 3.893359, 0.610391, 4.986297, 1.096639, F
0.724490, 3.118871, 0.375479, 2.632789, 2.577220, G
0.736620, 2.965428, 0.299521, 4.087576, 4.087576, H
0.688203, 2.408322, 0.379368, 4.042147, 4.042147, I
0.726488, 3.774273, 0.440563, 2.240037, 1.305929, J
0.883466, 3.379355, 0.468308, 2.978407, 1.763814, A
1.690001, 2.894795, 0.336922, 1.912332, 1.762020, B
0.793129, 4.806415, 0.711544, 2.021896, 0.234623, C
1.124094, 3.163437, 0.379780, 2.585320, 2.585320, D
1.412168, 4.177903, 0.482323, 2.509260, 0.929412, E
0.453340, 3.352110, 0.381900, 4.986297, 4.888345, F
0.724490, 3.186062, 0.381059, 2.632789, 1.942719, G
0.736620, 2.538527, 0.265141, 4.087576, 4.032628, H
0.688203, 2.036775, 0.289295, 4.042147, 3.932100, I
0.726488, 3.475750, 0.334703, 2.240037, 2.112047, J
0.883466, 4.412290, 0.562716, 2.978407, 0.812899, A
1.690001, 3.120890, 0.433324, 1.912332, 1.282912, B
0.793129, 3.372935, 0.419244, 2.021896, 2.021896, C
1.124094, 2.406453, 0.292254, 2.585320, 2.585320, D
1.412168, 3.846082, 0.374963, 2.509260, 2.339006, E
0.453340, 4.378962, 0.536029, 4.986297, 1.306498, F
0.724490, 4.429674, 0.641954, 2.632789, 0.365455, G
0.736620, 3.249382, 0.442931, 4.087576, 1.284196, H
0.688203, 2.390387, 0.326655, 4.042147, 2.040133, I
0.726488, 3.645675, 0.443929, 2.240037, 1.546979, J
0.883466, 3.627553, 0.360238, 2.978407, 2.978407, A
1.690001, 4.085597, 0.630631, 1.912332, 0.553111, B
0.793129, 2.400368, 0.292203, 2.021896, 2.021896, C
1.124094, 1.841687, 0.264642, 2.585320, 2.585320, D
1.412168, 3.364974, 0.305708, 2.509260, 2.439210, E
0.453340, 3.699341, 0.419720, 4.986297, 4.881486, F
0.724490, 3.755166, 0.375631, 2.632789, 2.606461, G
0.736620, 4.846082, 0.724222, 4.087576, 0.000000, H
0.688203, 3.467659, 0.550388, 4.042147, 0.248023, I
0.726488, 4.933245, 0.626729, 2.240037, 0.495615, J
0.883466, 3.309059, 0.326699, 2.978407, 2.745278, A
1.690001, 4.903810, 0.830592, 1.912332, 0.984517, B
0.793129, 1.718203, 0.235056, 2.021896, 2.021896, C
1.124094, 1.463452, 0.241760, 2.585320, 2.585320, D
1.412168, 3.710885, 0.492749, 2.509260, 1.585068, E
0.453340, 4.150758, 0.593893, 4.986297, 2.588796, F
0.724490, 3.188903, 0.290214, 2.632789, 2.632789, G
0.736620, 3.767344, 0.458366, 4.087576, 4.087576, H
0.688203, 5.033966, 0.817810, 4.042147, 0.224893, I
0.726488, 3.792149, 0.424612, 2.240037, 2.240037, J
0.883466, 3.824279, 0.517864, 2.978407, 1.617369, A
1.690001, 3.760531, 0.476034, 1.912332, 1.912332, B
0.793129, 1.244446, 0.210618, 2.021896, 2.021896, C
1.124094, 1.238218, 0.197664, 2.585320, 2.585320, D
1.412168, 4.886781, 0.600875, 2.509260, 0.634844, E
0.453340, 4.548149, 0.518002, 4.986297, 2.934813, F
0.724490, 3.163651, 0.390335, 2.632789, 2.167382, G
0.736620, 3.194162, 0.410103, 4.087576, 3.920562, H
0.688203, 3.914918, 0.525185, 4.042147, 4.042147, I
0.726488, 2.944214, 0.377590, 2.240037, 2.240037, J
0.883466, 4.697468, 0.579581, 2.978407, 1.220419, A
1.690001, 2.969290, 0.387642, 1.912332, 1.912332, B
0.793129, 0.916273, 0.172984, 2.021896, 2.021896, C
1.124094, 1.464113, 0.224298, 2.585320, 1.090922, D
1.412168, 3.645772, 0.378671, 2.509260, 2.509260, E
0.453340, 3.825536, 0.343123, 4.986297, 4.913436, F
0.724490, 4.115391, 0.588409, 2.632789, 0.685393, G
0.736620, 3.468255, 0.437222, 4.087576, 2.420881, H
0.688203, 3.107749, 0.427690, 4.042147, 4.042147, I
0.726488, 2.309658, 0.343531, 2.240037, 2.240037, J
0.883466, 3.383626, 0.422125, 2.978407, 2.978407, A
1.690001, 2.380874, 0.350502, 1.912332, 1.912332, B
0.793129, 0.688703, 0.145657, 2.021896, 2.021896, C
1.124094, 2.183141, 0.350407, 2.585320, 0.000000, D
1.412168, 2.762298, 0.316342, 2.509260, 2.509260, E
0.453340, 3.741690, 0.406816, 4.986297, 3.996142, F
0.724490, 3.557331, 0.367590, 2.632789, 2.553805, G
0.736620, 5.170745, 0.712468, 4.087576, 0.000000, H
0.688203, 2.724108, 0.371782, 4.042147, 3.947252, I
0.726488, 1.869354, 0.311590, 2.240037, 2.217637, J
0.883466, 2.470140, 0.325181, 2.978407, 2.978407, A
1.690001, 2.000765, 0.310150, 1.912332, 1.912332, B
0.793129, 0.530116, 0.126417, 2.021896, 2.021896, C
1.124094, 3.251930, 0.535674, 2.585320, 0.000000, D
1.412168, 2.143287, 0.279871, 2.509260, 2.509260, E
0.453340, 5.139852, 0.625896, 4.986297, 0.842423, F
0.724490, 3.288449, 0.326085, 2.632789, 2.368423, G
0.736620, 3.549396, 0.539731, 4.087576, 4.087576, H
0.688203, 3.702565, 0.520333, 4.042147, 0.821284, I
0.726488, 1.588037, 0.278379, 2.240037, 2.233877, J
0.883466, 1.825732, 0.296473, 2.978407, 2.978407, A
1.690001, 1.854090, 0.260800, 1.912332, 1.726218, B
0.793129, 0.416931, 0.105019, 2.021896, 2.021896, C
1.124094, 4.531788, 0.790165, 2.585320, 0.374284, D
1.412168, 1.657415, 0.259504, 2.509260, 2.509260, E
0.453340, 3.541744, 0.423253, 4.986297, 4.986297, F
0.724490, 4.102696, 0.502907, 2.632789, 0.925737, G
0.736620, 2.437946, 0.419621, 4.087576, 4.087576, H
0.688203, 5.203350, 0.799257, 4.042147, 0.495149, I
0.726488, 1.637998, 0.270764, 2.240037, 1.544581, J
0.883466, 1.402370, 0.259538, 2.978407, 2.966996, A
1.690001, 2.256502, 0.345965, 1.912332, 0.876358, B
0.793129, 0.346421, 0.082801, 2.021896, 2.002439, C
1.124094, 4.039844, 0.516892, 2.585320, 2.508424, D
1.412168, 1.354430, 0.228933, 2.509260, 2.509260, E
0.453340, 2.494307, 0.355505, 4.986297, 4.986297, F
0.724490, 5.106746, 0.681645, 2.632789, 1.088850, G
0.736620, 1.726326, 0.354400, 4.087576, 4.087576, H
0.688203, 3.717709, 0.549671, 4.042147, 4.042147, I
0.726488, 2.194910, 0.367271, 2.240037, 0.474985, J
0.883466, 1.133865, 0.207065, 2.978407, 2.978407, A
1.690001, 3.012491, 0.497496, 1.912332, 0.529096, B
0.793129, 0.330589, 0.066137, 2.021896, 1.766100, C
1.124094, 3.466967, 0.359674, 2.585320, 2.569629, D
1.412168, 1.286580, 0.227342, 2.509260, 2.210276, E
0.453340, 1.842283, 0.305448, 4.986297, 4.986297, F
0.724490, 3.559447, 0.452624, 2.632789, 2.632789, G
0.736620, 1.262283, 0.273525, 4.087576, 4.087576, H
0.688203, 2.660656, 0.434062, 4.042147, 4.042147, I
0.726488, 3.274360, 0.586094, 2.240037, 0.000000, J
0.883466, 1.095538, 0.199615, 2.978407, 2.519949, A
1.690001, 3.329175, 0.489015, 1.912332, 1.196761, B
0.793129, 0.426504, 0.081129, 2.021896, 0.618130, C
1.124094, 2.784141, 0.272467, 2.585320, 2.585320, D
1.412168, 1.756886, 0.276497, 2.509260, 0.536952, E
0.453340, 1.438615, 0.258010, 4.986297, 4.986297, F
0.724490, 2.479202, 0.325236, 2.632789, 2.632789, G
0.736620, 0.953484, 0.226377, 4.087576, 4.087576, H
0.688203, 1.969258, 0.368550, 4.042147, 4.042147, I
0.726488, 2.768232, 0.364980, 2.240037, 2.190510, J
0.883466, 1.535651, 0.254355, 2.978407, 0.399892, A
1.690001, 2.325926, 0.281425, 1.912332, 1.912332, B
0.793129, 0.634840, 0.119258, 2.021896, 0.000000, C
1.124094, 2.216029, 0.261279, 2.585320, 2.585320, D
1.412168, 2.618810, 0.433153, 2.509260, 0.000000, E
0.453340, 1.452766, 0.207273, 4.986297, 3.353695, F
0.724490, 1.745144, 0.272674, 2.632789, 2.632789, G
0.736620, 0.793076, 0.163397, 4.087576, 3.969746, H
0.688203, 1.529913, 0.302973, 4.042147, 4.042147, I
0.726488, 2.312691, 0.261382, 2.240037, 2.240037, J
0.883466, 2.288075, 0.387975, 2.978407, 0.000000, A
1.690001, 1.632635, 0.208717, 1.912332, 1.912332, B
0.793129, 0.945576, 0.180734, 2.021896, 0.000000, C
1.124094, 1.819461, 0.232859, 2.585320, 2.585320, D
1.412168, 1.919902, 0.270516, 2.509260, 2.509260, E
0.453340, 2.164532, 0.323321, 4.986297, 0.000000, F
0.724490, 1.253344, 0.232495, 2.632789, 2.632789, G
0.736620, 0.988789, 0.201057, 4.087576, 1.528546, H
0.688203, 1.328251, 0.242354, 4.042147, 3.913462, I
0.726488, 1.893738, 0.214913, 2.240037, 2.240037, J
0.883466, 1.717938, 0.243727, 2.978407, 2.978407, A
1.690001, 1.160138, 0.176092, 1.912332, 1.912332, B
0.793129, 1.410678, 0.285092, 2.021896, 0.000000, C
1.124094, 1.558813, 0.208456, 2.585320, 2.533613, D
1.412168, 1.429910, 0.207881, 2.509260, 2.509260, E
0.453340, 1.825608, 0.228645, 4.986297, 4.986297, F
0.724490, 0.894067, 0.191450, 2.632789, 2.632789, G
0.736620, 1.461664, 0.295244, 4.087576, 0.051543, H
0.688203, 1.874211, 0.342167, 4.042147, 0.463452, I
0.726488, 1.547151, 0.191081, 2.240037, 2.240037, J
0.883466, 1.311409, 0.183121, 2.978407, 2.978407, A
1.690001, 0.831885, 0.157199, 1.912332, 1.912332, B
0.793129, 1.600122, 0.252610, 2.021896, 1.234023, C
1.124094, 1.368476, 0.168269, 2.585320, 2.585320, D
1.412168, 1.059655, 0.163850, 2.509260, 2.509260, E
0.453340, 1.508706, 0.174364, 4.986297, 4.936434, F
0.724490, 0.656869, 0.160977, 2.632789, 2.632789, G
0.736620, 2.177694, 0.447393, 4.087576, 0.034480, H
0.688203, 1.467991, 0.222218, 4.042147, 4.042147, I
0.726488, 1.320907, 0.179220, 2.240037, 2.217637, J
0.883466, 1.037076, 0.156692, 2.978407, 2.978407, A
1.690001, 0.601481, 0.129854, 1.912332, 1.912332, B
0.793129, 1.771656, 0.280358, 2.021896, 1.307483, C
1.124094, 1.355203, 0.180335, 2.585320, 2.108568, D
1.412168, 0.818215, 0.136684, 2.509260, 2.509260, E
0.453340, 1.759472, 0.248527, 4.986297, 2.586864, F
0.724490, 0.489594, 0.133083, 2.632789, 2.632789, G
0.736620, 1.503399, 0.325280, 4.087576, 4.087576, H
0.688203, 1.199904, 0.174760, 4.042147, 4.042147, I
0.726488, 1.241843, 0.170285, 2.240037, 2.079460, J
0.883466, 0.840326, 0.141129, 2.978407, 2.978407, A
1.690001, 0.436158, 0.105198, 1.912332, 1.912332, B
0.793129, 1.391022, 0.199252, 2.021896, 2.021896, C
1.124094, 1.699061, 0.248836, 2.585320, 0.964996, D
1.412168, 0.634649, 0.119066, 2.509260, 2.509260, E
0.453340, 1.384099, 0.186741, 4.986297, 4.986297, F
0.724490, 0.374366, 0.107419, 2.632789, 2.632789, G
0.736620, 1.042929, 0.252759, 4.087576, 4.087576, H
0.688203, 1.308081, 0.197125, 4.042147, 2.460505, I
0.726488, 1.410896, 0.187757, 2.240037, 1.300163, J
0.883466, 0.703247, 0.122426, 2.978407, 2.978407, A
1.690001, 0.323651, 0.087147, 1.912332, 1.912332, B
0.793129, 1.068901, 0.153132, 2.021896, 2.021896, C
1.124094, 1.218212, 0.181626, 2.585320, 2.585320, D
1.412168, 0.529418, 0.099674, 2.509260, 2.509260, E
0.453340, 1.163622, 0.161403, 4.986297, 4.935215, F
0.724490, 0.290912, 0.090373, 2.632789, 2.632789, G
0.736620, 0.753990, 0.198958, 4.087576, 4.087576, H
0.688203, 1.923464, 0.313061, 4.042147, 0.129850, I
0.726488, 1.529831, 0.223437, 2.240037, 1.550506, J
0.883466, 0.711445, 0.121423, 2.978407, 2.316454, A
1.690001, 0.247742, 0.071140, 1.912332, 1.912332, B
0.793129, 0.828813, 0.129826, 2.021896, 2.021896, C
1.124094, 0.867127, 0.142479, 2.585320, 2.585320, D
1.412168, 0.481845, 0.076828, 2.509260, 2.330845, E
0.453340, 1.291105, 0.186737, 4.986297, 2.655096, F
0.724490, 0.229072, 0.069491, 2.632789, 2.632789, G
0.736620, 0.561583, 0.155072, 4.087576, 4.087576, H
0.688203, 1.326235, 0.223753, 4.042147, 4.042147, I
0.726488, 1.536358, 0.227359, 2.240037, 1.849861, J
0.883466, 0.941710, 0.143288, 2.978407, 0.705948, A
1.690001, 0.190696, 0.054558, 1.912332, 1.912332, B
0.793129, 0.675084, 0.114326, 2.021896, 2.021896, C
1.124094, 0.630556, 0.122548, 2.585320, 2.585320, D
1.412168, 0.557407, 0.086455, 2.509260, 1.385645, E
0.453340, 1.297853, 0.161010, 4.986297, 3.809244, F
0.724490, 0.190795, 0.051782, 2.632789, 2.632789, G
0.736620, 0.429017, 0.126341, 4.087576, 4.087576, H
0.688203, 0.931607, 0.177491, 4.042147, 4.042147, I
0.726488, 1.099199, 0.145682, 2.240037, 2.240037, J
0.883466, 1.184009, 0.179049, 2.978407, 0.996687, A
1.690001, 0.153475, 0.043724, 1.912332, 1.912332, B
0.793129, 0.550829, 0.098287, 2.021896, 2.021896, C
1.124094, 0.470821, 0.098550, 2.585320, 2.585320, D
1.412168, 0.805253, 0.128620, 2.509260, 0.182978, E
0.453340, 0.907881, 0.122153, 4.986297, 4.986297, F
0.724490, 0.162710, 0.038841, 2.632789, 2.580133, G
0.736620, 0.361226, 0.091999, 4.087576, 3.965874, H
0.688203, 0.659312, 0.139136, 4.042147, 4.042147, I
0.726488, 0.784324, 0.109388, 2.240037, 2.240037, J
0.883466, 0.809384, 0.122589, 2.978407, 2.978407, A
1.690001, 0.128574, 0.032357, 1.912332, 1.893696, B
0.793129, 0.468252, 0.085335, 2.021896, 1.994336, C
1.124094, 0.357593, 0.079795, 2.585320, 2.585320, D
1.412168, 0.988189, 0.147172, 2.509260, 1.035367, E
0.453340, 0.649685, 0.099105, 4.986297, 4.986297, F
0.724490, 0.158017, 0.031184, 2.632789, 2.235922, G
0.736620, 0.426448, 0.081004, 4.087576, 1.832243, H
0.688203, 0.473123, 0.110779, 4.042147, 4.042147, I
0.726488, 0.568031, 0.084877, 2.240037, 2.240037, J
0.883466, 0.558138, 0.097231, 2.978407, 2.978407, A
1.690001, 0.121820, 0.023168, 1.912332, 1.779292, B
0.793129, 0.485420, 0.087568, 2.021896, 1.490066, C
1.124094, 0.284414, 0.066787, 2.585320, 2.585320, D
1.412168, 0.687762, 0.097769, 2.509260, 2.509260, E
0.453340, 0.484617, 0.090183, 4.986297, 4.986297, F
0.724490, 0.233959, 0.050116, 2.632789, 0.077165, G
0.736620, 0.635977, 0.127618, 4.087576, 0.000000, H
0.688203, 0.358755, 0.088734, 4.042147, 4.042147, I
0.726488, 0.418112, 0.077371, 2.240037, 2.240037, J
0.883466, 0.391444, 0.078883, 2.978407, 2.978407, A
1.690001, 0.124892, 0.022486, 1.912332, 1.535927, B
0.793129, 0.514705, 0.074327, 2.021896, 1.466960, C
1.124094, 0.240122, 0.049918, 2.585320, 2.585320, D
1.412168, 0.474581, 0.067600, 2.509260, 2.509260, E
0.453340, 0.385029, 0.071293, 4.986297, 4.986297, F
0.724490, 0.349263, 0.080193, 2.632789, 0.000000, G
0.736620, 0.564887, 0.077875, 4.087576, 3.924073, H
0.688203, 0.288922, 0.065509, 4.042147, 4.042147, I
0.726488, 0.313110, 0.066063, 2.240037, 2.240037, J
0.883466, 0.278765, 0.061721, 2.978407, 2.978407, A
1.690001, 0.147105, 0.024355, 1.912332, 0.982276, B
0.793129, 0.420753, 0.050369, 2.021896, 2.021896, C
1.124094, 0.285767, 0.050172, 2.585320, 1.010795, D
1.412168, 0.332501, 0.052148, 2.509260, 2.509260, E
0.453340, 0.402391, 0.059122, 4.986297, 3.330916, F
0.724490, 0.508500, 0.104673, 2.632789, 0.128962, G
0.736620, 0.410820, 0.056769, 4.087576, 4.087576, H
0.688203, 0.347647, 0.072194, 4.042147, 1.617260, I
0.726488, 0.239960, 0.056627, 2.240037, 2.240037, J
0.883466, 0.200593, 0.048665, 2.978407, 2.978407, A
1.690001, 0.207330, 0.030064, 1.912332, 0.205321, B
0.793129, 0.337307, 0.036905, 2.021896, 2.021896, C
1.124094, 0.426262, 0.078821, 2.585320, 0.000000, D
1.412168, 0.234907, 0.041764, 2.509260, 2.509260, E
0.453340, 0.442536, 0.053401, 4.986297, 2.800398, F
0.724490, 0.365866, 0.067315, 2.632789, 2.632789, G
0.736620, 0.304587, 0.049103, 4.087576, 4.087576, H
0.688203, 0.518797, 0.112581, 4.042147, 0.037563, I
0.726488, 0.185819, 0.046382, 2.240037, 2.240037, J
0.883466, 0.149170, 0.041049, 2.978407, 2.978407, A
1.690001, 0.309608, 0.051573, 1.912332, 0.000000, B
0.793129, 0.284272, 0.037527, 2.021896, 2.001677, C
1.124094, 0.435670, 0.051980, 2.585320, 2.004285, D
1.412168, 0.170975, 0.035753, 2.509260, 2.509260, E
0.453340, 0.396094, 0.040286, 4.986297, 4.714405, F
0.724490, 0.266642, 0.048943, 2.632789, 2.632789, G
0.736620, 0.231754, 0.043321, 4.087576, 4.087576, H
0.688203, 0.379484, 0.080544, 4.042147, 4.042147, I
0.726488, 0.148137, 0.036484, 2.240037, 2.240037, J
0.883466, 0.111803, 0.033151, 2.978407, 2.978407, A
1.690001, 0.415803, 0.069981, 1.912332, 0.367504, B
0.793129, 0.234629, 0.034554, 2.021896, 2.001677, C
1.124094, 0.312699, 0.039875, 2.585320, 2.585320, D
1.412168, 0.123534, 0.030280, 2.509260, 2.509260, E
0.453340, 0.329608, 0.032362, 4.986297, 4.986297, F
0.724490, 0.196959, 0.038962, 2.632789, 2.632789, G
0.736620, 0.189877, 0.033907, 4.087576, 4.046700, H
0.688203, 0.286354, 0.064165, 4.042147, 4.042147, I
0.726488, 0.122981, 0.026896, 2.240037, 2.217637, J
0.883466, 0.090154, 0.025092, 2.978407, 2.978407, A
1.690001, 0.290415, 0.046742, 1.912332, 1.912332, B
0.793129, 0.210777, 0.029434, 2.021896, 1.946687, C
1.124094, 0.231630, 0.034181, 2.585320, 2.585320, D
1.412168, 0.090487, 0.024101, 2.509260, 2.509260, E
0.453340, 0.312880, 0.031345, 4.986297, 4.405396, F
0.724490, 0.149248, 0.032745, 2.632789, 2.632789, G
0.736620, 0.204327, 0.030553, 4.087576, 2.559453, H
0.688203, 0.216410, 0.047447, 4.042147, 4.042147, I
0.726488, 0.124956, 0.025633, 2.240037, 1.762062, J
0.883466, 0.083682, 0.018721, 2.978407, 2.691835, A
1.690001, 0.204117, 0.037404, 1.912332, 1.912332, B
0.793129, 0.225866, 0.031995, 2.021896, 1.464601, C
1.124094, 0.170979, 0.031368, 2.585320, 2.585320, D
1.412168, 0.066925, 0.019462, 2.509260, 2.509260, E
0.453340, 0.226056, 0.026064, 4.986297, 4.986297, F
0.724490, 0.118066, 0.025798, 2.632789, 2.632789, G
0.736620, 0.289857, 0.046131, 4.087576, 0.386431, H
0.688203, 0.181332, 0.037376, 4.042147, 3.954321, I
0.726488, 0.146884, 0.024998, 2.240037, 1.065080, J
0.883466, 0.097218, 0.017400, 2.978407, 1.601444, A
1.690001, 0.146050, 0.029798, 1.912332, 1.912332, B
0.793129, 0.207811, 0.027805, 2.021896, 1.848445, C
1.124094, 0.132880, 0.028502, 2.585320, 2.585320, D
1.412168, 0.051085, 0.015790, 2.509260, 2.509260, E
0.453340, 0.167664, 0.024528, 4.986297, 4.986297, F
0.724490, 0.097179, 0.021341, 2.632789, 2.632789, G
0.736620, 0.209351, 0.031237, 4.087576, 4.087576, H
0.688203, 0.201568, 0.034777, 4.042147, 2.275114, I
0.726488, 0.210080, 0.037096, 2.240037, 0.203686, J
0.883466, 0.144066, 0.027157, 2.978407, 0.029851, A
1.690001, 0.104052, 0.023928, 1.912332, 1.912332, B
0.793129, 0.162725, 0.017862, 2.021896, 2.021896, C
1.124094, 0.102639, 0.023842, 2.585320, 2.585320, D
1.412168, 0.038585, 0.012551, 2.509260, 2.509260, E
0.453340, 0.128155, 0.020576, 4.986297, 4.986297, F
0.724490, 0.091551, 0.019146, 2.632789, 2.379644, G
0.736620, 0.149509, 0.022972, 4.087576, 4.087576, H
0.688203, 0.200006, 0.024023, 4.042147, 3.354319, I
0.726488, 0.172884, 0.024624, 2.240037, 2.240037, J
0.883466, 0.177339, 0.027504, 2.978407, 1.200038, A
1.690001, 0.074762, 0.019405, 1.912332, 1.912332, B
0.793129, 0.131973, 0.016978, 2.021896, 2.021896, C
1.124094, 0.083244, 0.018519, 2.585320, 2.585320, D
1.412168, 0.029811, 0.009831, 2.509260, 2.509260, E
0.453340, 0.114007, 0.015811, 4.986297, 4.806296, F
0.724490, 0.115851, 0.023008, 2.632789, 0.846781, G
0.736620, 0.111470, 0.018777, 4.087576, 4.087576, H
0.688203, 0.143549, 0.017965, 4.042147, 4.042147, I
0.726488, 0.139531, 0.017187, 2.240037, 2.240037, J
0.883466, 0.123007, 0.020625, 2.978407, 2.978407, A
1.690001, 0.054589, 0.016087, 1.912332, 1.912332, B
0.793129, 0.104391, 0.015070, 2.021896, 2.021896, C
1.124094, 0.079637, 0.015022, 2.585320, 2.257621, D
1.412168, 0.023861, 0.007865, 2.509260, 2.509260, E
0.453340, 0.160835, 0.023220, 4.986297, 0.567890, F
0.724490, 0.167585, 0.028885, 2.632789, 0.142337, G
0.736620, 0.086591, 0.016136, 4.087576, 4.087576, H
0.688203, 0.104846, 0.016262, 4.042147, 4.042147, I
0.726488, 0.119968, 0.014894, 2.240037, 2.212977, J
0.883466, 0.086158, 0.015375, 2.978407, 2.978407, A
1.690001, 0.040137, 0.012615, 1.912332, 1.912332, B
0.793129, 0.084811, 0.013037, 2.021896, 2.021896, C
1.124094, 0.111793, 0.022046, 2.585320, 0.358807, D
1.412168, 0.019394, 0.005903, 2.509260, 2.509260, E
0.453340, 0.132576, 0.016685, 4.986297, 4.986297, F
0.724490, 0.122689, 0.018185, 2.632789, 2.632789, G
0.736620, 0.072051, 0.013481, 4.087576, 4.080044, H
0.688203, 0.078849, 0.013999, 4.042147, 4.042147, I
0.726488, 0.113399, 0.013109, 2.240037, 2.063958, J
0.883466, 0.061261, 0.012894, 2.978407, 2.978407, A
1.690001, 0.029827, 0.010072, 1.912332, 1.912332, B
0.793129, 0.074711, 0.011326, 2.021896, 1.971294, C
1.124094, 0.104088, 0.017848, 2.585320, 2.420106, D
1.412168, 0.016068, 0.004418, 2.509260, 2.484168, E
0.453340, 0.097716, 0.013715, 4.986297, 4.986297, F
0.724490, 0.090092, 0.013177, 2.632789, 2.632789, G
0.736620, 0.070558, 0.011758, 4.087576, 3.583244, H
0.688203, 0.060776, 0.011630, 4.042147, 4.042147, I
0.726488, 0.104959, 0.013726, 2.240037, 2.053954, J
0.883466, 0.044541, 0.011067, 2.978407, 2.978407, A
1.690001, 0.022738, 0.008101, 1.912332, 1.912332, B
0.793129, 0.070571, 0.011542, 2.021896, 1.762054, C
1.124094, 0.081398, 0.012784, 2.585320, 2.585320, D
1.412168, 0.013942, 0.003388, 2.509260, 2.484168, E
0.453340, 0.072920, 0.012354, 4.986297, 4.986297, F
0.724490, 0.067388, 0.011231, 2.632789, 2.632789, G
0.736620, 0.090912, 0.014410, 4.087576, 1.331175, H
0.688203, 0.050421, 0.009494, 4.042147, 3.966990, I
0.726488, 0.081524, 0.011117, 2.240037, 2.240037, J
0.883466, 0.033142, 0.008830, 2.978407, 2.978407, A
1.690001, 0.017343, 0.006444, 1.912332, 1.912332, B
0.793129, 0.063908, 0.008246, 2.021896, 1.889535, C
1.124094, 0.063106, 0.010232, 2.585320, 2.585320, D
1.412168, 0.013479, 0.002917, 2.509260, 2.120614, E
0.453340, 0.055172, 0.010367, 4.986297, 4.986297, F
0.724490, 0.051949, 0.009816, 2.632789, 2.632789, G
0.736620, 0.067387, 0.009877, 4.087576, 4.087576, H
0.688203, 0.058153, 0.009844, 4.042147, 2.176427, I
0.726488, 0.062157, 0.009852, 2.240037, 2.240037, J
0.883466, 0.025422, 0.007146, 2.978407, 2.978407, A
1.690001, 0.013687, 0.005150, 1.912332, 1.912332, B
0.793129, 0.052215, 0.006724, 2.021896, 2.021896, C
1.124094, 0.049152, 0.008248, 2.585320, 2.585320, D
1.412168, 0.016287, 0.002902, 2.509260, 1.136115, E
0.453340, 0.046789, 0.008178, 4.986297, 4.975395, F
0.724490, 0.040163, 0.008445, 2.632789, 2.632789, G
0.736620, 0.050075, 0.008014, 4.087576, 4.087576, H
0.688203, 0.063886, 0.008464, 4.042147, 2.398908, I
0.726488, 0.046188, 0.008120, 2.240037, 2.240037, J
0.883466, 0.020537, 0.005581, 2.978407, 2.978407, A
1.690001, 0.010998, 0.003848, 1.912332, 1.912332, B
0.793129, 0.043725, 0.005719, 2.021896, 2.021896, C
1.124094, 0.039649, 0.006424, 2.585320, 2.585320, D
1.412168, 0.023254, 0.004125, 2.509260, 0.213844, E
0.453340, 0.048586, 0.008000, 4.986297, 3.613855, F
0.724490, 0.032848, 0.006971, 2.632789, 2.632789, G
0.736620, 0.038098, 0.006647, 4.087576, 4.087576, H
0.688203, 0.044145, 0.006210, 4.042147, 4.042147, I
0.726488, 0.034374, 0.006681, 2.240037, 2.240037, J
0.883466, 0.019944, 0.004393, 2.978407, 2.590983, A
1.690001, 0.009310, 0.002848, 1.912332, 1.912332, B
0.793129, 0.034349, 0.005052, 2.021896, 2.021896, C
1.124094, 0.034386, 0.005196, 2.585320, 2.585320, D
1.412168, 0.034705, 0.006708, 2.509260, 0.000000, E
0.453340, 0.036073, 0.005676, 4.986297, 4.986297, F
0.724490, 0.028675, 0.005512, 2.632789, 2.625063, G
0.736620, 0.030569, 0.005621, 4.087576, 4.087576, H
0.688203, 0.030976, 0.005236, 4.042147, 4.042147, I
0.726488, 0.026205, 0.005799, 2.240037, 2.240037, J
0.883466, 0.028074, 0.005975, 2.978407, 0.428350, A
1.690001, 0.008360, 0.002064, 1.912332, 1.872558, B
0.793129, 0.027286, 0.004390, 2.021896, 2.021896, C
1.124094, 0.028083, 0.004145, 2.585320, 2.585320, D
1.412168, 0.028571, 0.003874, 2.509260, 2.484168, E
0.453340, 0.026809, 0.004645, 4.986297, 4.986297, F
0.724490, 0.027970, 0.004869, 2.632789, 2.281510, G
0.736620, 0.025768, 0.004580, 4.087576, 4.046700, H
0.688203, 0.022658, 0.004593, 4.042147, 4.042147, I
0.726488, 0.020954, 0.004866, 2.240037, 2.240037, J
0.883466, 0.025265, 0.003874, 2.978407, 2.791021, A
1.690001, 0.008516, 0.001890, 1.912332, 1.489066, B
0.793129, 0.021645, 0.003868, 2.021896, 2.021896, C
1.124094, 0.022208, 0.003284, 2.585320, 2.585320, D
1.412168, 0.022964, 0.003226, 2.509260, 2.509260, E
0.453340, 0.020820, 0.003832, 4.986297, 4.986297, F
0.724490, 0.023252, 0.003593, 2.632789, 2.580612, G
0.736620, 0.022374, 0.003700, 4.087576, 4.064448, H
0.688203, 0.017057, 0.004064, 4.042147, 4.042147, I
0.726488, 0.016636, 0.004111, 2.240037, 2.240037, J
0.883466, 0.019245, 0.002760, 2.978407, 2.978407, A
1.690001, 0.010071, 0.002024, 1.912332, 0.996147, B
0.793129, 0.017195, 0.003386, 2.021896, 2.021896, C
1.124094, 0.017330, 0.002897, 2.585320, 2.585320, D
1.412168, 0.018163, 0.002724, 2.509260, 2.509260, E
0.453340, 0.016765, 0.003066, 4.986297, 4.986297, F
0.724490, 0.018312, 0.002863, 2.632789, 2.632789, G
0.736620, 0.020435, 0.003026, 4.087576, 3.816588, H
0.688203, 0.013047, 0.003266, 4.042147, 4.042147, I
0.726488, 0.013411, 0.003345, 2.240037, 2.240037, J
0.883466, 0.014599, 0.002180, 2.978407, 2.978407, A
1.690001, 0.013083, 0.002222, 1.912332, 0.579344, B
0.793129, 0.013672, 0.002695, 2.021896, 2.021896, C
1.124094, 0.013671, 0.002491, 2.585320, 2.585320, D
1.412168, 0.014511, 0.002318, 2.509260, 2.509260, E
0.453340, 0.017738, 0.003027, 4.986297, 3.532800, F
0.724490, 0.014667, 0.002493, 2.632789, 2.632789, G
0.736620, 0.014795, 0.002188, 4.087576, 4.087576, H
0.688203, 0.010732, 0.002498, 4.042147, 4.036504, I
0.726488, 0.011585, 0.002531, 2.240037, 2.195237, J
0.883466, 0.011284, 0.001737, 2.978407, 2.978407, A
1.690001, 0.013759, 0.002186, 1.912332, 1.355569, B
0.793129, 0.011226, 0.002118, 2.021896, 2.021896, C
1.124094, 0.011085, 0.002047, 2.585320, 2.585320, D
1.412168, 0.011477, 0.001926, 2.509260, 2.509260, E
0.453340, 0.012834, 0.002181, 4.986297, 4.986297, F
0.724490, 0.011934, 0.001995, 2.632789, 2.632789, G
0.736620, 0.011112, 0.001785, 4.087576, 4.087576, H
0.688203, 0.010617, 0.001799, 4.042147, 3.429410, I
0.726488, 0.012093, 0.002268, 2.240037, 1.682305, J
0.883466, 0.009264, 0.001596, 2.978407, 2.918838, A
1.690001, 0.010283, 0.001414, 1.912332, 1.912332, B
0.793129, 0.009217, 0.001607, 2.021896, 2.021896, C
1.124094, 0.009481, 0.001595, 2.585320, 2.564170, D
1.412168, 0.009453, 0.001647, 2.509260, 2.509260, E
0.453340, 0.009461, 0.001636, 4.986297, 4.986297, F
0.724490, 0.010192, 0.001460, 2.632789, 2.606461, G
0.736620, 0.008643, 0.001483, 4.087576, 4.087576, H
0.688203, 0.014162, 0.002278, 4.042147, 0.828543, I
0.726488, 0.011187, 0.001465, 2.240037, 2.009066, J
0.883466, 0.008276, 0.001319, 2.978407, 2.877479, A
1.690001, 0.007726, 0.001121, 1.912332, 1.912332, B
0.793129, 0.007918, 0.001373, 2.021896, 2.008051, C
1.124094, 0.008829, 0.001236, 2.585320, 2.377152, D
1.412168, 0.008215, 0.001283, 2.509260, 2.484168, E
0.453340, 0.007212, 0.001269, 4.986297, 4.986297, F
0.724490, 0.009752, 0.001334, 2.632789, 2.364628, G
0.736620, 0.007353, 0.001234, 4.087576, 3.998245, H
0.688203, 0.010149, 0.001739, 4.042147, 4.042147, I
0.726488, 0.010373, 0.001071, 2.240037, 2.105635, J
0.883466, 0.008895, 0.001376, 2.978407, 2.037325, A
1.690001, 0.005817, 0.000973, 1.912332, 1.912332, B
0.793129, 0.006798, 0.001158, 2.021896, 1.989686, C
1.124094, 0.010688, 0.001521, 2.585320, 1.065927, D
1.412168, 0.008189, 0.001089, 2.509260, 2.054664, E
0.453340, 0.006066, 0.000960, 4.986297, 4.901563, F
0.724490, 0.008006, 0.000907, 2.632789, 2.632789, G
0.736620, 0.008525, 0.001298, 4.087576, 1.921988, H
0.688203, 0.007239, 0.001392, 4.042147, 4.042147, I
0.726488, 0.007898, 0.000929, 2.240037, 2.240037, J
0.883466, 0.008442, 0.001074, 2.978407, 2.667604, A
1.690001, 0.004497, 0.000856, 1.912332, 1.912332, B
0.793129, 0.007307, 0.001206, 2.021896, 1.509011, C
1.124094, 0.007570, 0.001080, 2.585320, 2.585320, D
1.412168, 0.009649, 0.001183, 2.509260, 1.238971, E
0.453340, 0.006671, 0.000937, 4.986297, 3.342121, F
0.724490, 0.006991, 0.000728, 2.632789, 2.529106, G
0.736620, 0.010895, 0.001538, 4.087576, 1.193492, H
0.688203, 0.005183, 0.001113, 4.042147, 4.042147, I
0.726488, 0.006152, 0.000798, 2.240037, 2.240037, J
0.883466, 0.009497, 0.001241, 2.978407, 1.714153, A
1.690001, 0.003471, 0.000721, 1.912332, 1.912332, B
0.793129, 0.008941, 0.001471, 2.021896, 0.908654, C
1.124094, 0.005410, 0.000819, 2.585320, 2.585320, D
1.412168, 0.008400, 0.000906, 2.509260, 2.471546, E
0.453340, 0.009716, 0.001449, 4.986297, 0.252433, F
0.724490, 0.008003, 0.000963, 2.632789, 1.497877, G
0.736620, 0.007737, 0.001120, 4.087576, 4.087576, H
0.688203, 0.003968, 0.000920, 4.042147, 4.042147, I
0.726488, 0.004778, 0.000742, 2.240037, 2.240037, J
0.883466, 0.007643, 0.000817, 2.978407, 2.978407, A
1.690001, 0.002726, 0.000622, 1.912332, 1.912332, B
0.793129, 0.007747, 0.000988, 2.021896, 2.001677, C
1.124094, 0.003913, 0.000687, 2.585320, 2.585320, D
1.412168, 0.007545, 0.000816, 2.509260, 2.408890, E
0.453340, 0.007588, 0.000976, 4.986297, 4.986297, F
0.724490, 0.010193, 0.001364, 2.632789, 0.967703, G
0.736620, 0.005640, 0.000919, 4.087576, 4.087576, H
0.688203, 0.003144, 0.000768, 4.042147, 4.042147, I
0.726488, 0.003820, 0.000681, 2.240037, 2.240037, J
0.883466, 0.006297, 0.000689, 2.978407, 2.978407, A
1.690001, 0.002223, 0.000517, 1.912332, 1.912106, B
0.793129, 0.007153, 0.000923, 2.021896, 1.874161, C
1.124094, 0.002846, 0.000592, 2.585320, 2.585320, D
1.412168, 0.008525, 0.000997, 2.509260, 1.350073, E
0.453340, 0.006502, 0.000790, 4.986297, 4.771661, F
0.724490, 0.007004, 0.000871, 2.632789, 2.632789, G
0.736620, 0.004222, 0.000742, 4.087576, 4.087576, H
0.688203, 0.002710, 0.000622, 4.042147, 3.943891, I
0.726488, 0.003252, 0.000575, 2.240037, 2.191134, J
0.883466, 0.006020, 0.000746, 2.978407, 2.695627, A
1.690001, 0.001907, 0.000433, 1.912332, 1.893209, B
0.793129, 0.006108, 0.000712, 2.021896, 2.001677, C
1.124094, 0.002158, 0.000507, 2.585320, 2.585320, D
1.412168, 0.006050, 0.000709, 2.509260, 2.509260, E
0.453340, 0.008749, 0.001098, 4.986297, 1.115778, F
0.724490, 0.004905, 0.000627, 2.632789, 2.632789, G
0.736620, 0.003275, 0.000628, 4.087576, 4.087576, H
0.688203, 0.003074, 0.000564, 4.042147, 2.358779, I
0.726488, 0.003521, 0.000604, 2.240037, 1.480711, J
0.883466, 0.007811, 0.001033, 2.978407, 1.011578, A
1.690001, 0.001798, 0.000343, 1.912332, 1.688519, B
0.793129, 0.005742, 0.000695, 2.021896, 1.860156, C
1.124094, 0.001654, 0.000426, 2.585320, 2.585320, D
1.412168, 0.004321, 0.000550, 2.509260, 2.509260, E
0.453340, 0.006041, 0.000876, 4.986297, 4.986297, F
0.724490, 0.003476, 0.000548, 2.632789, 2.632789, G
0.736620, 0.003151, 0.000517, 4.087576, 3.552919, H
0.688203, 0.004578, 0.000847, 4.042147, 0.030216, I
0.726488, 0.004770, 0.000826, 2.240037, 0.398743, J
0.883466, 0.005373, 0.000755, 2.978407, 2.978407, A
1.690001, 0.002468, 0.000490, 1.912332, 0.394641, B
0.793129, 0.006335, 0.000803, 2.021896, 1.335073, C
1.124094, 0.001389, 0.000329, 2.585320, 2.585320, D
1.412168, 0.003128, 0.000492, 2.509260, 2.509260, E
0.453340, 0.004246, 0.000726, 4.986297, 4.986297, F
0.724490, 0.002507, 0.000481, 2.632789, 2.632789, G
0.736620, 0.004617, 0.000751, 4.087576, 0.159541, H
0.688203, 0.006833, 0.001368, 4.042147, 0.000000, I
0.726488, 0.007110, 0.001277, 2.240037, 0.000000, J
0.883466, 0.003712, 0.000585, 2.978407, 2.978407, A
1.690001, 0.003674, 0.000734, 1.912332, 0.000000, B
0.793129, 0.005483, 0.000618, 2.021896, 1.975630, C
1.124094, 0.001453, 0.000253, 2.585320, 1.840555, D
1.412168, 0.002281, 0.000437, 2.509260, 2.509260, E
0.453340, 0.003058, 0.000624, 4.986297, 4.986297, F
0.724490, 0.001821, 0.000409, 2.632789, 2.632789, G
0.736620, 0.006880, 0.001152, 4.087576, 0.000000, H
0.688203, 0.005535, 0.000903, 4.042147, 4.042147, I
0.726488, 0.005504, 0.000885, 2.240037, 2.240037, J
0.883466, 0.002585, 0.000467, 2.978407, 2.978407, A
1.690001, 0.005474, 0.001117, 1.912332, 0.000000, B
0.793129, 0.004618, 0.000501, 2.021896, 1.981458, C
1.124094, 0.002103, 0.000360, 2.585320, 0.138609, D
1.412168, 0.001706, 0.000370, 2.509260, 2.509260, E
0.453340, 0.002366, 0.000505, 4.986297, 4.986297, F
0.724490, 0.001372, 0.000348, 2.632789, 2.632789, G
0.736620, 0.004870, 0.000811, 4.087576, 4.087576, H
0.688203, 0.005044, 0.000705, 4.042147, 3.767756, I
0.726488, 0.004223, 0.000705, 2.240037, 2.240037, J
0.883466, 0.001845, 0.000385, 2.978407, 2.978407, A
1.690001, 0.004080, 0.000637, 1.912332, 1.912332, B
0.793129, 0.003730, 0.000421, 2.021896, 2.021896, C
1.124094, 0.003134, 0.000550, 2.585320, 0.000000, D
1.412168, 0.001309, 0.000294, 2.509260, 2.509260, E
0.453340, 0.001968, 0.000365, 4.986297, 4.802170, F
0.724490, 0.001056, 0.000284, 2.632789, 2.632789, G
0.736620, 0.003526, 0.000584, 4.087576, 4.087576, H
0.688203, 0.004255, 0.000500, 4.042147, 4.001725, I
0.726488, 0.003314, 0.000561, 2.240037, 2.240037, J
0.883466, 0.001350, 0.000309, 2.978407, 2.978407, A
1.690001, 0.003033, 0.000418, 1.912332, 1.912332, B
0.793129, 0.003032, 0.000369, 2.021896, 2.021896, C
1.124094, 0.004175, 0.000750, 2.585320, 0.643734, D
1.412168, 0.001033, 0.000234, 2.509260, 2.509260, E
0.453340, 0.002675, 0.000519, 4.986297, 1.012724, F
0.724490, 0.000830, 0.000213, 2.632789, 2.632789, G
0.736620, 0.002574, 0.000468, 4.087576, 4.087576, H
0.688203, 0.003165, 0.000416, 4.042147, 4.042147, I
0.726488, 0.002711, 0.000458, 2.240037, 2.227348, J
0.883466, 0.001037, 0.000255, 2.978407, 2.978407, A
1.690001, 0.002308, 0.000320, 1.912332, 1.912332, B
0.793129, 0.002549, 0.000325, 2.021896, 2.021896, C
1.124094, 0.002886, 0.000546, 2.585320, 2.585320, D
1.412168, 0.000877, 0.000180, 2.509260, 2.509260, E
0.453340, 0.003993, 0.000829, 4.986297, 0.000000, F
0.724490, 0.000710, 0.000173, 2.632789, 2.623852, G
0.736620, 0.001976, 0.000397, 4.087576, 4.087576, H
0.688203, 0.002432, 0.000372, 4.042147, 4.042147, I
0.726488, 0.002391, 0.000381, 2.240037, 2.183940, J
0.883466, 0.000820, 0.000211, 2.978407, 2.978407, A
1.690001, 0.001780, 0.000300, 1.912332, 1.912332, B
0.793129, 0.002244, 0.000302, 2.021896, 1.872873, C
1.124094, 0.002005, 0.000424, 2.585320, 2.585320, D
1.412168, 0.001057, 0.000194, 2.509260, 1.114474, E
0.453340, 0.002789, 0.000648, 4.986297, 4.986297, F
0.724490, 0.000815, 0.000153, 2.632789, 1.371310, G
0.736620, 0.001602, 0.000325, 4.087576, 4.087576, H
0.688203, 0.001941, 0.000355, 4.042147, 4.042147, I
0.726488, 0.002489, 0.000363, 2.240037, 1.616987, J
0.883466, 0.000731, 0.000147, 2.978407, 2.804478, A
1.690001, 0.001401, 0.000262, 1.912332, 1.912332, B
0.793129, 0.001886, 0.000255, 2.021896, 2.019709, C
1.124094, 0.001416, 0.000327, 2.585320, 2.585320, D
1.412168, 0.001575, 0.000296, 2.509260, 0.000000, E
0.453340, 0.001943, 0.000501, 4.986297, 4.986297, F
0.724490, 0.001187, 0.000220, 2.632789, 0.123216, G
0.736620, 0.001563, 0.000249, 4.087576, 3.210819, H
0.688203, 0.001645, 0.000286, 4.042147, 3.960462, I
0.726488, 0.001986, 0.000266, 2.240037, 2.217637, J
0.883466, 0.000935, 0.000180, 2.978407, 1.076854, A
1.690001, 0.001126, 0.000226, 1.912332, 1.912332, B
0.793129, 0.001470, 0.000195, 2.021896, 2.021896, C
1.124094, 0.000998, 0.000252, 2.585320, 2.585320, D
1.412168, 0.001692, 0.000284, 2.509260, 1.796989, E
0.453340, 0.001349, 0.000365, 4.986297, 4.986297, F
0.724490, 0.001770, 0.000352, 2.632789, 0.000000, G
0.736620, 0.002246, 0.000376, 4.087576, 0.315548, H
0.688203, 0.001643, 0.000247, 4.042147, 3.266002, I
0.726488, 0.001486, 0.000227, 2.240037, 2.240037, J
0.883466, 0.001293, 0.000276, 2.978407, 0.474226, A
1.690001, 0.000930, 0.000183, 1.912332, 1.912332, B
0.793129, 0.001144, 0.000171, 2.021896, 2.021896, C
1.124094, 0.000727, 0.000202, 2.585320, 2.585320, D
1.412168, 0.001734, 0.000232, 2.509260, 1.979329, E
0.453340, 0.000951, 0.000285, 4.986297, 4.986297, F
0.724490, 0.001866, 0.000268, 2.632789, 1.857957, G
0.736620, 0.001586, 0.000285, 4.087576, 4.087576, H
0.688203, 0.002171, 0.000319, 4.042147, 0.943458, I
0.726488, 0.001136, 0.000197, 2.240037, 2.240037, J
0.883466, 0.001928, 0.000423, 2.978407, 0.000000, A
1.690001, 0.000815, 0.000153, 1.912332, 1.912332, B
0.793129, 0.000917, 0.000162, 2.021896, 2.021896, C
1.124094, 0.000549, 0.000161, 2.585320, 2.585320, D
1.412168, 0.001643, 0.000191, 2.509260, 2.275954, E
0.453340, 0.000707, 0.000228, 4.986297, 4.986297, F
0.724490, 0.001777, 0.000245, 2.632789, 2.351329, G
0.736620, 0.001152, 0.000247, 4.087576, 4.087576, H
0.688203, 0.001553, 0.000225, 4.042147, 4.042147, I
0.726488, 0.000868, 0.000177, 2.240037, 2.240037, J
0.883466, 0.001412, 0.000269, 2.978407, 2.978407, A
1.690001, 0.000763, 0.000141, 1.912332, 1.739421, B
0.793129, 0.000753, 0.000140, 2.021896, 2.021896, C
1.124094, 0.000424, 0.000128, 2.585320, 2.585320, D
1.412168, 0.001439, 0.000152, 2.509260, 2.473284, E
0.453340, 0.000541, 0.000174, 4.986297, 4.986297, F
0.724490, 0.001430, 0.000183, 2.632789, 2.632789, G
0.736620, 0.000855, 0.000200, 4.087576, 4.087576, H
0.688203, 0.001133, 0.000183, 4.042147, 4.042147, I
0.726488, 0.000680, 0.000148, 2.240037, 2.240037, J
0.883466, 0.001045, 0.000187, 2.978407, 2.978407, A
1.690001, 0.000821, 0.000147, 1.912332, 1.420461, B
0.793129, 0.000652, 0.000117, 2.021896, 2.021896, C
1.124094, 0.000346, 0.000099, 2.585320, 2.585320, D
1.412168, 0.001122, 0.000122, 2.509260, 2.509260, E
0.453340, 0.000436, 0.000126, 4.986297, 4.986297, F
0.724490, 0.001074, 0.000139, 2.632789, 2.632789, G
0.736620, 0.000660, 0.000158, 4.087576, 4.087576, H
0.688203, 0.000843, 0.000155, 4.042147, 4.042147, I
0.726488, 0.000545, 0.000117, 2.240037, 2.240037, J
0.883466, 0.000770, 0.000146, 2.978407, 2.978407, A
1.690001, 0.000840, 0.000135, 1.912332, 1.522239, B
0.793129, 0.000717, 0.000129, 2.021896, 1.370839, C
1.124094, 0.000295, 0.000073, 2.585320, 2.541991, D
1.412168, 0.000795, 0.000106, 2.509260, 2.509260, E
0.453340, 0.000422, 0.000085, 4.986297, 4.215442, F
0.724490, 0.000798, 0.000114, 2.632789, 2.632789, G
0.736620, 0.000579, 0.000117, 4.087576, 3.890825, H
0.688203, 0.000682, 0.000131, 4.042147, 3.976930, I
0.726488, 0.000453, 0.000095, 2.240037, 2.240037, J
0.883466, 0.000559, 0.000109, 2.978407, 2.978407, A
1.690001, 0.000643, 0.000089, 1.912332, 1.912332, B
0.793129, 0.000661, 0.000076, 2.021896, 1.906529, C
1.124094, 0.000332, 0.000062, 2.585320, 1.570638, D
1.412168, 0.000570, 0.000095, 2.509260, 2.509260, E
0.453340, 0.000584, 0.000112, 4.986297, 0.727313, F
0.724490, 0.000584, 0.000098, 2.632789, 2.632789, G
0.736620, 0.000750, 0.000136, 4.087576, 1.353489, H
0.688203, 0.000653, 0.000109, 4.042147, 3.319728, I
0.726488, 0.000397, 0.000074, 2.240037, 2.217637, J
0.883466, 0.000415, 0.000092, 2.978407, 2.978407, A
1.690001, 0.000494, 0.000071, 1.912332, 1.912332, B
0.793129, 0.000565, 0.000071, 2.021896, 1.981458, C
1.124094, 0.000481, 0.000089, 2.585320, 0.135726, D
1.412168, 0.000403, 0.000080, 2.509260, 2.509260, E
0.453340, 0.000847, 0.000164, 4.986297, 0.285142, F
0.724490, 0.000436, 0.000086, 2.632789, 2.632789, G
0.736620, 0.000567, 0.000094, 4.087576, 4.087576, H
0.688203, 0.000610, 0.000074, 4.042147, 3.621312, I
0.726488, 0.000391, 0.000072, 2.240037, 1.823597, J
0.883466, 0.000328, 0.000074, 2.978407, 2.978407, A
1.690001, 0.000392, 0.000060, 1.912332, 1.912332, B
0.793129, 0.000486, 0.000062, 2.021896, 1.938566, C
1.124094, 0.000717, 0.000135, 2.585320, 0.000000, D
1.412168, 0.000294, 0.000070, 2.509260, 2.509260, E
0.453340, 0.000590, 0.000135, 4.986297, 4.986297, F
0.724490, 0.000330, 0.000074, 2.632789, 2.632789, G
0.736620, 0.000445, 0.000076, 4.087576, 4.087576, H
0.688203, 0.000764, 0.000100, 4.042147, 1.486454, I
0.726488, 0.000464, 0.000080, 2.240037, 1.024694, J
0.883466, 0.000261, 0.000062, 2.978407, 2.978407, A
1.690001, 0.000308, 0.000053, 1.912332, 1.912332, B
0.793129, 0.000504, 0.000074, 2.021896, 1.590618, C
1.124094, 0.000583, 0.000092, 2.585320, 2.585320, D
1.412168, 0.000216, 0.000058, 2.509260, 2.509260, E
0.453340, 0.000415, 0.000102, 4.986297, 4.986297, F
0.724490, 0.000254, 0.000061, 2.632789, 2.632789, G
0.736620, 0.000371, 0.000059, 4.087576, 4.087576, H
0.688203, 0.000557, 0.000071, 4.042147, 4.042147, I
0.726488, 0.000690, 0.000118, 2.240037, 0.000000, J
0.883466, 0.000221, 0.000047, 2.978407, 2.918838, A
1.690001, 0.000250, 0.000046, 1.912332, 1.912332, B
0.793129, 0.000492, 0.000076, 2.021896, 1.613335, C
1.124094, 0.000471, 0.000071, 2.585320, 2.585320, D
1.412168, 0.000163, 0.000047, 2.509260, 2.509260, E
0.453340, 0.000307, 0.000086, 4.986297, 4.986297, F
0.724490, 0.000207, 0.000051, 2.632789, 2.632789, G
0.736620, 0.000504, 0.000081, 4.087576, 0.863621, H
0.688203, 0.000416, 0.000063, 4.042147, 4.042147, I
0.726488, 0.000497, 0.000076, 2.240037, 2.240037, J
0.883466, 0.000222, 0.000040, 2.978407, 2.388756, A
1.690001, 0.000212, 0.000039, 1.912332, 1.893209, B
0.793129, 0.000404, 0.000053, 2.021896, 2.004827, C
1.124094, 0.000383, 0.000058, 2.585320, 2.585320, D
1.412168, 0.000127, 0.000039, 2.509260, 2.509260, E
0.453340, 0.000239, 0.000067, 4.986297, 4.986297, F
0.724490, 0.000178, 0.000040, 2.632789, 2.632239, G
0.736620, 0.000394, 0.000057, 4.087576, 4.087576, H
0.688203, 0.000315, 0.000056, 4.042147, 4.042147, I
0.726488, 0.000354, 0.000061, 2.240037, 2.240037, J
0.883466, 0.000291, 0.000051, 2.978407, 0.750405, A
1.690001, 0.000193, 0.000032, 1.912332, 1.842390, B
0.793129, 0.000299, 0.000043, 2.021896, 2.021896, C
1.124094, 0.000307, 0.000047, 2.585320, 2.585320, D
1.412168, 0.000102, 0.000029, 2.509260, 2.509260, E
0.453340, 0.000215, 0.000046, 4.986297, 4.517742, F
0.724490, 0.000170, 0.000034, 2.632789, 2.295321, G
0.736620, 0.000307, 0.000044, 4.087576, 4.087576, H
0.688203, 0.000254, 0.000049, 4.042147, 4.042147, I
0.726488, 0.000253, 0.000048, 2.240037, 2.240037, J
0.883466, 0.000246, 0.000036, 2.978407, 2.970010, A
1.690001, 0.000227, 0.000036, 1.912332, 1.066859, B
0.793129, 0.000220, 0.000036, 2.021896, 2.021896, C
1.124094, 0.000231, 0.000038, 2.585320, 2.585320, D
1.412168, 0.000086, 0.000022, 2.509260, 2.509260, E
0.453340, 0.000305, 0.000064, 4.986297, 0.488069, F
0.724490, 0.000203, 0.000042, 2.632789, 1.363651, G
0.736620, 0.000233, 0.000037, 4.087576, 4.087576, H
0.688203, 0.000231, 0.000038, 4.042147, 3.908859, I
0.726488, 0.000184, 0.000039, 2.240037, 2.240037, J
0.883466, 0.000206, 0.000029, 2.978407, 2.978407, A
1.690001, 0.000266, 0.000049, 1.912332, 1.032660, B
0.793129, 0.000162, 0.000030, 2.021896, 2.021896, C
1.124094, 0.000180, 0.000030, 2.585320, 2.585320, D
1.412168, 0.000077, 0.000017, 2.509260, 2.459805, E
0.453340, 0.000218, 0.000046, 4.986297, 4.986297, F
0.724490, 0.000257, 0.000050, 2.632789, 1.011383, G
0.736620, 0.000178, 0.000031, 4.087576, 4.087576, H
0.688203, 0.000286, 0.000047, 4.042147, 1.796985, I
0.726488, 0.000134, 0.000032, 2.240037, 2.240037, J
0.883466, 0.000205, 0.000024, 2.978407, 2.121873, A
1.690001, 0.000217, 0.000033, 1.912332, 1.893209, B
0.793129, 0.000121, 0.000026, 2.021896, 2.021896, C
1.124094, 0.000142, 0.000026, 2.585320, 2.585320, D
1.412168, 0.000076, 0.000013, 2.509260, 2.140532, E
0.453340, 0.000160, 0.000036, 4.986297, 4.986297, F
0.724490, 0.000232, 0.000032, 2.632789, 2.527477, G
0.736620, 0.000141, 0.000027, 4.087576, 4.087576, H
0.688203, 0.000216, 0.000029, 4.042147, 4.042147, I
0.726488, 0.000099, 0.000026, 2.240037, 2.240037, J
0.883466, 0.000193, 0.000022, 2.978407, 2.663952, A
1.690001, 0.000174, 0.000024, 1.912332, 1.912332, B
0.793129, 0.000094, 0.000022, 2.021896, 2.021896, C
1.124094, 0.000119, 0.000022, 2.585320, 2.560120, D
1.412168, 0.000086, 0.000014, 2.509260, 1.509856, E
0.453340, 0.000126, 0.000028, 4.986297, 4.986297, F
0.724490, 0.000173, 0.000025, 2.632789, 2.632789, G
0.736620, 0.000120, 0.000021, 4.087576, 4.016967, H
0.688203, 0.000159, 0.000024, 4.042147, 4.042147, I
0.726488, 0.000075, 0.000021, 2.240037, 2.240037, J
0.883466, 0.000139, 0.000017, 2.978407, 2.978407, A
1.690001, 0.000134, 0.000019, 1.912332, 1.912332, B
0.793129, 0.000074, 0.000019, 2.021896, 2.021896, C
1.124094, 0.000107, 0.000020, 2.585320, 2.465030, D
1.412168, 0.000124, 0.000021, 2.509260, 0.128631, E
0.453340, 0.000124, 0.000021, 4.986297, 3.536587, F
0.724490, 0.000127, 0.000020, 2.632789, 2.632789, G
0.736620, 0.000144, 0.000026, 4.087576, 2.149551, H
0.688203, 0.000123, 0.000022, 4.042147, 4.042147, I
0.726488, 0.000058, 0.000017, 2.240037, 2.240037, J
0.883466, 0.000100, 0.000015, 2.978407, 2.978407, A
1.690001, 0.000103, 0.000016, 1.912332, 1.912332, B
0.793129, 0.000061, 0.000016, 2.021896, 2.021896, C
1.124094, 0.000115, 0.000020, 2.585320, 1.749669, D
1.412168, 0.000132, 0.000017, 2.509260, 1.693868, E
0.453340, 0.000159, 0.000027, 4.986297, 1.598197, F
0.724490, 0.000095, 0.000018, 2.632789, 2.632789, G
0.736620, 0.000115, 0.000017, 4.087576, 4.087576, H
0.688203, 0.000100, 0.000018, 4.042147, 4.042147, I
0.726488, 0.000047, 0.000014, 2.240037, 2.240037, J
0.883466, 0.000073, 0.000013, 2.978407, 2.978407, A
1.690001, 0.000081, 0.000014, 1.912332, 1.912332, B
0.793129, 0.000051, 0.000012, 2.021896, 2.021896, C
1.124094, 0.000118, 0.000016, 2.585320, 2.039556, D
1.412168, 0.000130, 0.000013, 2.509260, 2.235546, E
0.453340, 0.000112, 0.000020, 4.986297, 4.986297, F
0.724490, 0.000074, 0.000016, 2.632789, 2.632789, G
0.736620, 0.000099, 0.000012, 4.087576, 4.027808, H
0.688203, 0.000105, 0.000015, 4.042147, 2.748369, I
0.726488, 0.000040, 0.000010, 2.240037, 2.240037, J
0.883466, 0.000054, 0.000012, 2.978407, 2.978407, A
1.690001, 0.000063, 0.000013, 1.912332, 1.912332, B
0.793129, 0.000047, 0.000009, 2.021896, 1.915496, C
1.124094, 0.000103, 0.000010, 2.585320, 2.433312, D
1.412168, 0.000094, 0.000010, 2.509260, 2.509260, E
0.453340, 0.000082, 0.000017, 4.986297, 4.986297, F
0.724490, 0.000058, 0.000013, 2.632789, 2.632789, G
0.736620, 0.000125, 0.000017, 4.087576, 1.406069, H
0.688203, 0.000123, 0.000015, 4.042147, 2.060032, I
0.726488, 0.000038, 0.000008, 2.240037, 2.008429, J
0.883466, 0.000041, 0.000010, 2.978407, 2.978407, A
1.690001, 0.000050, 0.000011, 1.912332, 1.912332, B
0.793129, 0.000050, 0.000009, 2.021896, 1.495916, C
1.124094, 0.000098, 0.000011, 2.585320, 2.372363, D
1.412168, 0.000069, 0.000009, 2.509260, 2.509260, E
0.453340, 0.000062, 0.000014, 4.986297, 4.986297, F
0.724490, 0.000048, 0.000011, 2.632789, 2.632789, G
0.736620, 0.000098, 0.000012, 4.087576, 4.087576, H
0.688203, 0.000093, 0.000011, 4.042147, 4.042147, I
0.726488, 0.000041, 0.000008, 2.240037, 1.587590, J
0.883466, 0.000033, 0.000008, 2.978407, 2.978407, A
1.690001, 0.000041, 0.000009, 1.912332, 1.893209, B
0.793129, 0.000063, 0.000012, 2.021896, 0.729989, C
1.124094, 0.000074, 0.000008, 2.585320, 2.585320, D
1.412168, 0.000051, 0.000008, 2.509260, 2.509260, E
0.453340, 0.000050, 0.000011, 4.986297, 4.986297, F
0.724490, 0.000047, 0.000009, 2.632789, 2.260619, G
0.736620, 0.000073, 0.000010, 4.087576, 4.087576, H
0.688203, 0.000072, 0.000009, 4.042147, 4.042147, I
0.726488, 0.000047, 0.000008, 2.240037, 1.319657, J
0.883466, 0.000028, 0.000007, 2.978407, 2.978407, A
1.690001, 0.000035, 0.000007, 1.912332, 1.912332, B
0.793129, 0.000063, 0.000009, 2.021896, 1.709529, C
1.124094, 0.000056, 0.000007, 2.585320, 2.585320, D
1.412168, 0.000039, 0.000008, 2.509260, 2.509260, E
0.453340, 0.000060, 0.000011, 4.986297, 2.197472, F
0.724490, 0.000054, 0.000009, 2.632789, 1.559555, G
0.736620, 0.000054, 0.000008, 4.087576, 4.087576, H
0.688203, 0.000055, 0.000008, 4.042147, 4.042147, I
0.726488, 0.000063, 0.000011, 2.240037, 0.415703, J
0.883466, 0.000024, 0.000005, 2.978407, 2.975878, A
1.690001, 0.000032, 0.000006, 1.912332, 1.759377, B
0.793129, 0.000050, 0.000006, 2.021896, 2.021896, C
1.124094, 0.000042, 0.000006, 2.585320, 2.585320, D
1.412168, 0.000030, 0.000007, 2.509260, 2.509260, E
0.453340, 0.000062, 0.000008, 4.986297, 3.266533, F
0.724490, 0.000054, 0.000007, 2.632789, 2.058287, G
0.736620, 0.000040, 0.000007, 4.087576, 4.087576, H
0.688203, 0.000042, 0.000007, 4.042147, 4.042147, I
0.726488, 0.000051, 0.000007, 2.240037, 2.240037, J
0.883466, 0.000024, 0.000004, 2.978407, 2.383262, A
1.690001, 0.000040, 0.000007, 1.912332, 0.701716, B
0.793129, 0.000040, 0.000005, 2.021896, 2.021896, C
1.124094, 0.000031, 0.000006, 2.585320, 2.585320, D
1.412168, 0.000023, 0.000005, 2.509260, 2.509260, E
0.453340, 0.000044, 0.000006, 4.986297, 4.986297, F
0.724490, 0.000052, 0.000005, 2.632789, 2.325519, G
0.736620, 0.000031, 0.000006, 4.087576, 4.087576, H
0.688203, 0.000036, 0.000006, 4.042147, 3.966386, I
0.726488, 0.000042, 0.000005, 2.240037, 2.231107, J
0.883466, 0.000032, 0.000006, 2.978407, 0.722585, A
1.690001, 0.000051, 0.000008, 1.912332, 0.706587, B
0.793129, 0.000033, 0.000005, 2.021896, 1.981458, C
1.124094, 0.000024, 0.000005, 2.585320, 2.585320, D
1.412168, 0.000020, 0.000004, 2.509260, 2.379221, E
0.453340, 0.000032, 0.000005, 4.986297, 4.986297, F
0.724490, 0.000037, 0.000004, 2.632789, 2.632789, G
0.736620, 0.000025, 0.000005, 4.087576, 4.005824, H
0.688203, 0.000035, 0.000005, 4.042147, 3.219536, I
0.726488, 0.000035, 0.000004, 2.240037, 2.240037, J
0.883466, 0.000047, 0.000008, 2.978407, 0.166513, A
1.690001, 0.000035, 0.000005, 1.912332, 1.912332, B
0.793129, 0.000030, 0.000004, 2.021896, 1.969705, C
1.124094, 0.000019, 0.000004, 2.585320, 2.585320, D
1.412168, 0.000025, 0.000005, 2.509260, 0.874262, E
0.453340, 0.000025, 0.000005, 4.986297, 4.986297, F
0.724490, 0.000026, 0.000004, 2.632789, 2.632789, G
0.736620, 0.000024, 0.000004, 4.087576, 3.493115, H
0.688203, 0.000046, 0.000007, 4.042147, 1.026293, I
0.726488, 0.000031, 0.000004, 2.240037, 2.171426, J
0.883466, 0.000035, 0.000005, 2.978407, 2.978407, A
1.690001, 0.000024, 0.000004, 1.912332, 1.912332, B
0.793129, 0.000028, 0.000004, 2.021896, 1.779268, C
1.124094, 0.000016, 0.000004, 2.585320, 2.585320, D
1.412168, 0.000038, 0.000007, 2.509260, 0.000000, E
0.453340, 0.000021, 0.000004, 4.986297, 4.844936, F
0.724490, 0.000019, 0.000003, 2.632789, 2.632789, G
0.736620, 0.000032, 0.000005, 4.087576, 1.213221, H
0.688203, 0.000036, 0.000005, 4.042147, 4.042147, I
0.726488, 0.000037, 0.000005, 2.240037, 1.062127, J
0.883466, 0.000026, 0.000004, 2.978407, 2.978407, A
1.690001, 0.000017, 0.000003, 1.912332, 1.912332, B
0.793129, 0.000032, 0.000005, 2.021896, 1.322803, C
1.124094, 0.000014, 0.000003, 2.585320, 2.571035, D
1.412168, 0.000029, 0.000004, 2.509260, 2.509260, E
0.453340, 0.000029, 0.000005, 4.986297, 0.916443, F
0.724490, 0.000014, 0.000003, 2.632789, 2.632789, G
0.736620, 0.000037, 0.000006, 4.087576, 1.988240, H
0.688203, 0.000029, 0.000004, 4.042147, 4.042147, I
0.726488, 0.000031, 0.000004, 2.240037, 2.217637, J
0.883466, 0.000019, 0.000003, 2.978407, 2.978407, A
1.690001, 0.000012, 0.000002, 1.912332, 1.912332, B
0.793129, 0.000027, 0.000004, 2.021896, 2.021896, C
1.124094, 0.000013, 0.000002, 2.585320, 2.275359, D
1.412168, 0.000023, 0.000003, 2.509260, 2.509260, E
0.453340, 0.000035, 0.000005, 4.986297, 2.028199, F
0.724490, 0.000010, 0.000002, 2.632789, 2.632789, G
0.736620, 0.000027, 0.000004, 4.087576, 4.087576, H
0.688203, 0.000025, 0.000003, 4.042147, 3.840574, I
0.726488, 0.000026, 0.000003, 2.240037, 2.217637, J
0.883466, 0.000015, 0.000003, 2.978407, 2.978407, A
1.690001, 0.000008, 0.000002, 1.912332, 1.912332, B
0.793129, 0.000024, 0.000003, 2.021896, 1.961239, C
1.124094, 0.000017, 0.000003, 2.585320, 1.014713, D
1.412168, 0.000019, 0.000003, 2.509260, 2.509260, E
0.453340, 0.000024, 0.000004, 4.986297, 4.986297, F
0.724490, 0.000008, 0.000002, 2.632789, 2.632789, G
0.736620, 0.000020, 0.000003, 4.087576, 4.087576, H
0.688203, 0.000028, 0.000003, 4.042147, 2.427391, I
0.726488, 0.000022, 0.000003, 2.240037, 2.240037, J
