amtProduced_need, avg_price, sd, consumption_rate, consumed, char
1.412168, 3.167935, 0.838985, 2.509260, 1.958282, E
1.412168, 3.082629, 0.546976, 2.509260, 2.036140, E
1.412168, 3.186790, 0.367941, 2.509260, 1.830652, E
1.412168, 4.593574, 0.601228, 2.509260, 0.175959, E
1.412168, 3.604328, 0.478049, 2.509260, 2.509260, E
1.412168, 2.822825, 0.398827, 2.509260, 2.509260, E
1.412168, 2.245377, 0.352129, 2.509260, 2.509260, E
1.412168, 1.810920, 0.298964, 2.509260, 2.509260, E
1.412168, 1.505526, 0.249884, 2.509260, 2.509260, E
1.412168, 1.339775, 0.234630, 2.509260, 2.433983, E
1.412168, 1.211302, 0.239065, 2.509260, 2.459075, E
1.412168, 1.194309, 0.186649, 2.509260, 2.107779, E
1.412168, 1.270071, 0.183640, 2.509260, 1.816091, E
1.412168, 1.461154, 0.228536, 2.509260, 1.530373, E
1.412168, 1.713645, 0.282511, 2.509260, 1.405186, E
1.412168, 2.147698, 0.374356, 2.509260, 1.047075, E
1.412168, 2.972260, 0.527042, 2.509260, 0.446873, E
1.412168, 2.772311, 0.418805, 2.509260, 2.351384, E
1.412168, 2.528335, 0.316822, 2.509260, 2.397711, E
1.412168, 2.234596, 0.267938, 2.509260, 2.421159, E
1.412168, 1.931649, 0.225277, 2.509260, 2.433983, E
1.412168, 1.740043, 0.212696, 2.509260, 2.371270, E
1.412168, 1.862685, 0.269710, 2.509260, 1.707071, E
1.412168, 2.249685, 0.303594, 2.509260, 1.089143, E
1.412168, 1.903320, 0.226146, 2.509260, 2.484168, E
1.412168, 1.618012, 0.202080, 2.509260, 2.459075, E
1.412168, 1.366393, 0.173551, 2.509260, 2.459075, E
1.412168, 1.211761, 0.154191, 2.509260, 2.459075, E
1.412168, 1.064580, 0.137184, 2.509260, 2.459075, E
1.412168, 1.005569, 0.129159, 2.509260, 2.389022, E
1.412168, 1.056200, 0.151186, 2.509260, 1.957223, E
1.412168, 1.215611, 0.204425, 2.509260, 1.455371, E
1.412168, 1.250188, 0.186171, 2.509260, 1.950866, E
1.412168, 1.061809, 0.130118, 2.509260, 2.509260, E
1.412168, 0.902940, 0.109971, 2.509260, 2.509260, E
1.412168, 0.819806, 0.107085, 2.509260, 2.382266, E
1.412168, 0.796093, 0.110679, 2.509260, 2.190712, E
1.412168, 0.811519, 0.122688, 2.509260, 2.103620, E
1.412168, 0.898296, 0.132210, 2.509260, 1.654260, E
1.412168, 0.741876, 0.098080, 2.509260, 2.509260, E
1.412168, 0.639738, 0.088223, 2.509260, 2.491973, E
1.412168, 0.586058, 0.087052, 2.509260, 2.425727, E
1.412168, 0.532795, 0.074101, 2.509260, 2.358705, E
1.412168, 0.525158, 0.073688, 2.509260, 2.072205, E
1.412168, 0.612134, 0.095200, 2.509260, 1.425719, E
1.412168, 0.652260, 0.074948, 2.509260, 1.843522, E
1.412168, 0.536760, 0.061983, 2.509260, 2.484168, E
1.412168, 0.442801, 0.060029, 2.509260, 2.509260, E
1.412168, 0.399897, 0.056527, 2.509260, 2.408890, E
1.412168, 0.384716, 0.050203, 2.509260, 2.217086, E
1.412168, 0.412664, 0.064899, 2.509260, 1.676850, E
1.412168, 0.556474, 0.089535, 2.509260, 0.544292, E
1.412168, 0.465761, 0.060751, 2.509260, 2.507915, E
1.412168, 0.381571, 0.048354, 2.509260, 2.509260, E
1.412168, 0.328260, 0.041321, 2.509260, 2.484168, E
1.412168, 0.291576, 0.036755, 2.509260, 2.433983, E
1.412168, 0.287248, 0.039806, 2.509260, 2.074694, E
1.412168, 0.345698, 0.050468, 2.509260, 1.165634, E
1.412168, 0.421980, 0.057627, 2.509260, 1.089006, E
1.412168, 0.346279, 0.042889, 2.509260, 2.509260, E
1.412168, 0.284522, 0.036749, 2.509260, 2.484168, E
1.412168, 0.243910, 0.036478, 2.509260, 2.459075, E
1.412168, 0.208375, 0.030796, 2.509260, 2.509260, E
1.412168, 0.186000, 0.026353, 2.509260, 2.484168, E
1.412168, 0.171817, 0.022686, 2.509260, 2.338442, E
1.412168, 0.165831, 0.023513, 2.509260, 2.208149, E
1.412168, 0.165513, 0.024967, 2.509260, 2.157964, E
1.412168, 0.172906, 0.025862, 2.509260, 1.864570, E
1.412168, 0.212894, 0.033496, 2.509260, 1.090738, E
1.412168, 0.207493, 0.025857, 2.509260, 2.056594, E
1.412168, 0.203509, 0.027558, 2.509260, 2.169166, E
1.412168, 0.177732, 0.024078, 2.509260, 2.484168, E
1.412168, 0.162014, 0.021131, 2.509260, 2.459075, E
1.412168, 0.152237, 0.022256, 2.509260, 2.308520, E
1.412168, 0.151923, 0.022674, 2.509260, 2.107779, E
1.412168, 0.146164, 0.021328, 2.509260, 2.236646, E
1.412168, 0.135643, 0.019673, 2.509260, 2.333612, E
1.412168, 0.133995, 0.020378, 2.509260, 2.078695, E
1.412168, 0.129542, 0.016739, 2.509260, 2.196567, E
1.412168, 0.129115, 0.015292, 2.509260, 2.107779, E
1.412168, 0.112833, 0.015879, 2.509260, 2.408890, E
1.412168, 0.091175, 0.013007, 2.509260, 2.509260, E
1.412168, 0.075800, 0.010538, 2.509260, 2.509260, E
1.412168, 0.065026, 0.009198, 2.509260, 2.477374, E
1.412168, 0.058344, 0.008572, 2.509260, 2.367758, E
1.412168, 0.060191, 0.009149, 2.509260, 2.001360, E
1.412168, 0.067834, 0.010615, 2.509260, 1.447881, E
1.412168, 0.068941, 0.008268, 2.509260, 1.999327, E
1.412168, 0.076371, 0.011766, 2.509260, 1.658280, E
1.412168, 0.063820, 0.008552, 2.509260, 2.509260, E
1.412168, 0.053641, 0.007297, 2.509260, 2.484168, E
1.412168, 0.046783, 0.006712, 2.509260, 2.417655, E
1.412168, 0.041687, 0.005947, 2.509260, 2.433983, E
1.412168, 0.039054, 0.006034, 2.509260, 2.296009, E
1.412168, 0.040580, 0.006846, 2.509260, 1.982316, E
1.412168, 0.042112, 0.008893, 2.509260, 1.906124, E
1.412168, 0.047395, 0.008602, 2.509260, 1.539678, E
1.412168, 0.042174, 0.006463, 2.509260, 2.408890, E
1.412168, 0.037893, 0.005023, 2.509260, 2.412051, E
1.412168, 0.034201, 0.004199, 2.509260, 2.364983, E
