amtProduced_need, avg_price, sd, consumption_rate, consumed, char
0.793129, 3.441090, 0.865425, 2.021896, 1.405422, C
0.793129, 3.818592, 0.796821, 2.021896, 1.304327, C
0.793129, 4.315683, 0.896616, 2.021896, 1.214371, C
0.793129, 4.693153, 0.665075, 2.021896, 1.381217, C
0.793129, 5.256220, 0.806200, 2.021896, 1.248765, C
0.793129, 5.899749, 0.871486, 2.021896, 1.199246, C
0.793129, 6.652472, 1.098720, 2.021896, 1.320560, C
0.793129, 7.155864, 1.309432, 2.021896, 1.446268, C
0.793129, 8.071303, 1.477922, 2.021896, 1.280122, C
0.793129, 8.869132, 1.349842, 2.021896, 1.437187, C
0.793129, 10.156097, 1.553632, 2.021896, 1.184122, C
0.793129, 11.168461, 1.530355, 2.021896, 1.374889, C
0.793129, 12.663727, 1.972227, 2.021896, 1.214371, C
0.793129, 14.310423, 2.394845, 2.021896, 1.295246, C
0.793129, 16.498643, 3.276668, 2.021896, 1.194152, C
0.793129, 19.092231, 3.449622, 2.021896, 1.199246, C
0.793129, 21.150134, 3.603272, 2.021896, 1.335684, C
0.793129, 23.836198, 4.014999, 2.021896, 1.259903, C
0.793129, 25.742602, 3.837014, 2.021896, 1.435546, C
0.793129, 27.859610, 4.230388, 2.021896, 1.501297, C
0.793129, 31.139933, 4.368884, 2.021896, 1.239684, C
0.793129, 35.291149, 5.657475, 2.021896, 1.275027, C
0.793129, 40.225952, 6.518509, 2.021896, 1.179027, C
0.793129, 46.042546, 8.879971, 2.021896, 1.153714, C
0.793129, 49.560449, 8.677928, 2.021896, 1.436779, C
0.793129, 54.407517, 7.967009, 2.021896, 1.366625, C
0.793129, 58.116782, 7.739393, 2.021896, 1.436779, C
0.793129, 63.466913, 8.812389, 2.021896, 1.376531, C
0.793129, 69.374533, 9.788216, 2.021896, 1.330874, C
0.793129, 77.541467, 10.815931, 2.021896, 1.290436, C
0.793129, 83.482747, 13.899296, 2.021896, 1.426874, C
0.793129, 90.096891, 13.649906, 2.021896, 1.335968, C
0.793129, 100.214136, 17.247087, 2.021896, 1.355903, C
0.793129, 109.131987, 18.020378, 2.021896, 1.376122, C
0.793129, 122.764292, 18.549753, 2.021896, 1.280122, C
0.793129, 140.127283, 22.955582, 2.021896, 1.315465, C
0.793129, 149.940339, 22.890086, 2.021896, 1.361406, C
0.793129, 169.409856, 25.787443, 2.021896, 1.265122, C
0.793129, 196.545426, 31.755111, 2.021896, 1.214654, C
0.793129, 218.412718, 31.696901, 2.021896, 1.334451, C
0.793129, 250.382380, 47.257823, 2.021896, 1.337326, C
0.793129, 281.801915, 49.908089, 2.021896, 1.243670, C
0.793129, 304.619157, 39.911937, 2.021896, 1.364984, C
0.793129, 345.248288, 49.477805, 2.021896, 1.233356, C
0.793129, 385.844502, 61.632034, 2.021896, 1.335684, C
0.793129, 437.872317, 70.997133, 2.021896, 1.229779, C
0.793129, 472.582596, 75.518225, 2.021896, 1.440640, C
0.793129, 517.469539, 88.280422, 2.021896, 1.385203, C
0.793129, 558.669291, 79.517824, 2.021896, 1.452187, C
0.793129, 639.601661, 85.748130, 2.021896, 1.229779, C
0.793129, 724.772332, 104.718125, 2.021896, 1.219465, C
0.793129, 786.081192, 100.416224, 2.021896, 1.390297, C
0.793129, 911.444230, 126.785306, 2.021896, 1.189341, C
0.793129, 1011.667525, 158.705833, 2.021896, 1.270217, C
0.793129, 1192.336679, 201.128832, 2.021896, 1.128684, C
0.793129, 1350.693399, 211.650574, 2.021896, 1.259903, C
0.793129, 1425.847625, 216.495611, 2.021896, 1.477217, C
0.793129, 1609.681483, 262.311217, 2.021896, 1.215063, C
0.793129, 1759.586540, 283.107784, 2.021896, 1.416560, C
0.793129, 1924.545316, 284.076274, 2.021896, 1.395108, C
0.793129, 2124.549418, 323.162268, 2.021896, 1.334859, C
0.793129, 2411.144896, 355.105803, 2.021896, 1.208327, C
0.793129, 2712.966625, 413.234003, 2.021896, 1.253575, C
0.793129, 2978.431652, 484.368863, 2.021896, 1.295246, C
0.793129, 3379.361922, 493.447804, 2.021896, 1.311063, C
0.793129, 3863.878874, 602.825279, 2.021896, 1.238451, C
0.793129, 4272.964553, 640.121656, 2.021896, 1.345998, C
0.793129, 4704.316719, 703.688580, 2.021896, 1.374889, C
0.793129, 5429.120701, 916.683441, 2.021896, 1.204341, C
0.793129, 5686.717061, 953.236968, 2.021896, 1.460859, C
0.793129, 6385.333604, 1061.907846, 2.021896, 1.259903, C
0.793129, 6820.845458, 1100.539175, 2.021896, 1.351909, C
0.793129, 7451.005847, 1013.017337, 2.021896, 1.351092, C
0.793129, 8177.360117, 1168.270315, 2.021896, 1.379984, C
0.793129, 8703.173624, 1160.446694, 2.021896, 1.371311, C
0.793129, 9850.959755, 1418.832132, 2.021896, 1.354670, C
0.793129, 10936.873099, 1474.936370, 2.021896, 1.258670, C
0.793129, 11889.058608, 1718.664318, 2.021896, 1.395800, C
0.793129, 13392.743872, 1986.292832, 2.021896, 1.319327, C
0.793129, 14887.426812, 2457.773412, 2.021896, 1.360998, C
0.793129, 16329.783662, 2477.994923, 2.021896, 1.320968, C
0.793129, 18854.220807, 3243.762768, 2.021896, 1.194152, C
0.793129, 20819.552503, 3653.278700, 2.021896, 1.234873, C
0.793129, 22969.769754, 3995.730967, 2.021896, 1.314232, C
0.793129, 25027.954159, 3908.289304, 2.021896, 1.426874, C
0.793129, 27438.105572, 4084.564348, 2.021896, 1.411625, C
0.793129, 29361.087869, 4282.584381, 2.021896, 1.455765, C
0.793129, 33140.638706, 5089.594555, 2.021896, 1.250406, C
0.793129, 37281.529160, 6452.943419, 2.021896, 1.295246, C
0.793129, 41560.076549, 6099.050144, 2.021896, 1.336093, C
0.793129, 45000.867271, 6388.498981, 2.021896, 1.391530, C
0.793129, 51341.035012, 8411.126130, 2.021896, 1.273794, C
0.793129, 58518.671734, 9629.707345, 2.021896, 1.224684, C
0.793129, 64485.710446, 10392.873616, 2.021896, 1.244779, C
0.793129, 73822.210861, 14249.351804, 2.021896, 1.310655, C
0.793129, 83096.872778, 16321.199332, 2.021896, 1.310655, C
0.793129, 97295.406857, 18569.068177, 2.021896, 1.113276, C
0.793129, 108140.924543, 19762.944123, 2.021896, 1.360998, C
0.793129, 120779.282730, 21233.439468, 2.021896, 1.294013, C
0.793129, 136109.298242, 25199.662974, 2.021896, 1.214371, C
