amtProduced_need, avg_price, sd, consumption_rate, consumed, char
0.453340, 3.478504, 1.000236, 4.986297, 2.260487, F
0.453340, 4.092272, 0.874264, 4.986297, 2.260487, F
0.453340, 4.795216, 0.841316, 4.986297, 2.260487, F
0.453340, 5.592739, 0.793258, 4.986297, 2.260487, F
0.453340, 6.738008, 1.091435, 4.986297, 2.260487, F
0.453340, 7.977731, 1.312413, 4.986297, 2.260487, F
0.453340, 9.640513, 1.619575, 4.986297, 2.260487, F
0.453340, 11.684745, 1.975255, 4.986297, 2.174653, F
0.453340, 13.642182, 2.220417, 4.986297, 2.346320, F
0.453340, 16.105654, 2.584884, 4.986297, 2.260487, F
0.453340, 19.299329, 3.124162, 4.986297, 2.260487, F
0.453340, 22.583492, 3.508039, 4.986297, 2.260487, F
0.453340, 27.008996, 4.549279, 4.986297, 2.260487, F
0.453340, 31.458877, 5.164662, 4.986297, 2.260487, F
0.453340, 37.182227, 6.452716, 4.986297, 2.260487, F
0.453340, 44.181072, 6.531460, 4.986297, 2.260487, F
0.453340, 52.446968, 7.554062, 4.986297, 2.260487, F
0.453340, 62.796237, 9.294851, 4.986297, 2.260487, F
0.453340, 74.727228, 12.771550, 4.986297, 2.260487, F
0.453340, 88.289709, 14.950812, 4.986297, 2.207251, F
0.453340, 103.074416, 14.277072, 4.986297, 2.313722, F
0.453340, 122.209302, 18.260673, 4.986297, 2.260487, F
0.453340, 144.427084, 22.789331, 4.986297, 2.260487, F
0.453340, 172.574069, 26.744621, 4.986297, 2.260487, F
0.453340, 201.132629, 28.562181, 4.986297, 2.260487, F
0.453340, 240.766892, 37.154349, 4.986297, 2.224516, F
0.453340, 285.055104, 44.104300, 4.986297, 2.199331, F
0.453340, 335.755829, 48.780013, 4.986297, 2.316553, F
0.453340, 393.179288, 56.725808, 4.986297, 2.301546, F
0.453340, 460.166591, 65.541598, 4.986297, 2.260487, F
0.453340, 550.948663, 76.204969, 4.986297, 2.260487, F
0.453340, 652.993428, 100.430568, 4.986297, 2.260487, F
0.453340, 780.169808, 154.565462, 4.986297, 2.260487, F
0.453340, 910.305874, 195.946754, 4.986297, 2.260487, F
0.453340, 1059.100662, 151.481842, 4.986297, 2.260487, F
0.453340, 1245.876201, 175.475469, 4.986297, 2.260487, F
0.453340, 1458.940540, 221.861188, 4.986297, 2.260487, F
0.453340, 1740.487886, 263.527451, 4.986297, 2.224516, F
0.453340, 2070.455751, 345.056436, 4.986297, 2.296457, F
0.453340, 2461.036386, 384.426359, 4.986297, 2.260487, F
0.453340, 2913.893830, 453.073211, 4.986297, 2.260487, F
0.453340, 3405.771871, 484.467816, 4.986297, 2.260487, F
0.453340, 3957.471732, 537.384092, 4.986297, 2.260487, F
0.453340, 4660.733242, 748.970146, 4.986297, 2.260487, F
0.453340, 5613.216558, 911.181877, 4.986297, 2.260487, F
0.453340, 6726.681254, 1194.295457, 4.986297, 2.260487, F
0.453340, 8079.574417, 1468.089397, 4.986297, 2.260487, F
0.453340, 9599.321603, 1645.505200, 4.986297, 2.260487, F
0.453340, 11249.933142, 1524.902865, 4.986297, 2.260487, F
0.453340, 13181.236035, 1830.201127, 4.986297, 2.260487, F
0.453340, 15406.028131, 2319.871167, 4.986297, 2.260487, F
0.453340, 18190.231924, 2478.523615, 4.986297, 2.218470, F
0.453340, 21522.239156, 3066.804699, 4.986297, 2.302503, F
0.453340, 25689.728099, 3953.539465, 4.986297, 2.260487, F
0.453340, 30449.467176, 4454.278736, 4.986297, 2.260487, F
0.453340, 36067.087918, 5783.949889, 4.986297, 2.232390, F
0.453340, 43194.717907, 6524.911682, 4.986297, 2.288583, F
0.453340, 53163.152734, 8358.359060, 4.986297, 1.975201, F
0.453340, 62868.093802, 9047.657535, 4.986297, 2.288344, F
0.453340, 73744.658910, 10520.790994, 4.986297, 2.517914, F
0.453340, 87745.169942, 12338.600268, 4.986297, 2.260487, F
0.453340, 103717.603182, 15300.736003, 4.986297, 2.260487, F
0.453340, 124807.791102, 16808.446331, 4.986297, 2.260487, F
0.453340, 144057.895991, 19589.506275, 4.986297, 2.260487, F
0.453340, 169063.346845, 26302.649764, 4.986297, 2.260487, F
0.453340, 202976.674140, 32898.176982, 4.986297, 2.260487, F
0.453340, 245748.024661, 35825.574450, 4.986297, 2.224516, F
0.453340, 295790.147729, 49916.456600, 4.986297, 2.279465, F
0.453340, 350246.598937, 56087.718662, 4.986297, 2.274379, F
0.453340, 415488.758171, 69547.490635, 4.986297, 2.263586, F
0.453340, 503058.895738, 77711.945660, 4.986297, 2.260487, F
0.453340, 595698.749708, 89058.793896, 4.986297, 2.260487, F
0.453340, 708208.474696, 103553.603191, 4.986297, 2.260487, F
0.453340, 858667.482403, 126132.085056, 4.986297, 2.260487, F
0.453340, 1004210.380982, 151962.145545, 4.986297, 2.260487, F
0.453340, 1201232.490372, 204458.078042, 4.986297, 2.260487, F
0.453340, 1399337.319888, 216328.637548, 4.986297, 2.260487, F
0.453340, 1680693.904477, 273428.877493, 4.986297, 2.260487, F
0.453340, 1975844.089150, 300066.427212, 4.986297, 2.260487, F
0.453340, 2352778.535617, 357903.768820, 4.986297, 2.260487, F
0.453340, 2755416.770276, 356998.254361, 4.986297, 2.260487, F
0.453340, 3319792.835267, 474147.053883, 4.986297, 2.260487, F
0.453340, 3960152.378482, 578449.689323, 4.986297, 2.260487, F
0.453340, 4691820.944056, 777595.268848, 4.986297, 2.260487, F
0.453340, 5557710.577844, 836234.478672, 4.986297, 2.260487, F
0.453340, 6621107.938198, 943015.200474, 4.986297, 2.260487, F
0.453340, 7995924.809309, 1331454.797338, 4.986297, 2.260487, F
0.453340, 9566700.517867, 1660504.424248, 4.986297, 2.260487, F
0.453340, 11157327.942532, 1439282.099734, 4.986297, 2.260487, F
0.453340, 13364454.114462, 1812983.762767, 4.986297, 2.260487, F
0.453340, 15695056.558899, 2215877.791605, 4.986297, 2.260487, F
0.453340, 18327285.342876, 2406380.930421, 4.986297, 2.260487, F
0.453340, 21398734.685040, 2680783.074114, 4.986297, 2.260487, F
0.453340, 25230170.998631, 3560046.483294, 4.986297, 2.260487, F
0.453340, 29732812.155568, 4780389.668497, 4.986297, 2.260487, F
0.453340, 35274044.525180, 5358186.922445, 4.986297, 2.260487, F
0.453340, 41902188.275559, 5833116.657081, 4.986297, 2.260487, F
0.453340, 50165299.983904, 7184666.312088, 4.986297, 2.260487, F
0.453340, 59285690.585604, 9929723.796775, 4.986297, 2.193902, F
0.453340, 71591518.823880, 11513551.409793, 4.986297, 2.174653, F
