amtProduced_need, avg_price, sd, consumption_rate, consumed, char
0.688203, 3.148942, 0.846476, 4.042147, 2.552496, I
0.688203, 3.442319, 0.685204, 4.042147, 2.700281, I
0.688203, 3.663393, 0.664050, 4.042147, 2.911406, I
0.688203, 4.024785, 0.669043, 4.042147, 2.705237, I
0.688203, 4.315347, 0.754259, 4.042147, 2.770471, I
0.688203, 4.668788, 0.670877, 4.042147, 2.638201, I
0.688203, 5.187565, 0.789756, 4.042147, 2.629729, I
0.688203, 5.390575, 0.763575, 4.042147, 2.862213, I
0.688203, 5.700766, 0.819994, 4.042147, 2.863145, I
0.688203, 6.250906, 0.905361, 4.042147, 2.616804, I
0.688203, 6.730011, 1.072314, 4.042147, 2.755914, I
0.688203, 7.245763, 1.202478, 4.042147, 2.836155, I
0.688203, 7.612258, 1.130301, 4.042147, 2.806080, I
0.688203, 8.085381, 1.199486, 4.042147, 2.863741, I
0.688203, 8.889399, 1.481702, 4.042147, 2.556726, I
0.688203, 9.394393, 1.515443, 4.042147, 2.717234, I
0.688203, 10.057801, 1.572737, 4.042147, 2.781666, I
0.688203, 10.796837, 1.449188, 4.042147, 2.746131, I
0.688203, 11.469086, 1.583342, 4.042147, 2.938217, I
0.688203, 12.070858, 1.619509, 4.042147, 2.956542, I
0.688203, 12.478497, 1.869698, 4.042147, 3.077979, I
0.688203, 13.384695, 1.619653, 4.042147, 2.852359, I
0.688203, 14.569746, 2.035978, 4.042147, 2.752601, I
0.688203, 15.575669, 2.414056, 4.042147, 2.715365, I
0.688203, 16.921150, 2.509913, 4.042147, 2.610119, I
0.688203, 17.429675, 2.419498, 4.042147, 2.868047, I
0.688203, 19.285812, 2.833057, 4.042147, 2.608096, I
0.688203, 21.211877, 3.210586, 4.042147, 2.781419, I
0.688203, 22.501611, 3.296522, 4.042147, 2.813905, I
0.688203, 24.153500, 3.727308, 4.042147, 2.735132, I
0.688203, 25.297933, 3.612089, 4.042147, 2.840002, I
0.688203, 27.517616, 3.867462, 4.042147, 2.745341, I
0.688203, 30.375316, 5.017564, 4.042147, 2.512441, I
0.688203, 32.241392, 4.292295, 4.042147, 2.782444, I
0.688203, 33.711877, 4.371828, 4.042147, 2.932952, I
0.688203, 36.916686, 5.402107, 4.042147, 2.483423, I
0.688203, 38.958164, 5.888112, 4.042147, 2.875286, I
0.688203, 43.093027, 6.333888, 4.042147, 2.539906, I
0.688203, 45.394964, 6.027639, 4.042147, 2.829726, I
0.688203, 47.728969, 6.825514, 4.042147, 2.824242, I
0.688203, 51.992303, 7.519689, 4.042147, 2.734932, I
0.688203, 55.623850, 9.020336, 4.042147, 2.804832, I
0.688203, 59.139737, 8.538420, 4.042147, 2.752252, I
0.688203, 62.061570, 9.216640, 4.042147, 2.863411, I
0.688203, 67.405640, 9.624892, 4.042147, 2.516305, I
0.688203, 73.715732, 11.215306, 4.042147, 2.671792, I
0.688203, 80.651818, 12.610194, 4.042147, 2.654553, I
0.688203, 86.102921, 12.527660, 4.042147, 2.895914, I
0.688203, 91.314063, 13.212537, 4.042147, 2.798077, I
0.688203, 98.559509, 14.538723, 4.042147, 2.737398, I
0.688203, 105.284505, 15.291664, 4.042147, 2.679796, I
0.688203, 113.364526, 15.934335, 4.042147, 2.760832, I
0.688203, 124.291585, 17.016413, 4.042147, 2.570963, I
0.688203, 133.718366, 20.624609, 4.042147, 2.781419, I
0.688203, 141.220297, 21.481674, 4.042147, 2.815440, I
0.688203, 152.272860, 23.015694, 4.042147, 2.645597, I
0.688203, 164.464233, 23.893695, 4.042147, 2.757794, I
0.688203, 175.049149, 25.462175, 4.042147, 2.759874, I
0.688203, 182.583101, 24.163383, 4.042147, 2.872478, I
0.688203, 190.350221, 25.021956, 4.042147, 2.897969, I
0.688203, 211.080303, 29.377745, 4.042147, 2.566421, I
0.688203, 232.407588, 33.350671, 4.042147, 2.593050, I
0.688203, 247.831374, 34.915357, 4.042147, 2.806080, I
0.688203, 270.335449, 39.504496, 4.042147, 2.597148, I
0.688203, 294.695516, 45.030781, 4.042147, 2.785512, I
0.688203, 314.726011, 44.506109, 4.042147, 2.959763, I
0.688203, 334.892599, 46.756005, 4.042147, 2.739553, I
0.688203, 361.556438, 49.718521, 4.042147, 2.664115, I
0.688203, 395.108947, 55.835329, 4.042147, 2.583636, I
0.688203, 410.504949, 49.860521, 4.042147, 2.947316, I
0.688203, 449.542799, 65.269259, 4.042147, 2.673873, I
0.688203, 491.164038, 69.108112, 4.042147, 2.524497, I
0.688203, 517.858005, 73.384155, 4.042147, 2.865866, I
0.688203, 551.868420, 75.204919, 4.042147, 2.728576, I
0.688203, 593.340204, 80.393487, 4.042147, 2.759471, I
0.688203, 644.655310, 99.722603, 4.042147, 2.825350, I
0.688203, 675.432745, 101.031147, 4.042147, 2.948126, I
0.688203, 734.995271, 115.530222, 4.042147, 2.754134, I
0.688203, 788.723980, 135.682739, 4.042147, 2.806080, I
0.688203, 878.956488, 146.414154, 4.042147, 2.452445, I
0.688203, 957.280896, 152.040966, 4.042147, 2.678622, I
0.688203, 1021.871107, 134.627882, 4.042147, 2.706637, I
0.688203, 1140.943065, 152.806434, 4.042147, 2.553857, I
0.688203, 1184.154272, 149.988923, 4.042147, 2.765659, I
0.688203, 1307.907700, 190.592635, 4.042147, 2.676813, I
0.688203, 1383.853180, 201.124982, 4.042147, 2.828152, I
0.688203, 1484.959022, 221.849808, 4.042147, 2.879521, I
0.688203, 1631.041284, 228.165965, 4.042147, 2.689027, I
0.688203, 1756.280392, 257.312107, 4.042147, 2.712407, I
0.688203, 1904.050744, 278.161582, 4.042147, 2.784857, I
0.688203, 2036.042054, 255.720488, 4.042147, 2.806080, I
0.688203, 2238.518249, 305.881707, 4.042147, 2.567674, I
0.688203, 2388.608542, 331.630093, 4.042147, 2.791937, I
0.688203, 2588.406713, 366.532468, 4.042147, 2.838498, I
0.688203, 2770.659696, 400.192204, 4.042147, 2.854505, I
0.688203, 3015.815568, 441.667795, 4.042147, 2.614131, I
0.688203, 3260.197251, 489.596983, 4.042147, 2.790439, I
0.688203, 3532.994873, 624.350105, 4.042147, 2.857375, I
0.688203, 3791.257048, 525.747879, 4.042147, 2.725237, I
0.688203, 4072.697025, 480.234903, 4.042147, 2.765032, I
