0.883466, 2.781534, 0.714643, 2.978407, 2.362394, A
1.690001, 2.883645, 0.829689, 1.912332, 1.591943, B
0.793129, 3.441090, 0.865425, 2.021896, 1.405422, C
1.124094, 3.039063, 0.834219, 2.585320, 2.202024, D
1.412168, 2.853254, 0.706609, 2.509260, 2.363300, E
0.453340, 3.478504, 1.000236, 4.986297, 2.260487, F
0.724490, 3.393271, 0.937383, 2.632789, 1.603576, G
0.736620, 3.095922, 0.832239, 4.087576, 2.695909, H
0.688203, 3.148942, 0.846476, 4.042147, 2.552496, I
0.726488, 3.280900, 0.796826, 2.240037, 1.539169, J
0.883466, 2.812142, 0.545003, 2.978407, 2.422738, A
1.690001, 2.856754, 0.578619, 1.912332, 1.682853, B
0.793129, 3.818592, 0.796821, 2.021896, 1.304327, C
1.124094, 3.032120, 0.566756, 2.585320, 2.223731, D
1.412168, 2.724099, 0.566864, 2.509260, 2.233242, E
0.453340, 4.092272, 0.874264, 4.986297, 2.260487, F
0.724490, 3.883546, 0.966962, 2.632789, 1.617448, G
0.736620, 3.313535, 0.671716, 4.087576, 2.963401, H
0.688203, 3.442319, 0.685204, 4.042147, 2.700281, I
0.726488, 3.672677, 0.739560, 2.240037, 1.452818, J
0.883466, 2.916543, 0.545648, 2.978407, 2.372642, A
1.690001, 2.914359, 0.539991, 1.912332, 1.606359, B
0.793129, 4.315683, 0.896616, 2.021896, 1.214371, C
1.124094, 3.012040, 0.484366, 2.585320, 2.166466, D
1.412168, 2.570867, 0.452069, 2.509260, 2.385609, E
0.453340, 4.795216, 0.841316, 4.986297, 2.260487, F
0.724490, 4.416746, 0.875022, 2.632789, 1.643154, G
0.736620, 3.530025, 0.552159, 4.087576, 2.629839, H
0.688203, 3.663393, 0.664050, 4.042147, 2.911406, I
0.726488, 4.059151, 0.644967, 2.240037, 1.504856, J
0.883466, 3.016322, 0.576422, 2.978407, 2.239921, A
1.690001, 2.978150, 0.477162, 1.912332, 1.587236, B
0.793129, 4.693153, 0.665075, 2.021896, 1.381217, C
1.124094, 2.968006, 0.412885, 2.585320, 2.257907, D
1.412168, 2.334819, 0.364725, 2.509260, 2.400850, E
0.453340, 5.592739, 0.793258, 4.986297, 2.260487, F
0.724490, 4.831797, 0.904187, 2.632789, 1.875239, G
0.736620, 3.744168, 0.605837, 4.087576, 2.947551, H
0.688203, 4.024785, 0.669043, 4.042147, 2.705237, I
0.726488, 4.534160, 0.752905, 2.240037, 1.384782, J
0.883466, 3.106743, 0.427783, 2.978407, 2.355056, A
1.690001, 2.956142, 0.414159, 1.912332, 1.670027, B
0.793129, 5.256220, 0.806200, 2.021896, 1.248765, C
1.124094, 2.830074, 0.490271, 2.585320, 2.313810, D
1.412168, 2.166956, 0.314820, 2.509260, 2.341706, E
0.453340, 6.738008, 1.091435, 4.986297, 2.260487, F
0.724490, 5.484946, 1.027842, 2.632789, 1.710566, G
0.736620, 4.005625, 0.630289, 4.087576, 2.935939, H
0.688203, 4.315347, 0.754259, 4.042147, 2.770471, I
0.726488, 4.925715, 0.712132, 2.240037, 1.579243, J
0.883466, 3.203536, 0.458153, 2.978407, 2.278179, A
1.690001, 3.019119, 0.441581, 1.912332, 1.568113, B
0.793129, 5.899749, 0.871486, 2.021896, 1.199246, C
1.124094, 2.768414, 0.411738, 2.585320, 2.269878, D
1.412168, 2.063629, 0.299475, 2.509260, 2.209843, E
0.453340, 7.977731, 1.312413, 4.986297, 2.260487, F
0.724490, 6.065206, 1.084661, 2.632789, 1.705079, G
0.736620, 4.210477, 0.609566, 4.087576, 2.850248, H
0.688203, 4.668788, 0.670877, 4.042147, 2.638201, I
0.726488, 5.221111, 0.759224, 2.240037, 1.579491, J
0.883466, 3.355492, 0.490661, 2.978407, 2.118538, A
1.690001, 2.940424, 0.458880, 1.912332, 1.687559, B
0.793129, 6.652472, 1.098720, 2.021896, 1.320560, C
1.124094, 2.687500, 0.409945, 2.585320, 2.223375, D
1.412168, 1.995879, 0.307869, 2.509260, 2.270707, E
0.453340, 9.640513, 1.619575, 4.986297, 2.260487, F
0.724490, 6.416446, 0.884956, 2.632789, 1.958539, G
0.736620, 4.344825, 0.621484, 4.087576, 2.981616, H
0.688203, 5.187565, 0.789756, 4.042147, 2.629729, I
0.726488, 5.792227, 0.844226, 2.240037, 1.432584, J
0.883466, 3.449822, 0.485380, 2.978407, 2.302764, A
1.690001, 2.897095, 0.403027, 1.912332, 1.668436, B
0.793129, 7.155864, 1.309432, 2.021896, 1.446268, C
1.124094, 2.602073, 0.392423, 2.585320, 2.359898, D
1.412168, 1.845632, 0.327616, 2.509260, 2.337774, E
0.453340, 11.684745, 1.975255, 4.986297, 2.174653, F
0.724490, 7.104218, 1.041503, 2.632789, 1.733782, G
0.736620, 4.606501, 0.619922, 4.087576, 2.927212, H
0.688203, 5.390575, 0.763575, 4.042147, 2.862213, I
0.726488, 6.243914, 0.959961, 2.240037, 1.619666, J
0.883466, 3.604895, 0.479132, 2.978407, 2.246870, A
1.690001, 2.809906, 0.416359, 1.912332, 1.710450, B
0.793129, 8.071303, 1.477922, 2.021896, 1.280122, C
1.124094, 2.571870, 0.439950, 2.585320, 2.269878, D
1.412168, 1.704949, 0.273474, 2.509260, 2.433983, E
0.453340, 13.642182, 2.220417, 4.986297, 2.346320, F
0.724490, 7.493466, 1.304056, 2.632789, 1.901567, G
0.736620, 4.902459, 0.788102, 4.087576, 3.076949, H
0.688203, 5.700766, 0.819994, 4.042147, 2.863145, I
0.726488, 6.779522, 1.102423, 2.240037, 1.601295, J
0.883466, 3.563858, 0.488956, 2.978407, 2.595916, A
1.690001, 2.758303, 0.453422, 1.912332, 1.679086, B
0.793129, 8.869132, 1.349842, 2.021896, 1.437187, C
1.124094, 2.608698, 0.458110, 2.585320, 2.126110, D
1.412168, 1.614180, 0.243789, 2.509260, 2.333612, E
0.453340, 16.105654, 2.584884, 4.986297, 2.260487, F
0.724490, 8.187315, 1.166721, 2.632789, 1.841318, G
0.736620, 5.255689, 0.789683, 4.087576, 2.707538, H
0.688203, 6.250906, 0.905361, 4.042147, 2.616804, I
0.726488, 7.444086, 1.165419, 2.240037, 1.508042, J
0.883466, 3.685181, 0.528748, 2.978407, 2.305618, A
1.690001, 2.793866, 0.413303, 1.912332, 1.546813, B
0.793129, 10.156097, 1.553632, 2.021896, 1.184122, C
1.124094, 2.589828, 0.410756, 2.585320, 2.174780, D
1.412168, 1.480762, 0.202460, 2.509260, 2.378415, E
0.453340, 19.299329, 3.124162, 4.986297, 2.260487, F
0.724490, 9.206258, 1.458752, 2.632789, 1.555462, G
0.736620, 5.379778, 0.732390, 4.087576, 3.224167, H
0.688203, 6.730011, 1.072314, 4.042147, 2.755914, I
0.726488, 8.198465, 1.305923, 2.240037, 1.554713, J
0.883466, 3.806267, 0.660733, 2.978407, 2.383057, A
1.690001, 2.700084, 0.412032, 1.912332, 1.682853, B
0.793129, 11.168461, 1.530355, 2.021896, 1.374889, C
1.124094, 2.555300, 0.365239, 2.585320, 2.275438, D
1.412168, 1.412721, 0.202332, 2.509260, 2.248516, E
0.453340, 22.583492, 3.508039, 4.986297, 2.260487, F
0.724490, 9.797253, 1.457288, 2.632789, 1.769928, G
0.736620, 5.829601, 0.778802, 4.087576, 2.886428, H
0.688203, 7.245763, 1.202478, 4.042147, 2.836155, I
0.726488, 9.035190, 1.375981, 2.240037, 1.532163, J
0.883466, 3.834540, 0.532615, 2.978407, 2.453944, A
1.690001, 2.771590, 0.466130, 1.912332, 1.548989, B
0.793129, 12.663727, 1.972227, 2.021896, 1.214371, C
1.124094, 2.460316, 0.333498, 2.585320, 2.421886, D
1.412168, 1.336820, 0.187587, 2.509260, 2.283427, E
0.453340, 27.008996, 4.549279, 4.986297, 2.260487, F
0.724490, 10.945380, 1.632486, 2.632789, 1.705239, G
0.736620, 6.007031, 0.861143, 4.087576, 3.132200, H
0.688203, 7.612258, 1.130301, 4.042147, 2.806080, I
0.726488, 9.991644, 1.792311, 2.240037, 1.519158, J
0.883466, 4.064751, 0.556279, 2.978407, 2.271127, A
1.690001, 2.821594, 0.399138, 1.912332, 1.595710, B
0.793129, 14.310423, 2.394845, 2.021896, 1.295246, C
1.124094, 2.460367, 0.401525, 2.585320, 2.172025, D
1.412168, 1.237518, 0.180095, 2.509260, 2.346300, E
0.453340, 31.458877, 5.164662, 4.986297, 2.260487, F
0.724490, 11.992899, 1.872171, 2.632789, 1.743616, G
0.736620, 6.668502, 0.889282, 4.087576, 2.657218, H
0.688203, 8.085381, 1.199486, 4.042147, 2.863741, I
0.726488, 10.705504, 1.669775, 2.240037, 1.535525, J
0.883466, 4.115707, 0.521851, 2.978407, 2.343813, A
1.690001, 2.891962, 0.454164, 1.912332, 1.548989, B
0.793129, 16.498643, 3.276668, 2.021896, 1.194152, C
1.124094, 2.442109, 0.372994, 2.585320, 2.232659, D
1.412168, 1.133696, 0.175162, 2.509260, 2.359892, E
0.453340, 37.182227, 6.452716, 4.986297, 2.260487, F
0.724490, 13.347490, 2.215561, 2.632789, 1.656426, G
0.736620, 7.148387, 1.073163, 4.087576, 2.780007, H
0.688203, 8.889399, 1.481702, 4.042147, 2.556726, I
0.726488, 11.976200, 1.943362, 2.240037, 1.378404, J
0.883466, 3.973019, 0.520841, 2.978407, 2.589459, A
1.690001, 2.848326, 0.404784, 1.912332, 1.625483, B
0.793129, 19.092231, 3.449622, 2.021896, 1.199246, C
1.124094, 2.370411, 0.369078, 2.585320, 2.329651, D
1.412168, 1.078778, 0.171126, 2.509260, 2.272250, E
0.453340, 44.181072, 6.531460, 4.986297, 2.260487, F
0.724490, 13.810032, 2.087590, 2.632789, 2.023404, G
0.736620, 7.606921, 1.036498, 4.087576, 2.986249, H
0.688203, 9.394393, 1.515443, 4.042147, 2.717234, I
0.726488, 13.326436, 2.092529, 2.240037, 1.479483, J
0.883466, 3.975414, 0.509419, 2.978407, 2.505036, A
1.690001, 2.838847, 0.404925, 1.912332, 1.701976, B
0.793129, 21.150134, 3.603272, 2.021896, 1.335684, C
1.124094, 2.307291, 0.352229, 2.585320, 2.209253, D
1.412168, 1.015095, 0.177932, 2.509260, 2.268403, E
0.453340, 52.446968, 7.554062, 4.986297, 2.260487, F
0.724490, 15.410172, 2.608217, 2.632789, 1.682008, G
0.736620, 7.899623, 1.043759, 4.087576, 2.920415, H
0.688203, 10.057801, 1.572737, 4.042147, 2.781666, I
0.726488, 13.990977, 1.996354, 2.240037, 1.582811, J
0.883466, 4.237094, 0.649281, 2.978407, 2.099474, A
1.690001, 2.786691, 0.447867, 1.912332, 1.625483, B
0.793129, 23.836198, 4.014999, 2.021896, 1.259903, C
1.124094, 2.285503, 0.387737, 2.585320, 2.189207, D
1.412168, 0.960664, 0.170158, 2.509260, 2.358705, E
0.453340, 62.796237, 9.294851, 4.986297, 2.260487, F
0.724490, 16.741591, 2.379079, 2.632789, 1.790296, G
0.736620, 8.458280, 1.142262, 4.087576, 2.876708, H
0.688203, 10.796837, 1.449188, 4.042147, 2.746131, I
0.726488, 15.351141, 2.403673, 2.240037, 1.549810, J
0.883466, 4.327348, 0.669769, 2.978407, 2.386754, A
1.690001, 2.770675, 0.463516, 1.912332, 1.602592, B
0.793129, 25.742602, 3.837014, 2.021896, 1.435546, C
1.124094, 2.294422, 0.370840, 2.585320, 2.171668, D
1.412168, 0.905442, 0.151722, 2.509260, 2.215146, E
0.453340, 74.727228, 12.771550, 4.986297, 2.260487, F
0.724490, 18.825450, 2.625612, 2.632789, 1.731406, G
0.736620, 9.031922, 1.364489, 4.087576, 2.808258, H
0.688203, 11.469086, 1.583342, 4.042147, 2.938217, I
0.726488, 16.292096, 2.466812, 2.240037, 1.627587, J
0.883466, 4.396743, 0.698593, 2.978407, 2.324079, A
1.690001, 2.737195, 0.440584, 1.912332, 1.653080, B
0.793129, 27.859610, 4.230388, 2.021896, 1.501297, C
1.124094, 2.162505, 0.330356, 2.585320, 2.304046, D
1.412168, 0.847295, 0.129231, 2.509260, 2.300710, E
0.453340, 88.289709, 14.950812, 4.986297, 2.207251, F
0.724490, 20.488398, 3.216969, 2.632789, 1.778005, G
0.736620, 9.713693, 1.423530, 4.087576, 2.672314, H
0.688203, 12.070858, 1.619509, 4.042147, 2.956542, I
0.726488, 17.778729, 2.766963, 2.240037, 1.517192, J
0.883466, 4.547736, 0.722243, 2.978407, 2.237833, A
1.690001, 2.713096, 0.408084, 1.912332, 1.668436, B
0.793129, 31.139933, 4.368884, 2.021896, 1.239684, C
1.124094, 2.149576, 0.316398, 2.585320, 2.174780, D
1.412168, 0.808379, 0.146173, 2.509260, 2.278885, E
0.453340, 103.074416, 14.277072, 4.986297, 2.313722, F
0.724490, 22.146851, 3.591259, 2.632789, 1.778103, G
0.736620, 10.444804, 1.688152, 4.087576, 2.934158, H
0.688203, 12.478497, 1.869698, 4.042147, 3.077979, I
0.726488, 19.817042, 3.188144, 2.240037, 1.428107, J
0.883466, 4.613678, 0.710178, 2.978407, 2.452424, A
1.690001, 2.642996, 0.437236, 1.912332, 1.717332, B
0.793129, 35.291149, 5.657475, 2.021896, 1.275027, C
1.124094, 2.154316, 0.402909, 2.585320, 2.200633, D
1.412168, 0.747598, 0.122129, 2.509260, 2.383797, E
0.453340, 122.209302, 18.260673, 4.986297, 2.260487, F
0.724490, 23.417888, 3.646767, 2.632789, 1.945790, G
0.736620, 11.188755, 1.687341, 4.087576, 2.843501, H
0.688203, 13.384695, 1.619653, 4.042147, 2.852359, I
0.726488, 22.014662, 3.607216, 2.240037, 1.516349, J
0.883466, 4.894792, 0.851298, 2.978407, 2.129258, A
1.690001, 2.654117, 0.519247, 1.912332, 1.625483, B
0.793129, 40.225952, 6.518509, 2.021896, 1.179027, C
1.124094, 2.071463, 0.387012, 2.585320, 2.352641, D
1.412168, 0.711046, 0.099389, 2.509260, 2.289707, E
0.453340, 144.427084, 22.789331, 4.986297, 2.260487, F
0.724490, 24.665009, 3.692252, 2.632789, 1.938187, G
0.736620, 12.005441, 1.787430, 4.087576, 2.927703, H
0.688203, 14.569746, 2.035978, 4.042147, 2.752601, I
0.726488, 23.384373, 3.528536, 2.240037, 1.651414, J
0.883466, 5.064637, 0.895494, 2.978407, 2.360222, A
1.690001, 2.626779, 0.506883, 1.912332, 1.649313, B
0.793129, 46.042546, 8.879971, 2.021896, 1.153714, C
1.124094, 2.017625, 0.313461, 2.585320, 2.292620, D
1.412168, 0.659679, 0.107931, 2.509260, 2.320229, E
0.453340, 172.574069, 26.744621, 4.986297, 2.260487, F
0.724490, 26.663671, 3.879860, 2.632789, 1.774244, G
0.736620, 12.660190, 1.920824, 4.087576, 3.027006, H
0.688203, 15.575669, 2.414056, 4.042147, 2.715365, I
0.726488, 26.065110, 3.578289, 2.240037, 1.481381, J
0.883466, 5.193144, 0.764433, 2.978407, 2.302111, A
1.690001, 2.620781, 0.417514, 1.912332, 1.606359, B
0.793129, 49.560449, 8.677928, 2.021896, 1.436779, C
1.124094, 1.988437, 0.298754, 2.585320, 2.281253, D
1.412168, 0.631023, 0.130497, 2.509260, 2.277027, E
0.453340, 201.132629, 28.562181, 4.986297, 2.260487, F
0.724490, 28.958194, 4.365811, 2.632789, 1.736894, G
0.736620, 13.880016, 2.134999, 4.087576, 2.939037, H
0.688203, 16.921150, 2.509913, 4.042147, 2.610119, I
0.726488, 28.152564, 4.056318, 2.240037, 1.572030, J
0.883466, 5.314223, 0.853993, 2.978407, 2.389111, A
1.690001, 2.582692, 0.401085, 1.912332, 1.644606, B
0.793129, 54.407517, 7.967009, 2.021896, 1.366625, C
1.124094, 1.922665, 0.259726, 2.585320, 2.332960, D
1.412168, 0.578735, 0.106166, 2.509260, 2.408890, E
0.453340, 240.766892, 37.154349, 4.986297, 2.224516, F
0.724490, 29.943620, 3.940262, 2.632789, 1.949892, G
0.736620, 14.362620, 2.251256, 4.087576, 2.894901, H
0.688203, 17.429675, 2.419498, 4.042147, 2.868047, I
0.726488, 30.002135, 4.069264, 2.240037, 1.564139, J
0.883466, 5.453036, 0.754654, 2.978407, 2.393881, A
1.690001, 2.495536, 0.409472, 1.912332, 1.717332, B
0.793129, 58.116782, 7.739393, 2.021896, 1.436779, C
1.124094, 1.897713, 0.266551, 2.585320, 2.171985, D
1.412168, 0.537236, 0.089129, 2.509260, 2.308520, E
0.453340, 285.055104, 44.104300, 4.986297, 2.199331, F
0.724490, 33.351311, 4.533363, 2.632789, 1.755520, G
0.736620, 15.595416, 2.727958, 4.087576, 2.860801, H
0.688203, 19.285812, 2.833057, 4.042147, 2.608096, I
0.726488, 32.202281, 4.747020, 2.240037, 1.479302, J
0.883466, 5.580527, 0.744759, 2.978407, 2.391358, A
1.690001, 2.492214, 0.330159, 1.912332, 1.759346, B
0.793129, 63.466913, 8.812389, 2.021896, 1.376531, C
1.124094, 1.825176, 0.236255, 2.585320, 2.223731, D
1.412168, 0.499996, 0.087055, 2.509260, 2.333612, E
0.453340, 335.755829, 48.780013, 4.986297, 2.316553, F
0.724490, 37.755117, 6.260068, 2.632789, 1.605254, G
0.736620, 17.040144, 2.845553, 4.087576, 2.836208, H
0.688203, 21.211877, 3.210586, 4.042147, 2.781419, I
0.726488, 34.124958, 4.791923, 2.240037, 1.664844, J
0.883466, 5.545850, 0.706800, 2.978407, 2.623585, A
1.690001, 2.428861, 0.343199, 1.912332, 1.679086, B
0.793129, 69.374533, 9.788216, 2.021896, 1.330874, C
1.124094, 1.727705, 0.220346, 2.585320, 2.309614, D
1.412168, 0.473607, 0.067790, 2.509260, 2.311397, E
0.453340, 393.179288, 56.725808, 4.986297, 2.301546, F
0.724490, 41.966841, 7.158839, 2.632789, 1.733035, G
0.736620, 17.499256, 2.306090, 4.087576, 3.054796, H
0.688203, 22.501611, 3.296522, 4.042147, 2.813905, I
0.726488, 37.538481, 6.024803, 2.240037, 1.509215, J
0.883466, 5.754495, 0.811439, 2.978407, 2.263921, A
1.690001, 2.378074, 0.348046, 1.912332, 1.625483, B
0.793129, 77.541467, 10.815931, 2.021896, 1.290436, C
1.124094, 1.673105, 0.197999, 2.585320, 2.298239, D
1.412168, 0.436170, 0.056514, 2.509260, 2.323793, E
0.453340, 460.166591, 65.541598, 4.986297, 2.260487, F
0.724490, 46.178783, 8.005339, 2.632789, 1.818253, G
0.736620, 19.024958, 2.926704, 4.087576, 2.750186, H
0.688203, 24.153500, 3.727308, 4.042147, 2.735132, I
0.726488, 40.392410, 6.162540, 2.240037, 1.644165, J
0.883466, 5.880384, 0.892594, 2.978407, 2.378710, A
1.690001, 2.365400, 0.416865, 1.912332, 1.644606, B
0.793129, 83.482747, 13.899296, 2.021896, 1.426874, C
1.124094, 1.645751, 0.216545, 2.585320, 2.220438, D
1.412168, 0.419730, 0.053368, 2.509260, 2.265995, E
0.453340, 550.948663, 76.204969, 4.986297, 2.260487, F
0.724490, 49.445677, 7.890210, 2.632789, 1.926658, G
0.736620, 20.250861, 3.305292, 4.087576, 2.933760, H
0.688203, 25.297933, 3.612089, 4.042147, 2.840002, I
0.726488, 45.389219, 7.231598, 2.240037, 1.398391, J
0.883466, 5.969264, 0.813057, 2.978407, 2.293803, A
1.690001, 2.315231, 0.394851, 1.912332, 1.679086, B
0.793129, 90.096891, 13.649906, 2.021896, 1.335968, C
1.124094, 1.633870, 0.245457, 2.585320, 2.145815, D
1.412168, 0.401253, 0.060382, 2.509260, 2.278373, E
0.453340, 652.993428, 100.430568, 4.986297, 2.260487, F
0.724490, 50.078757, 7.913082, 2.632789, 2.113819, G
0.736620, 22.120795, 3.307601, 4.087576, 2.702897, H
0.688203, 27.517616, 3.867462, 4.042147, 2.745341, I
0.726488, 49.358869, 7.244625, 2.240037, 1.431457, J
0.883466, 6.034746, 0.878837, 2.978407, 2.362842, A
1.690001, 2.344699, 0.368841, 1.912332, 1.644606, B
0.793129, 100.214136, 17.247087, 2.021896, 1.355903, C
1.124094, 1.574234, 0.252874, 2.585320, 2.244025, D
1.412168, 0.379807, 0.054380, 2.509260, 2.283427, E
0.453340, 780.169808, 154.565462, 4.986297, 2.260487, F
0.724490, 53.218849, 8.134910, 2.632789, 1.867049, G
0.736620, 23.089156, 4.217963, 4.087576, 2.987073, H
0.688203, 30.375316, 5.017564, 4.042147, 2.512441, I
0.726488, 54.950513, 8.638666, 2.240037, 1.386476, J
0.883466, 6.112199, 0.796984, 2.978407, 2.323157, A
1.690001, 2.330794, 0.411000, 1.912332, 1.583469, B
0.793129, 109.131987, 18.020378, 2.021896, 1.376122, C
1.124094, 1.501226, 0.232620, 2.585320, 2.318533, D
1.412168, 0.366711, 0.055178, 2.509260, 2.189626, E
0.453340, 910.305874, 195.946754, 4.986297, 2.260487, F
0.724490, 59.034440, 8.410465, 2.632789, 1.646464, G
0.736620, 24.723546, 3.977897, 4.087576, 2.989223, H
0.688203, 32.241392, 4.292295, 4.042147, 2.782444, I
0.726488, 61.498980, 9.551917, 2.240037, 1.453677, J
0.883466, 6.514020, 0.894279, 2.978407, 2.281950, A
1.690001, 2.294250, 0.386397, 1.912332, 1.676910, B
0.793129, 122.764292, 18.549753, 2.021896, 1.280122, C
1.124094, 1.435383, 0.204009, 2.585320, 2.275081, D
1.412168, 0.343359, 0.054375, 2.509260, 2.256897, E
0.453340, 1059.100662, 151.481842, 4.986297, 2.260487, F
0.724490, 62.110595, 8.647177, 2.632789, 2.000173, G
0.736620, 25.709605, 4.397323, 4.087576, 3.025407, H
0.688203, 33.711877, 4.371828, 4.042147, 2.932952, I
0.726488, 66.031201, 9.829037, 2.240037, 1.588260, J
0.883466, 6.906301, 0.915160, 2.978407, 2.222382, A
1.690001, 2.360428, 0.418399, 1.912332, 1.548989, B
0.793129, 140.127283, 22.955582, 2.021896, 1.315465, C
1.124094, 1.417400, 0.221714, 2.585320, 2.254787, D
1.412168, 0.323769, 0.063337, 2.509260, 2.243724, E
0.453340, 1245.876201, 175.475469, 4.986297, 2.260487, F
0.724490, 66.746727, 9.684303, 2.632789, 1.960655, G
0.736620, 27.145996, 6.016915, 4.087576, 3.114480, H
0.688203, 36.916686, 5.402107, 4.042147, 2.483423, I
0.726488, 72.310421, 11.067920, 2.240037, 1.463253, J
0.883466, 7.345855, 0.964147, 2.978407, 2.244123, A
1.690001, 2.431509, 0.424817, 1.912332, 1.583469, B
0.793129, 149.940339, 22.890086, 2.021896, 1.361406, C
1.124094, 1.381775, 0.220160, 2.585320, 2.216860, D
1.412168, 0.294511, 0.049120, 2.509260, 2.433983, E
0.453340, 1458.940540, 221.861188, 4.986297, 2.260487, F
0.724490, 72.682954, 11.926035, 2.632789, 1.824685, G
0.736620, 28.850288, 5.043032, 4.087576, 2.946779, H
0.688203, 38.958164, 5.888112, 4.042147, 2.875286, I
0.726488, 78.387670, 10.832041, 2.240037, 1.591610, J
0.883466, 7.810514, 1.185456, 2.978407, 2.126409, A
1.690001, 2.391225, 0.337825, 1.912332, 1.663729, B
0.793129, 169.409856, 25.787443, 2.021896, 1.265122, C
1.124094, 1.374774, 0.208719, 2.585320, 2.223375, D
1.412168, 0.274225, 0.045058, 2.509260, 2.396773, E
0.453340, 1740.487886, 263.527451, 4.986297, 2.224516, F
0.724490, 77.014886, 10.663950, 2.632789, 1.964027, G
0.736620, 30.744775, 5.102952, 4.087576, 2.985884, H
0.688203, 43.093027, 6.333888, 4.042147, 2.539906, I
0.726488, 87.192911, 14.902434, 2.240037, 1.461611, J
0.883466, 7.943329, 1.079347, 2.978407, 2.417393, A
1.690001, 2.385710, 0.339237, 1.912332, 1.659962, B
0.793129, 196.545426, 31.755111, 2.021896, 1.214654, C
1.124094, 1.363318, 0.216728, 2.585320, 2.111648, D
1.412168, 0.259978, 0.040727, 2.509260, 2.202756, E
0.453340, 2070.455751, 345.056436, 4.986297, 2.296457, F
0.724490, 86.274674, 12.802371, 2.632789, 1.631582, G
0.736620, 32.497815, 5.384716, 4.087576, 3.008588, H
0.688203, 45.394964, 6.027639, 4.042147, 2.829726, I
0.726488, 98.449752, 16.914120, 2.240037, 1.468324, J
0.883466, 8.215638, 1.271305, 2.978407, 2.195775, A
1.690001, 2.383473, 0.338637, 1.912332, 1.595710, B
0.793129, 218.412718, 31.696901, 2.021896, 1.334451, C
1.124094, 1.358572, 0.209985, 2.585320, 2.120327, D
1.412168, 0.239448, 0.037274, 2.509260, 2.377398, E
0.453340, 2461.036386, 384.426359, 4.986297, 2.260487, F
0.724490, 93.035937, 12.731472, 2.632789, 1.812019, G
0.736620, 34.927862, 5.001522, 4.087576, 3.055070, H
0.688203, 47.728969, 6.825514, 4.042147, 2.824242, I
0.726488, 109.865481, 17.308854, 2.240037, 1.460209, J
0.883466, 8.577317, 1.533169, 2.978407, 2.224011, A
1.690001, 2.343308, 0.334703, 1.912332, 1.611066, B
0.793129, 250.382380, 47.257823, 2.021896, 1.337326, C
1.124094, 1.328892, 0.211072, 2.585320, 2.215120, D
1.412168, 0.227436, 0.036298, 2.509260, 2.319002, E
0.453340, 2913.893830, 453.073211, 4.986297, 2.260487, F
0.724490, 99.692106, 14.069738, 2.632789, 1.891002, G
0.736620, 38.249581, 5.574191, 4.087576, 2.795382, H
0.688203, 51.992303, 7.519689, 4.042147, 2.734932, I
0.726488, 118.273564, 21.060576, 2.240037, 1.563958, J
0.883466, 8.869945, 1.396319, 2.978407, 2.258152, A
1.690001, 2.355909, 0.343067, 1.912332, 1.633956, B
0.793129, 281.801915, 49.908089, 2.021896, 1.243670, C
1.124094, 1.277810, 0.193621, 2.585320, 2.352641, D
1.412168, 0.215115, 0.036413, 2.509260, 2.308520, E
0.453340, 3405.771871, 484.467816, 4.986297, 2.260487, F
0.724490, 114.244366, 17.162385, 2.632789, 1.564792, G
0.736620, 41.589246, 5.304469, 4.087576, 2.677619, H
0.688203, 55.623850, 9.020336, 4.042147, 2.804832, I
0.726488, 126.896331, 18.147388, 2.240037, 1.505010, J
0.883466, 8.995679, 1.244323, 2.978407, 2.464285, A
1.690001, 2.314651, 0.383404, 1.912332, 1.611066, B
0.793129, 304.619157, 39.911937, 2.021896, 1.364984, C
1.124094, 1.256229, 0.184156, 2.585320, 2.197878, D
1.412168, 0.204035, 0.035999, 2.509260, 2.280526, E
0.453340, 3957.471732, 537.384092, 4.986297, 2.260487, F
0.724490, 124.407799, 21.285573, 2.632789, 1.973845, G
0.736620, 44.318100, 6.358811, 4.087576, 2.863293, H
0.688203, 59.139737, 8.538420, 4.042147, 2.752252, I
0.726488, 137.332035, 20.970734, 2.240037, 1.557925, J
0.883466, 9.369859, 1.473923, 2.978407, 2.315376, A
1.690001, 2.278949, 0.329377, 1.912332, 1.725806, B
0.793129, 345.248288, 49.477805, 2.021896, 1.233356, C
1.124094, 1.236119, 0.192260, 2.585320, 2.246532, D
1.412168, 0.192119, 0.031719, 2.509260, 2.231634, E
0.453340, 4660.733242, 748.970146, 4.986297, 2.260487, F
0.724490, 130.261510, 19.682278, 2.632789, 2.000529, G
0.736620, 46.632527, 6.220596, 4.087576, 2.958549, H
0.688203, 62.061570, 9.216640, 4.042147, 2.863411, I
0.726488, 149.917773, 25.782758, 2.240037, 1.589902, J
0.883466, 9.963731, 1.419169, 2.978407, 2.153259, A
1.690001, 2.239021, 0.346752, 1.912332, 1.668436, B
0.793129, 385.844502, 61.632034, 2.021896, 1.335684, C
1.124094, 1.181735, 0.172789, 2.585320, 2.333405, D
1.412168, 0.179869, 0.027606, 2.509260, 2.358705, E
0.453340, 5613.216558, 911.181877, 4.986297, 2.260487, F
0.724490, 136.649965, 17.718437, 2.632789, 1.938187, G
0.736620, 50.137530, 7.650331, 4.087576, 3.033747, H
0.688203, 67.405640, 9.624892, 4.042147, 2.516305, I
0.726488, 168.341823, 26.676677, 2.240037, 1.416811, J
0.883466, 10.201018, 1.467815, 2.978407, 2.332053, A
1.690001, 2.255176, 0.353601, 1.912332, 1.640839, B
0.793129, 437.872317, 70.997133, 2.021896, 1.229779, C
1.124094, 1.176220, 0.162503, 2.585320, 2.019661, D
1.412168, 0.171232, 0.025341, 2.509260, 2.323793, E
0.453340, 6726.681254, 1194.295457, 4.986297, 2.260487, F
0.724490, 149.115464, 22.387827, 2.632789, 1.802216, G
0.736620, 54.174318, 7.946853, 4.087576, 2.739928, H
0.688203, 73.715732, 11.215306, 4.042147, 2.671792, I
0.726488, 181.042184, 21.302694, 2.240037, 1.560272, J
0.883466, 10.530806, 1.370884, 2.978407, 2.277922, A
1.690001, 2.291578, 0.353705, 1.912332, 1.595710, B
0.793129, 472.582596, 75.518225, 2.021896, 1.440640, C
1.124094, 1.118358, 0.156940, 2.585320, 2.272326, D
1.412168, 0.165532, 0.025122, 2.509260, 2.174618, E
0.453340, 8079.574417, 1468.089397, 4.986297, 2.260487, F
0.724490, 161.481283, 25.700445, 2.632789, 1.868533, G
0.736620, 59.444350, 9.013020, 4.087576, 2.825720, H
0.688203, 80.651818, 12.610194, 4.042147, 2.654553, I
0.726488, 193.847297, 23.097826, 2.240037, 1.520878, J
0.883466, 10.992835, 1.430421, 2.978407, 2.386829, A
1.690001, 2.253060, 0.367373, 1.912332, 1.698209, B
0.793129, 517.469539, 88.280422, 2.021896, 1.385203, C
1.124094, 1.117228, 0.173781, 2.585320, 2.197522, D
1.412168, 0.157255, 0.024526, 2.509260, 2.261321, E
0.453340, 9599.321603, 1645.505200, 4.986297, 2.260487, F
0.724490, 170.873119, 23.815319, 2.632789, 2.010738, G
0.736620, 63.691031, 9.276297, 4.087576, 2.901983, H
0.688203, 86.102921, 12.527660, 4.042147, 2.895914, I
0.726488, 210.840725, 25.866053, 2.240037, 1.497824, J
0.883466, 11.201859, 1.574010, 2.978407, 2.388251, A
1.690001, 2.236682, 0.347129, 1.912332, 1.587236, B
0.793129, 558.669291, 79.517824, 2.021896, 1.452187, C
1.124094, 1.089764, 0.169147, 2.585320, 2.373291, D
1.412168, 0.154403, 0.025632, 2.509260, 2.198330, E
0.453340, 11249.933142, 1524.902865, 4.986297, 2.260487, F
0.724490, 190.997852, 29.738728, 2.632789, 1.684985, G
0.736620, 67.689647, 9.177085, 4.087576, 2.812515, H
0.688203, 91.314063, 13.212537, 4.042147, 2.798077, I
0.726488, 226.647861, 34.801448, 2.240037, 1.597973, J
0.883466, 11.661272, 1.927478, 2.978407, 2.195247, A
1.690001, 2.225247, 0.371956, 1.912332, 1.644606, B
0.793129, 639.601661, 85.748130, 2.021896, 1.229779, C
1.124094, 1.056127, 0.154650, 2.585320, 2.300934, D
1.412168, 0.144714, 0.024951, 2.509260, 2.320229, E
0.453340, 13181.236035, 1830.201127, 4.986297, 2.260487, F
0.724490, 215.688983, 35.186678, 2.632789, 1.632445, G
0.736620, 74.942969, 12.001343, 4.087576, 2.673332, H
0.688203, 98.559509, 14.538723, 4.042147, 2.737398, I
0.726488, 242.339245, 44.014669, 2.240037, 1.644165, J
0.883466, 12.051315, 2.045262, 2.978407, 2.418700, A
1.690001, 2.195096, 0.367441, 1.912332, 1.611066, B
0.793129, 724.772332, 104.718125, 2.021896, 1.219465, C
1.124094, 1.017466, 0.140276, 2.585320, 2.300934, D
1.412168, 0.135017, 0.020701, 2.509260, 2.442193, E
0.453340, 15406.028131, 2319.871167, 4.986297, 2.260487, F
0.724490, 233.007645, 33.430899, 2.632789, 1.897724, G
0.736620, 80.894878, 13.062583, 4.087576, 2.743772, H
0.688203, 105.284505, 15.291664, 4.042147, 2.679796, I
0.726488, 269.681734, 50.878792, 2.240037, 1.460252, J
0.883466, 12.417357, 2.054920, 2.978407, 2.189159, A
1.690001, 2.134307, 0.358830, 1.912332, 1.679086, B
0.793129, 786.081192, 100.416224, 2.021896, 1.390297, C
1.124094, 0.992852, 0.143568, 2.585320, 2.300934, D
1.412168, 0.126441, 0.020165, 2.509260, 2.327213, E
0.453340, 18190.231924, 2478.523615, 4.986297, 2.218470, F
0.724490, 254.207557, 37.223878, 2.632789, 1.751775, G
0.736620, 89.045585, 16.157680, 4.087576, 2.800678, H
0.688203, 113.364526, 15.934335, 4.042147, 2.760832, I
0.726488, 302.643847, 50.122716, 2.240037, 1.337103, J
0.883466, 12.626919, 1.813641, 2.978407, 2.390871, A
1.690001, 2.138088, 0.313460, 1.912332, 1.644606, B
0.793129, 911.444230, 126.785306, 2.021896, 1.189341, C
1.124094, 0.918120, 0.126830, 2.585320, 2.481907, D
1.412168, 0.121381, 0.018807, 2.509260, 2.231771, E
0.453340, 21522.239156, 3066.804699, 4.986297, 2.302503, F
0.724490, 279.941365, 42.356717, 2.632789, 1.784078, G
0.736620, 96.365938, 18.263021, 4.087576, 2.770857, H
0.688203, 124.291585, 17.016413, 4.042147, 2.570963, I
0.726488, 329.032419, 48.810395, 2.240037, 1.509955, J
0.883466, 12.775031, 1.796817, 2.978407, 2.435344, A
1.690001, 2.119874, 0.355644, 1.912332, 1.587236, B
0.793129, 1011.667525, 158.705833, 2.021896, 1.270217, C
1.124094, 0.839139, 0.103975, 2.585320, 2.423031, D
1.412168, 0.114530, 0.017770, 2.509260, 2.306912, E
0.453340, 25689.728099, 3953.539465, 4.986297, 2.260487, F
0.724490, 299.621675, 46.644587, 2.632789, 1.856972, G
0.736620, 98.883637, 18.846779, 4.087576, 3.260766, H
0.688203, 133.718366, 20.624609, 4.042147, 2.781419, I
0.726488, 352.377900, 55.338766, 2.240037, 1.596014, J
0.883466, 13.200558, 1.906662, 2.978407, 2.345992, A
1.690001, 2.101224, 0.377295, 1.912332, 1.633956, B
0.793129, 1192.336679, 201.128832, 2.021896, 1.128684, C
1.124094, 0.819775, 0.108902, 2.585320, 2.230584, D
1.412168, 0.106622, 0.015256, 2.509260, 2.362203, E
0.453340, 30449.467176, 4454.278736, 4.986297, 2.260487, F
0.724490, 331.419810, 52.153812, 2.632789, 1.702864, G
0.736620, 105.509725, 18.884584, 4.087576, 2.957446, H
0.688203, 141.220297, 21.481674, 4.042147, 2.815440, I
0.726488, 386.892189, 59.321883, 2.240037, 1.484012, J
0.883466, 13.743751, 2.459211, 2.978407, 2.361906, A
1.690001, 2.101380, 0.308200, 1.912332, 1.630189, B
0.793129, 1350.693399, 211.650574, 2.021896, 1.259903, C
1.124094, 0.788588, 0.118286, 2.585320, 2.263715, D
1.412168, 0.097446, 0.013077, 2.509260, 2.443836, E
0.453340, 36067.087918, 5783.949889, 4.986297, 2.232390, F
0.724490, 362.962906, 57.022995, 2.632789, 1.751775, G
0.736620, 115.835606, 19.399244, 4.087576, 2.793211, H
0.688203, 152.272860, 23.015694, 4.042147, 2.645597, I
0.726488, 419.919079, 65.093070, 2.240037, 1.422465, J
0.883466, 14.103191, 2.019233, 2.978407, 2.381560, A
1.690001, 2.072333, 0.325955, 1.912332, 1.663729, B
0.793129, 1425.847625, 216.495611, 2.021896, 1.477217, C
1.124094, 0.765516, 0.110279, 2.585320, 2.223731, D
1.412168, 0.090884, 0.012781, 2.509260, 2.323793, E
0.453340, 43194.717907, 6524.911682, 4.986297, 2.288583, F
0.724490, 407.661168, 59.997598, 2.632789, 1.868435, G
0.736620, 119.043173, 16.549257, 4.087576, 3.358800, H
0.688203, 164.464233, 23.893695, 4.042147, 2.757794, I
0.726488, 457.214366, 76.613211, 2.240037, 1.576459, J
0.883466, 14.286589, 1.742317, 2.978407, 2.423071, A
1.690001, 2.028189, 0.334013, 1.912332, 1.644606, B
0.793129, 1609.681483, 262.311217, 2.021896, 1.215063, C
1.124094, 0.738894, 0.109133, 2.585320, 2.326788, D
1.412168, 0.084803, 0.012106, 2.509260, 2.392008, E
0.453340, 53163.152734, 8358.359060, 4.986297, 1.975201, F
0.724490, 449.025819, 63.520544, 2.632789, 1.710566, G
0.736620, 129.235733, 19.679565, 4.087576, 2.866400, H
0.688203, 175.049149, 25.462175, 4.042147, 2.759874, I
0.726488, 472.927802, 68.875904, 2.240037, 1.695317, J
0.883466, 14.529234, 1.792091, 2.978407, 2.449831, A
1.690001, 2.011340, 0.319155, 1.912332, 1.640839, B
0.793129, 1759.586540, 283.107784, 2.021896, 1.416560, C
1.124094, 0.715088, 0.099462, 2.585320, 2.312053, D
1.412168, 0.081109, 0.011136, 2.509260, 2.251935, E
0.453340, 62868.093802, 9047.657535, 4.986297, 2.288344, F
0.724490, 500.801169, 74.629437, 2.632789, 1.632329, G
0.736620, 137.173970, 21.926625, 4.087576, 3.048796, H
0.688203, 182.583101, 24.163383, 4.042147, 2.872478, I
0.726488, 535.256843, 79.059514, 2.240037, 1.437852, J
0.883466, 15.260787, 2.163846, 2.978407, 2.150812, A
1.690001, 2.025974, 0.274041, 1.912332, 1.672203, B
0.793129, 1924.545316, 284.076274, 2.021896, 1.395108, C
1.124094, 0.697514, 0.098134, 2.585320, 2.272385, D
1.412168, 0.077205, 0.011941, 2.509260, 2.261833, E
0.453340, 73744.658910, 10520.790994, 4.986297, 2.517914, F
0.724490, 531.603207, 73.392970, 2.632789, 1.972575, G
0.736620, 154.339557, 25.469871, 4.087576, 2.657156, H
0.688203, 190.350221, 25.021956, 4.042147, 2.897969, I
0.726488, 587.578764, 86.510442, 2.240037, 1.457220, J
0.883466, 15.506921, 2.144177, 2.978407, 2.466883, A
1.690001, 2.110732, 0.331664, 1.912332, 1.461846, B
0.793129, 2124.549418, 323.162268, 2.021896, 1.334859, C
1.124094, 0.696268, 0.105253, 2.585320, 2.244025, D
1.412168, 0.070950, 0.009338, 2.509260, 2.392987, E
0.453340, 87745.169942, 12338.600268, 4.986297, 2.260487, F
0.724490, 586.001016, 86.824281, 2.632789, 1.737641, G
0.736620, 164.325910, 26.085909, 4.087576, 2.809422, H
0.688203, 211.080303, 29.377745, 4.042147, 2.566421, I
0.726488, 640.762519, 93.256554, 2.240037, 1.493949, J
0.883466, 16.014553, 1.973460, 2.978407, 2.228021, A
1.690001, 2.117340, 0.383179, 1.912332, 1.630189, B
0.793129, 2411.144896, 355.105803, 2.021896, 1.208327, C
1.124094, 0.666794, 0.093068, 2.585320, 2.143119, D
1.412168, 0.066549, 0.009899, 2.509260, 2.312018, E
0.453340, 103717.603182, 15300.736003, 4.986297, 2.260487, F
0.724490, 638.170594, 89.153559, 2.632789, 1.792139, G
0.736620, 176.744278, 23.450736, 4.087576, 2.775338, H
0.688203, 232.407588, 33.350671, 4.042147, 2.593050, I
0.726488, 711.343430, 115.745643, 2.240037, 1.471548, J
0.883466, 16.594461, 2.039368, 2.978407, 2.412337, A
1.690001, 2.092281, 0.367881, 1.912332, 1.614833, B
0.793129, 2712.966625, 413.234003, 2.021896, 1.253575, C
1.124094, 0.647623, 0.086241, 2.585320, 2.249228, D
1.412168, 0.060999, 0.008324, 2.509260, 2.432375, E
0.453340, 124807.791102, 16808.446331, 4.986297, 2.260487, F
0.724490, 701.144220, 97.085703, 2.632789, 1.723233, G
0.736620, 188.433735, 24.228145, 4.087576, 2.960544, H
0.688203, 247.831374, 34.915357, 4.042147, 2.806080, I
0.726488, 764.417496, 111.847784, 2.240037, 1.629836, J
0.883466, 17.528086, 2.727719, 2.978407, 2.330700, A
1.690001, 2.100637, 0.338974, 1.912332, 1.640839, B
0.793129, 2978.431652, 484.368863, 2.021896, 1.295246, C
1.124094, 0.624284, 0.085922, 2.585320, 2.281253, D
1.412168, 0.057765, 0.009178, 2.509260, 2.208149, E
0.453340, 144057.895991, 19589.506275, 4.986297, 2.260487, F
0.724490, 748.165888, 115.566468, 2.632789, 1.929981, G
0.736620, 195.613522, 26.414532, 4.087576, 3.056988, H
0.688203, 270.335449, 39.504496, 4.042147, 2.597148, I
0.726488, 829.914194, 121.507252, 2.240037, 1.563442, J
0.883466, 17.764349, 2.557068, 2.978407, 2.371630, A
1.690001, 2.044784, 0.306986, 1.912332, 1.698209, B
0.793129, 3379.361922, 493.447804, 2.021896, 1.311063, C
1.124094, 0.605381, 0.088307, 2.585320, 2.266767, D
1.412168, 0.055464, 0.008794, 2.509260, 2.165880, E
0.453340, 169063.346845, 26302.649764, 4.986297, 2.260487, F
0.724490, 830.380945, 122.631495, 2.632789, 1.684238, G
0.736620, 200.638190, 25.159716, 4.087576, 3.154225, H
0.688203, 294.695516, 45.030781, 4.042147, 2.785512, I
0.726488, 916.828138, 119.472498, 2.240037, 1.513125, J
0.883466, 18.711499, 2.871383, 2.978407, 2.215331, A
1.690001, 2.055558, 0.304494, 1.912332, 1.589767, B
0.793129, 3863.878874, 602.825279, 2.021896, 1.238451, C
1.124094, 0.575416, 0.082383, 2.585320, 2.318473, D
1.412168, 0.052856, 0.008384, 2.509260, 2.250327, E
0.453340, 202976.674140, 32898.176982, 4.986297, 2.260487, F
0.724490, 921.352063, 147.790854, 2.632789, 1.706707, G
0.736620, 210.800952, 28.182852, 4.087576, 3.003976, H
0.688203, 314.726011, 44.506109, 4.042147, 2.959763, I
0.726488, 1008.520460, 150.220935, 2.240037, 1.394410, J
0.883466, 19.019215, 2.890188, 2.978407, 2.324687, A
1.690001, 2.037576, 0.329733, 1.912332, 1.640839, B
0.793129, 4272.964553, 640.121656, 2.021896, 1.345998, C
1.124094, 0.555299, 0.081736, 2.585320, 2.306494, D
1.412168, 0.048324, 0.006998, 2.509260, 2.408890, E
0.453340, 245748.024661, 35825.574450, 4.986297, 2.224516, F
0.724490, 1021.908526, 150.826463, 2.632789, 1.697553, G
0.736620, 226.549059, 37.130333, 4.087576, 2.820427, H
0.688203, 334.892599, 46.756005, 4.042147, 2.739553, I
0.726488, 1070.830539, 159.872250, 2.240037, 1.623406, J
0.883466, 19.587046, 3.109899, 2.978407, 2.265433, A
1.690001, 2.029348, 0.350327, 1.912332, 1.606359, B
0.793129, 4704.316719, 703.688580, 2.021896, 1.374889, C
1.124094, 0.538162, 0.076842, 2.585320, 2.252340, D
1.412168, 0.047110, 0.007502, 2.509260, 2.122856, E
0.453340, 295790.147729, 49916.456600, 4.986297, 2.279465, F
0.724490, 1142.721435, 183.952292, 2.632789, 1.680395, G
0.736620, 239.766389, 35.927335, 4.087576, 2.876247, H
0.688203, 361.556438, 49.718521, 4.042147, 2.664115, I
0.726488, 1133.864574, 171.935567, 2.240037, 1.617012, J
0.883466, 20.499342, 3.205820, 2.978407, 2.286424, A
1.690001, 2.071673, 0.318122, 1.912332, 1.515449, B
0.793129, 5429.120701, 916.683441, 2.021896, 1.204341, C
1.124094, 0.521207, 0.065396, 2.585320, 2.275081, D
1.412168, 0.044782, 0.007731, 2.509260, 2.243724, E
0.453340, 350246.598937, 56087.718662, 4.986297, 2.274379, F
0.724490, 1238.914196, 204.774072, 2.632789, 1.840722, G
0.736620, 260.065968, 38.347649, 4.087576, 2.806541, H
0.688203, 395.108947, 55.835329, 4.042147, 2.583636, I
0.726488, 1225.665554, 221.310671, 2.240037, 1.538388, J
0.883466, 21.044826, 3.004082, 2.978407, 2.273242, A
1.690001, 2.078376, 0.366096, 1.912332, 1.548989, B
0.793129, 5686.717061, 953.236968, 2.021896, 1.460859, C
1.124094, 0.502894, 0.056196, 2.585320, 2.198003, D
1.412168, 0.042021, 0.006648, 2.509260, 2.333612, E
0.453340, 415488.758171, 69547.490635, 4.986297, 2.263586, F
0.724490, 1375.797700, 253.458423, 2.632789, 1.603626, G
0.736620, 276.004457, 43.673006, 4.087576, 2.906820, H
0.688203, 410.504949, 49.860521, 4.042147, 2.947316, I
0.726488, 1355.554710, 233.849031, 2.240037, 1.426008, J
0.883466, 21.485829, 3.043244, 2.978407, 2.392856, A
1.690001, 2.020729, 0.343856, 1.912332, 1.755579, B
0.793129, 6385.333604, 1061.907846, 2.021896, 1.259903, C
1.124094, 0.511244, 0.068348, 2.585320, 2.021111, D
1.412168, 0.039873, 0.006601, 2.509260, 2.272086, E
0.453340, 503058.895738, 77711.945660, 4.986297, 2.260487, F
0.724490, 1500.525563, 271.367825, 2.632789, 1.853145, G
0.736620, 294.969553, 44.875770, 4.087576, 2.839600, H
0.688203, 449.542799, 65.269259, 4.042147, 2.673873, I
0.726488, 1421.589379, 215.717215, 2.240037, 1.627611, J
0.883466, 21.453434, 2.709520, 2.978407, 2.558923, A
1.690001, 2.032897, 0.331497, 1.912332, 1.633956, B
0.793129, 6820.845458, 1100.539175, 2.021896, 1.351909, C
1.124094, 0.495769, 0.061394, 2.585320, 2.383055, D
1.412168, 0.036245, 0.005530, 2.509260, 2.341823, E
0.453340, 595698.749708, 89058.793896, 4.986297, 2.260487, F
0.724490, 1628.289319, 279.957892, 2.632789, 1.845052, G
0.736620, 303.942022, 47.768769, 4.087576, 3.181777, H
0.688203, 491.164038, 69.108112, 4.042147, 2.524497, I
0.726488, 1518.007098, 232.177321, 2.240037, 1.561978, J
0.883466, 22.259802, 3.080405, 2.978407, 2.239582, A
1.690001, 2.020444, 0.281968, 1.912332, 1.663729, B
0.793129, 7451.005847, 1013.017337, 2.021896, 1.351092, C
1.124094, 0.475802, 0.065090, 2.585320, 2.326788, D
1.412168, 0.033839, 0.004833, 2.509260, 2.374642, E
0.453340, 708208.474696, 103553.603191, 4.986297, 2.260487, F
0.724490, 1772.985949, 297.855801, 2.632789, 1.812019, G
0.736620, 322.328981, 47.009463, 4.087576, 3.006498, H
0.688203, 517.858005, 73.384155, 4.042147, 2.865866, I
0.726488, 1673.966800, 229.770574, 2.240037, 1.490363, J
0.883466, 22.115388, 3.166379, 2.978407, 2.535750, A
1.690001, 1.964704, 0.272745, 1.912332, 1.682853, B
0.793129, 8177.360117, 1168.270315, 2.021896, 1.379984, C
1.124094, 0.466063, 0.068715, 2.585320, 2.125521, D
1.412168, 0.032249, 0.004664, 2.509260, 2.303296, E
0.453340, 858667.482403, 126132.085056, 4.986297, 2.260487, F
0.724490, 2023.959981, 312.191537, 2.632789, 1.603771, G
0.736620, 347.851834, 52.560222, 4.087576, 2.968194, H
0.688203, 551.868420, 75.204919, 4.042147, 2.728576, I
0.726488, 1863.195057, 272.117655, 2.240037, 1.434820, J
0.883466, 22.556503, 3.331607, 2.978407, 2.440711, A
1.690001, 1.976480, 0.298296, 1.912332, 1.548989, B
0.793129, 8703.173624, 1160.446694, 2.021896, 1.371311, C
1.124094, 0.462088, 0.057272, 2.585320, 2.272326, D
1.412168, 0.030854, 0.004748, 2.509260, 2.122856, E
0.453340, 1004210.380982, 151962.145545, 4.986297, 2.260487, F
0.724490, 2125.196350, 296.657907, 2.632789, 2.022642, G
0.736620, 364.718266, 49.958789, 4.087576, 2.975661, H
0.688203, 593.340204, 80.393487, 4.042147, 2.759471, I
0.726488, 2023.856204, 321.852608, 2.240037, 1.561675, J
0.883466, 23.282717, 3.599060, 2.978407, 2.353273, A
1.690001, 1.991805, 0.341234, 1.912332, 1.548989, B
0.793129, 9850.959755, 1418.832132, 2.021896, 1.354670, C
1.124094, 0.447312, 0.058887, 2.585320, 2.329899, D
1.412168, 0.028763, 0.004460, 2.509260, 2.308520, E
0.453340, 1201232.490372, 204458.078042, 4.986297, 2.260487, F
0.724490, 2261.691068, 334.099092, 2.632789, 1.994701, G
0.736620, 387.680415, 54.422905, 4.087576, 2.911343, H
0.688203, 644.655310, 99.722603, 4.042147, 2.825350, I
0.726488, 2186.517707, 307.434047, 2.240037, 1.553866, J
0.883466, 24.061438, 4.327171, 2.978407, 2.441128, A
1.690001, 2.019943, 0.326943, 1.912332, 1.593534, B
0.793129, 10936.873099, 1474.936370, 2.021896, 1.258670, C
1.124094, 0.433042, 0.060553, 2.585320, 2.237861, D
1.412168, 0.026658, 0.004217, 2.509260, 2.283427, E
0.453340, 1399337.319888, 216328.637548, 4.986297, 2.260487, F
0.724490, 2432.371798, 346.004463, 2.632789, 1.962398, G
0.736620, 402.729978, 54.774407, 4.087576, 3.146931, H
0.688203, 675.432745, 101.031147, 4.042147, 2.948126, I
0.726488, 2395.472747, 369.357130, 2.240037, 1.412419, J
0.883466, 24.341970, 3.400744, 2.978407, 2.442883, A
1.690001, 2.018035, 0.315594, 1.912332, 1.630189, B
0.793129, 11889.058608, 1718.664318, 2.021896, 1.395800, C
1.124094, 0.410000, 0.062202, 2.585320, 2.300934, D
1.412168, 0.025336, 0.003834, 2.509260, 2.208149, E
0.453340, 1680693.904477, 273428.877493, 4.986297, 2.260487, F
0.724490, 2684.296237, 366.482263, 2.632789, 1.646464, G
0.736620, 428.179834, 54.418790, 4.087576, 2.891084, H
0.688203, 734.995271, 115.530222, 4.042147, 2.754134, I
0.726488, 2532.811646, 361.318027, 2.240037, 1.541876, J
0.883466, 24.992183, 3.561627, 2.978407, 2.399908, A
1.690001, 1.987182, 0.330312, 1.912332, 1.644606, B
0.793129, 13392.743872, 1986.292832, 2.021896, 1.319327, C
1.124094, 0.402092, 0.057986, 2.585320, 2.275081, D
1.412168, 0.024072, 0.003746, 2.509260, 2.344094, E
0.453340, 1975844.089150, 300066.427212, 4.986297, 2.260487, F
0.724490, 2982.998620, 504.203369, 2.632789, 1.617905, G
0.736620, 467.861397, 64.427322, 4.087576, 2.804887, H
0.688203, 788.723980, 135.682739, 4.042147, 2.806080, I
0.726488, 2828.571027, 423.317806, 2.240037, 1.422646, J
0.883466, 25.498386, 3.725292, 2.978407, 2.389190, A
1.690001, 2.067743, 0.355075, 1.912332, 1.510743, B
0.793129, 14887.426812, 2457.773412, 2.021896, 1.360998, C
1.124094, 0.389691, 0.059995, 2.585320, 2.269878, D
1.412168, 0.023036, 0.003520, 2.509260, 2.348916, E
0.453340, 2352778.535617, 357903.768820, 4.986297, 2.260487, F
0.724490, 3183.524713, 435.742013, 2.632789, 1.873498, G
0.736620, 515.623381, 81.744996, 4.087576, 2.816164, H
0.688203, 878.956488, 146.414154, 4.042147, 2.452445, I
0.726488, 3027.896047, 438.018095, 2.240037, 1.554059, J
0.883466, 26.067966, 3.683022, 2.978407, 2.439949, A
1.690001, 2.101831, 0.355409, 1.912332, 1.587236, B
0.793129, 16329.783662, 2477.994923, 2.021896, 1.320968, C
1.124094, 0.379462, 0.051026, 2.585320, 2.344326, D
1.412168, 0.021382, 0.003058, 2.509260, 2.358875, E
0.453340, 2755416.770276, 356998.254361, 4.986297, 2.260487, F
0.724490, 3484.049291, 463.712694, 2.632789, 1.755520, G
0.736620, 549.685459, 96.618536, 4.087576, 2.899492, H
0.688203, 957.280896, 152.040966, 4.042147, 2.678622, I
0.726488, 3336.654691, 615.532492, 2.240037, 1.513125, J
0.883466, 25.846256, 3.737430, 2.978407, 2.482644, A
1.690001, 2.095618, 0.334670, 1.912332, 1.701976, B
0.793129, 18854.220807, 3243.762768, 2.021896, 1.194152, C
1.124094, 0.372619, 0.059796, 2.585320, 2.123074, D
1.412168, 0.020035, 0.003103, 2.509260, 2.333612, E
0.453340, 3319792.835267, 474147.053883, 4.986297, 2.260487, F
0.724490, 3784.799164, 589.537918, 2.632789, 1.731567, G
0.736620, 602.962516, 102.174129, 4.087576, 2.751435, H
0.688203, 1021.871107, 134.627882, 4.042147, 2.706637, I
0.726488, 3743.073118, 702.257444, 2.240037, 1.452275, J
0.883466, 26.739655, 3.585342, 2.978407, 2.263589, A
1.690001, 2.025594, 0.319456, 1.912332, 1.698209, B
0.793129, 20819.552503, 3653.278700, 2.021896, 1.234873, C
1.124094, 0.373660, 0.057479, 2.585320, 2.189207, D
1.412168, 0.019119, 0.003047, 2.509260, 2.272180, E
0.453340, 3960152.378482, 578449.689323, 4.986297, 2.260487, F
0.724490, 4061.663677, 620.234453, 2.632789, 1.996314, G
0.736620, 658.764712, 118.664723, 4.087576, 2.726694, H
0.688203, 1140.943065, 152.806434, 4.042147, 2.553857, I
0.726488, 4144.282966, 668.242162, 2.240037, 1.477144, J
0.883466, 26.943377, 3.564872, 2.978407, 2.387414, A
1.690001, 2.001221, 0.303728, 1.912332, 1.644606, B
0.793129, 22969.769754, 3995.730967, 2.021896, 1.314232, C
1.124094, 0.359247, 0.050126, 2.585320, 2.329899, D
1.412168, 0.017775, 0.002850, 2.509260, 2.344094, E
0.453340, 4691820.944056, 777595.268848, 4.986297, 2.260487, F
0.724490, 4333.578789, 616.055910, 2.632789, 1.842205, G
0.736620, 697.850245, 117.010825, 4.087576, 3.227067, H
0.688203, 1184.154272, 149.988923, 4.042147, 2.765659, I
0.726488, 4551.839904, 681.490850, 2.240037, 1.490724, J
0.883466, 28.414849, 4.412810, 2.978407, 2.198827, A
1.690001, 1.927538, 0.301305, 1.912332, 1.709214, B
0.793129, 25027.954159, 3908.289304, 2.021896, 1.426874, C
1.124094, 0.352577, 0.051202, 2.585320, 2.215060, D
1.412168, 0.016490, 0.002585, 2.509260, 2.378585, E
0.453340, 5557710.577844, 836234.478672, 4.986297, 2.260487, F
0.724490, 4950.403487, 731.731255, 2.632789, 1.595436, G
0.736620, 749.352776, 147.125774, 4.087576, 2.954488, H
0.688203, 1307.907700, 190.592635, 4.042147, 2.676813, I
0.726488, 4937.781802, 860.468090, 2.240037, 1.624069, J
0.883466, 30.016998, 4.607617, 2.978407, 2.187399, A
1.690001, 1.936667, 0.330870, 1.912332, 1.564346, B
0.793129, 27438.105572, 4084.564348, 2.021896, 1.411625, C
1.124094, 0.347898, 0.059482, 2.585320, 2.174780, D
1.412168, 0.015546, 0.002259, 2.509260, 2.340182, E
0.453340, 6621107.938198, 943015.200474, 4.986297, 2.260487, F
0.724490, 5345.524893, 749.837848, 2.632789, 1.891002, G
0.736620, 816.723231, 124.661765, 4.087576, 2.933515, H
0.688203, 1383.853180, 201.124982, 4.042147, 2.828152, I
0.726488, 5330.371014, 841.482560, 2.240037, 1.526576, J
0.883466, 31.532816, 4.754607, 2.978407, 2.286934, A
1.690001, 1.957524, 0.340232, 1.912332, 1.576586, B
0.793129, 29361.087869, 4282.584381, 2.021896, 1.455765, C
1.124094, 0.331302, 0.053061, 2.585320, 2.332960, D
1.412168, 0.014774, 0.002362, 2.509260, 2.258334, E
0.453340, 7995924.809309, 1331454.797338, 4.986297, 2.260487, F
0.724490, 5702.022290, 804.221889, 2.632789, 1.918093, G
0.736620, 906.151931, 133.344646, 4.087576, 2.671316, H
0.688203, 1484.959022, 221.849808, 4.042147, 2.879521, I
0.726488, 6110.902739, 954.537508, 2.240037, 1.235887, J
0.883466, 32.809220, 5.158100, 2.978407, 2.212495, A
1.690001, 1.995895, 0.370608, 1.912332, 1.572819, B
0.793129, 33140.638706, 5089.594555, 2.021896, 1.250406, C
1.124094, 0.312101, 0.044237, 2.585320, 2.462226, D
1.412168, 0.014269, 0.002155, 2.509260, 2.261833, E
0.453340, 9566700.517867, 1660504.424248, 4.986297, 2.260487, F
0.724490, 6239.079567, 927.681799, 2.632789, 1.853228, G
0.736620, 949.564932, 135.564509, 4.087576, 3.046904, H
0.688203, 1631.041284, 228.165965, 4.042147, 2.689027, I
0.726488, 6509.400761, 1002.105941, 2.240037, 1.561675, J
0.883466, 34.024314, 4.945915, 2.978407, 2.232639, A
1.690001, 2.028220, 0.358183, 1.912332, 1.564346, B
0.793129, 37281.529160, 6452.943419, 2.021896, 1.295246, C
1.124094, 0.301021, 0.041702, 2.585320, 2.292620, D
1.412168, 0.013111, 0.001840, 2.509260, 2.408890, E
0.453340, 11157327.942532, 1439282.099734, 4.986297, 2.260487, F
0.724490, 6705.722411, 1168.693240, 2.632789, 1.901567, G
0.736620, 980.836765, 130.044878, 4.087576, 3.109505, H
0.688203, 1756.280392, 257.312107, 4.042147, 2.712407, I
0.726488, 6947.918545, 930.013292, 2.240037, 1.657228, J
0.883466, 35.220527, 5.544693, 2.978407, 2.231756, A
1.690001, 1.947402, 0.310906, 1.912332, 1.740223, B
0.793129, 41560.076549, 6099.050144, 2.021896, 1.336093, C
1.124094, 0.289200, 0.036997, 2.585320, 2.456054, D
1.412168, 0.012736, 0.001680, 2.509260, 2.214719, E
0.453340, 13364454.114462, 1812983.762767, 4.986297, 2.260487, F
0.724490, 7233.161018, 1259.748184, 2.632789, 1.826900, G
0.736620, 1063.621580, 144.718137, 4.087576, 2.758679, H
0.688203, 1904.050744, 278.161582, 4.042147, 2.784857, I
0.726488, 7498.608563, 1098.150280, 2.240037, 1.546503, J
0.883466, 36.699392, 5.355495, 2.978407, 2.241676, A
1.690001, 1.949884, 0.303595, 1.912332, 1.606359, B
0.793129, 45000.867271, 6388.498981, 2.021896, 1.391530, C
1.124094, 0.281142, 0.041253, 2.585320, 2.347190, D
1.412168, 0.012202, 0.001597, 2.509260, 2.191150, E
0.453340, 15695056.558899, 2215877.791605, 4.986297, 2.260487, F
0.724490, 7860.860964, 1378.478111, 2.632789, 1.839975, G
0.736620, 1112.919560, 142.254719, 4.087576, 3.131698, H
0.688203, 2036.042054, 255.720488, 4.042147, 2.806080, I
0.726488, 8101.867786, 1334.390016, 2.240037, 1.586677, J
0.883466, 36.896330, 5.613998, 2.978407, 2.497852, A
1.690001, 1.968042, 0.312214, 1.912332, 1.587236, B
0.793129, 51341.035012, 8411.126130, 2.021896, 1.273794, C
1.124094, 0.277077, 0.043202, 2.585320, 2.145815, D
1.412168, 0.011394, 0.001472, 2.509260, 2.338207, E
0.453340, 18327285.342876, 2406380.930421, 4.986297, 2.260487, F
0.724490, 8311.417427, 1363.359368, 2.632789, 1.980551, G
0.736620, 1216.107810, 193.992576, 4.087576, 2.800078, H
0.688203, 2238.518249, 305.881707, 4.042147, 2.567674, I
0.726488, 9227.082467, 1859.668659, 2.240037, 1.306769, J
0.883466, 37.560183, 5.598426, 2.978407, 2.365014, A
1.690001, 1.916896, 0.281166, 1.912332, 1.721099, B
0.793129, 58518.671734, 9629.707345, 2.021896, 1.224684, C
1.124094, 0.272955, 0.044658, 2.585320, 2.189267, D
1.412168, 0.010785, 0.001789, 2.509260, 2.213407, E
0.453340, 21398734.685040, 2680783.074114, 4.986297, 2.260487, F
0.724490, 8951.131457, 1339.022088, 2.632789, 1.893233, G
0.736620, 1255.300717, 194.706771, 4.087576, 3.114342, H
0.688203, 2388.608542, 331.630093, 4.042147, 2.791937, I
0.726488, 9929.175263, 1827.120963, 2.240037, 1.559900, J
0.883466, 38.226250, 6.124719, 2.978407, 2.299161, A
1.690001, 1.894219, 0.262804, 1.912332, 1.679086, B
0.793129, 64485.710446, 10392.873616, 2.021896, 1.244779, C
1.124094, 0.262497, 0.039404, 2.585320, 2.297990, D
1.412168, 0.010376, 0.001680, 2.509260, 2.208813, E
0.453340, 25230170.998631, 3560046.483294, 4.986297, 2.260487, F
0.724490, 9639.390651, 1491.512613, 2.632789, 1.838346, G
0.736620, 1335.255254, 186.835079, 4.087576, 2.817156, H
0.688203, 2588.406713, 366.532468, 4.042147, 2.838498, I
0.726488, 10932.606849, 2001.958257, 2.240037, 1.451957, J
0.883466, 39.722064, 5.664125, 2.978407, 2.205115, A
1.690001, 1.900791, 0.314533, 1.912332, 1.576586, B
0.793129, 73822.210861, 14249.351804, 2.021896, 1.310655, C
1.124094, 0.255585, 0.041771, 2.585320, 2.252340, D
1.412168, 0.009852, 0.001428, 2.509260, 2.307397, E
0.453340, 29732812.155568, 4780389.668497, 4.986297, 2.260487, F
0.724490, 10357.210064, 1407.055120, 2.632789, 1.839093, G
0.736620, 1413.848724, 211.365486, 4.087576, 2.934947, H
0.688203, 2770.659696, 400.192204, 4.042147, 2.854505, I
0.726488, 11532.332578, 1730.841041, 2.240037, 1.694675, J
0.883466, 40.551002, 5.505363, 2.978407, 2.322067, A
1.690001, 1.909080, 0.286024, 1.912332, 1.538340, B
0.793129, 83096.872778, 16321.199332, 2.021896, 1.310655, C
1.124094, 0.249473, 0.042266, 2.585320, 2.228934, D
1.412168, 0.009458, 0.001425, 2.509260, 2.169673, E
0.453340, 35274044.525180, 5358186.922445, 4.986297, 2.260487, F
0.724490, 11245.077704, 1639.469818, 2.632789, 1.842205, G
0.736620, 1529.883324, 239.787033, 4.087576, 2.922971, H
0.688203, 3015.815568, 441.667795, 4.042147, 2.614131, I
0.726488, 12535.827436, 1835.013475, 2.240037, 1.620374, J
0.883466, 40.759284, 4.795485, 2.978407, 2.571645, A
1.690001, 1.891922, 0.275796, 1.912332, 1.614833, B
0.793129, 97295.406857, 18569.068177, 2.021896, 1.113276, C
1.124094, 0.233826, 0.034653, 2.585320, 2.404347, D
1.412168, 0.008702, 0.001211, 2.509260, 2.385491, E
0.453340, 41902188.275559, 5833116.657081, 4.986297, 2.260487, F
0.724490, 12235.198815, 1654.934058, 2.632789, 1.822584, G
0.736620, 1610.757680, 234.788717, 4.087576, 2.982235, H
0.688203, 3260.197251, 489.596983, 4.042147, 2.790439, I
0.726488, 14040.360323, 2089.893211, 2.240037, 1.420353, J
0.883466, 42.624766, 5.693833, 2.978407, 2.306438, A
1.690001, 1.881713, 0.296082, 1.912332, 1.606359, B
0.793129, 108140.924543, 19762.944123, 2.021896, 1.360998, C
1.124094, 0.221447, 0.032690, 2.585320, 2.373043, D
1.412168, 0.008084, 0.001204, 2.509260, 2.369187, E
0.453340, 50165299.983904, 7184666.312088, 4.986297, 2.260487, F
0.724490, 13472.739289, 2158.929683, 2.632789, 1.654051, G
0.736620, 1798.571893, 267.725782, 4.087576, 2.546651, H
0.688203, 3532.994873, 624.350105, 4.042147, 2.857375, I
0.726488, 15530.221224, 2575.718075, 2.240037, 1.381069, J
0.883466, 42.245574, 5.359701, 2.978407, 2.574265, A
1.690001, 1.841080, 0.261447, 1.912332, 1.672203, B
0.793129, 120779.282730, 21233.439468, 2.021896, 1.294013, C
1.124094, 0.215940, 0.028511, 2.585320, 2.278193, D
1.412168, 0.007546, 0.001101, 2.509260, 2.322500, E
0.453340, 59285690.585604, 9929723.796775, 4.986297, 2.193902, F
0.724490, 14151.451693, 1956.356397, 2.632789, 1.982179, G
0.736620, 1938.227010, 310.721896, 4.087576, 2.756396, H
0.688203, 3791.257048, 525.747879, 4.042147, 2.725237, I
0.726488, 16621.133780, 2726.959030, 2.240037, 1.574298, J
0.883466, 43.362737, 6.403980, 2.978407, 2.333373, A
1.690001, 1.791852, 0.223162, 1.912332, 1.740223, B
0.793129, 136109.298242, 25199.662974, 2.021896, 1.214371, C
1.124094, 0.215723, 0.033800, 2.585320, 2.237861, D
1.412168, 0.007076, 0.000959, 2.509260, 2.387296, E
0.453340, 71591518.823880, 11513551.409793, 4.986297, 2.174653, F
0.724490, 15854.210008, 2403.787847, 2.632789, 1.668948, G
0.736620, 2044.146556, 337.508211, 4.087576, 2.911120, H
0.688203, 4072.697025, 480.234903, 4.042147, 2.765032, I
0.726488, 18382.646453, 2846.090519, 2.240037, 1.445923, J
