28429.721841
211291.165330
233859.838702
242337.197889
247059.862266
249197.647471
250286.671669
250849.291918
251809.530074
252032.280529
252299.491171
251997.846713
252309.620644
252415.578818
251604.491464
250539.559119
251097.699700
249275.501689
250512.589351
251022.006506
248635.001985
246285.612793
246652.129336
249676.424680
246645.482696
245515.581259
244954.108638
246806.010502
243529.134316
244024.880755
244664.531719
243253.499484
242743.550835
241856.651646
241087.964009
242280.976872
245055.388755
241987.238583
242666.963129
241586.413355
241067.003176
240391.456446
241267.457490
243107.391665
240335.379059
238601.161315
240417.469576
241617.807587
240408.606801
243194.014649
240401.150781
240290.919120
240906.757952
241691.230863
238309.009874
237462.367362
239409.965346
239811.461359
241882.514915
238174.266708
238697.577835
243204.441123
237092.597077
239364.271569
239946.693087
239815.721191
240010.062105
239302.533701
239604.751672
235496.506517
239386.680129
236755.240192
234560.701231
238238.430102
235868.298935
240465.315305
240068.806865
237098.302976
236042.601527
239164.144846
237389.242936
237848.176692
237088.224418
238630.963995
236902.427457
236419.606287
236757.657686
237350.429307
234175.437682
236232.682153
232857.671837
237095.569688
237722.010484
237546.474129
233926.685228
237707.487444
237201.900717
239524.211258
239088.990812
236229.361491
28429.721841
210739.887081
233344.830633
242540.761135
246920.977363
249254.714607
250282.821897
251088.710795
251523.235097
251980.356342
252168.069224
252108.183865
252354.756827
252155.975672
251175.769197
251709.280769
250793.951336
251210.499979
249419.940644
249812.992291
248326.170758
249904.974961
246873.190204
246844.147952
246689.909100
245088.736485
245951.461484
246379.611183
246011.116382
243895.669731
244659.771986
245596.790163
242303.168544
243925.282367
244381.314685
242662.707525
240491.971459
245545.000237
242552.512012
242725.524409
241380.513561
238368.688107
239733.202869
243010.305587
242060.699431
241129.829573
241864.187617
236570.853432
243872.929118
241417.513726
239871.220168
240902.385339
243155.588590
242428.058691
240121.191208
238841.776086
239720.870796
239645.969171
237372.282504
238320.681156
240123.396494
237509.263183
237552.492934
236653.596748
240476.367567
237747.341575
237230.144593
241358.168229
239111.510933
239763.294968
240656.452430
238816.396990
238185.726795
238968.270442
237423.135043
233874.787285
236352.863759
238318.838244
239569.144745
236484.787698
237614.886655
238670.540500
234208.852198
233822.348041
235956.914624
237981.849177
238114.338577
237012.137861
238328.634375
236637.560820
236530.031324
235967.173676
235465.783108
235992.936337
234193.953991
237655.287210
233517.595711
237353.102920
237726.697190
238898.447145
28468.434392
210746.860110
233467.294913
242515.326291
246874.728463
248912.495500
250263.179645
250920.860927
251675.151691
252058.770808
252267.404976
252639.797132
252130.907540
252263.659947
251388.762122
250698.435507
251850.708037
251032.036153
249769.615608
248714.881221
250335.959279
248919.766238
247989.179072
246985.669958
246824.635351
248066.499910
246472.603426
247159.886880
246887.652826
247520.904937
245141.628372
243467.569141
243473.407447
241972.454261
244859.050658
242131.415470
242231.285561
238788.825284
235626.877101
240950.611353
244766.969665
240081.977653
242356.482989
242630.374257
240030.963718
241328.907255
241468.709549
239561.878112
238442.287656
240741.374290
243224.610981
242003.598559
242137.928513
239489.055180
240094.954904
238729.700510
238552.485423
241035.703292
242384.530494
238237.415399
239228.621249
234496.793999
235260.477750
236779.506285
240343.952397
236544.880460
239816.140122
238288.677062
237986.119017
237888.164306
236139.695592
238154.529839
235774.566568
239685.871842
235003.312624
234823.242512
239924.020819
237221.956273
239100.037372
235246.583717
236614.123711
237654.415764
237476.943171
238408.789497
235757.856947
232566.879559
239757.912141
237129.192513
235301.967172
245006.643625
232437.234829
233322.047291
235450.886214
237936.735456
237635.943795
240328.989113
237095.546885
237575.575046
238003.073118
237883.447304
28468.434392
210054.378375
232489.960313
242358.617292
246657.908147
249005.244364
250223.757985
250796.256125
251249.099397
251956.665961
251514.666728
252368.981203
251975.539361
252049.597201
251745.055140
250802.392410
249861.148930
251309.652447
251594.328146
250417.265864
248976.916773
246462.450273
247637.622848
248172.917297
245671.982342
245218.259634
244248.863313
247691.208443
244424.022303
243869.776586
243589.192810
243368.753348
241665.322798
242452.222578
245093.910388
240381.888305
244440.529236
241798.759981
241566.459008
240697.419111
240582.325733
241078.811503
240802.584949
241127.318633
240262.076671
239910.117813
240179.074410
239857.384081
238966.523421
243717.275702
240345.182590
240581.225011
237011.974588
239990.469537
243581.285077
238419.047197
240265.708787
240856.013761
242841.673693
242710.454865
238507.135048
237898.674860
234956.278910
241253.704227
239024.111216
241335.944204
240081.020251
242073.533300
234406.422639
249376.511532
239702.204941
238169.438562
237951.044273
236756.902025
236183.063648
236364.332937
238358.825952
237379.002518
236903.776691
240863.411451
238333.527629
237801.828685
237431.828329
235864.692009
238400.752597
237444.449806
234796.247404
239578.884130
237941.672357
230052.616268
239174.544097
237521.013937
236123.638745
238664.831515
239536.400238
237495.638032
238696.401931
237824.000361
238732.725463
239164.625163
28484.162503
210121.164763
233045.515921
241944.296019
246637.456899
248839.577702
250233.255923
250656.623828
251372.897030
251544.761954
252260.011465
252095.161714
252514.033789
251210.505765
252299.040430
251658.623723
251050.945130
251381.247864
251207.031959
249065.778715
249886.062647
248133.009141
248380.722504
247532.838923
246874.328976
243970.420169
244127.981743
246064.209582
246399.561599
245724.057405
243966.962273
245121.900832
243275.310563
243896.891620
243777.293723
241439.292207
241397.693057
240160.633833
242765.881719
243093.564923
240812.718571
243339.547359
242691.161463
237465.191319
240203.055885
243718.230648
240665.232990
237443.764188
239750.792589
243179.959317
241716.816013
239343.678193
239528.234770
239265.537386
238794.440057
239605.708186
238209.105594
238119.262282
237495.068588
238849.732794
241543.723807
235481.883599
234875.295091
238281.123964
233075.167181
237875.737885
238825.096597
241115.037581
239570.736646
238740.713428
240585.971228
234904.997650
237541.628620
239953.824721
233975.082305
239057.411496
237004.892264
238978.826225
237058.156030
237572.780510
236296.047008
237122.852183
236243.539609
236012.373001
236275.875122
234603.016969
240974.932366
239860.521325
237758.839128
236538.012351
240336.885635
238038.470934
235740.812935
233948.575865
236752.605272
238537.468313
238098.379088
236202.922344
239939.122988
240714.765324
28509.412645
209607.964606
232599.684717
241945.897589
246670.163487
248787.610298
249784.612241
250993.656495
251638.916611
251619.638445
252159.382844
251496.284701
252013.818792
251767.616044
252254.858790
250498.959067
251206.869159
250712.525088
250804.510141
249984.949247
249332.280582
246885.755268
249289.012401
248695.476218
248639.331237
247260.023010
248759.498184
245474.271517
242703.797750
243138.198702
245110.894693
243507.342413
247397.271907
243774.552125
244734.125657
241931.436199
241522.107303
240888.485146
244622.501636
242054.379520
242028.606024
240366.051038
240173.963115
242528.800480
240900.983951
237864.320326
240722.657329
238562.026516
236676.132030
240660.642447
239361.919697
241986.815949
239680.775846
239761.335316
238873.478898
237918.981504
241637.693101
241294.729548
238878.051398
242700.352726
240368.791215
239176.195047
240995.107291
238337.597812
240681.562199
236748.184126
244144.769629
239996.891288
234469.637765
237130.381900
238009.647739
238652.831584
238414.206232
236243.710186
237818.891765
235617.055075
236029.449661
241980.364465
237520.159818
235896.072663
237839.523984
239013.291580
238419.294337
237649.890183
239750.189416
234631.448034
240595.905733
233827.824410
234493.141174
238431.846500
234700.179919
231212.054956
237784.314004
239784.127197
236386.402635
236498.470679
236218.869049
237070.083025
238872.653121
237359.638691
28519.034541
209783.241872
232849.063832
242003.036849
246503.972533
248669.654551
249885.692537
250546.484169
251361.570379
251749.367920
251836.753672
252158.168480
251907.953761
251596.115823
251272.481846
250667.664206
251855.793760
250724.710831
252265.803224
248944.637487
250281.052647
248741.486878
247994.224343
248493.761798
249022.236736
246215.696750
246883.427083
244633.947500
247741.469279
246841.000789
245539.013740
244666.482212
243089.129996
242095.142054
241419.673520
243875.775143
242608.774547
243549.005853
244493.471115
241563.021517
243679.833202
242448.489678
240452.116557
242591.164457
241277.314775
240443.990838
239362.866542
239507.418718
240592.812003
240796.277732
239004.838223
237328.604642
238130.721194
242835.148889
241000.625565
240586.969577
241171.221811
235643.104224
236322.167634
239229.616322
239056.173510
239089.002970
237156.171839
239291.893649
238568.003419
241261.147595
238637.262437
239547.819941
234858.258159
238128.434345
234477.132175
237925.641119
238487.558761
239411.050109
240865.451035
238619.585801
237280.024443
237405.343700
239397.982146
239099.174657
238709.907895
238436.288704
236266.785748
237802.153405
242655.385892
238870.797428
240955.371299
234389.160632
238495.395923
233751.069189
238302.741021
234533.127068
236533.873078
240263.271967
235363.648248
237111.059644
239121.199649
234869.765377
239900.138892
238157.265095
28519.034541
209823.235424
233406.304312
241682.498454
246298.248237
248359.675678
250055.006267
250533.543586
251353.189214
251549.396258
252053.875234
252309.769979
250980.035819
252292.713548
252769.464513
251880.771509
250298.214433
250673.472429
250986.701309
249439.097761
250376.768140
247943.768785
247141.420097
247477.674593
245153.021576
248508.901384
247757.561561
246967.266359
244115.583357
245205.999183
247827.383244
245059.311477
243324.204434
244687.786491
245134.473858
246058.311967
243870.262299
241826.044674
243315.573185
243828.636505
244017.752341
240257.821401
241257.403603
241337.862487
237530.338025
238708.080896
240194.530215
241606.375580
239901.778024
240869.193467
244032.184402
240327.103228
242519.365600
238715.745399
240665.995955
239564.780006
240168.492425
241720.923217
241121.508296
239310.505861
237279.115606
240658.009400
244895.854098
238876.389008
239424.663189
240747.768665
239276.888233
239723.720188
243224.084667
241638.062491
237788.565929
242689.706672
236842.884340
238685.352371
240005.956837
240515.204574
239083.332311
238767.878427
238443.067826
235679.821733
240207.524085
237742.764458
234900.556114
240370.475252
238178.497377
236297.172582
237271.737515
234155.267865
236610.060971
236308.477471
239824.756109
235552.782061
237729.818393
238019.204053
236329.616208
240543.722122
241355.444077
238172.284369
239250.586154
240623.620552
28553.763034
210310.901118
232850.605951
241680.148796
246218.214514
248481.340017
249705.277840
250595.419623
251332.829898
251656.687000
252035.378804
251791.502909
252479.662525
251941.772415
251795.449947
251414.866585
252164.246607
250404.097879
251337.239707
248332.978889
248766.974425
248733.878433
249006.106035
248515.372764
245761.211319
245812.446851
245422.527643
245564.057010
244143.542727
246186.738947
245703.965784
243530.042151
241518.395618
244949.456225
242358.387412
244385.982157
243293.831443
240269.964381
242312.082238
243908.954637
240393.055524
241279.389112
239693.234125
236087.406671
244708.844099
243504.584768
243655.399181
241641.749041
242035.508791
240263.682835
241725.415995
241443.162190
239675.756221
239744.115379
241871.410884
240388.993059
240951.771606
239816.268091
236594.309599
241193.736922
238803.403534
238774.334398
236270.357764
241827.783455
238860.332249
237613.589067
240126.734196
238918.851880
239192.405339
237731.261388
241355.625034
238865.925321
239663.545052
236018.545736
238074.557148
237832.463808
238379.540564
239931.508142
236988.982418
240270.541378
236482.931903
238104.006882
237213.180597
234896.723136
241209.985036
237006.514764
236809.065485
239886.587653
238767.414364
238564.436609
235925.246615
235433.652091
239113.730625
240080.109632
236650.060781
240282.289801
237760.926838
241760.548312
239221.541141
237846.977973
28566.567225
209633.811876
232661.441319
241391.035935
246027.638081
248283.790656
249872.772884
250631.676673
251177.799627
251680.279597
251696.057749
252262.704768
252091.024522
252041.393577
251868.886766
251044.128507
251089.610992
250052.535318
249852.231885
251318.404786
249861.905734
249413.027933
249146.114990
245904.109775
247022.996676
248256.999425
247868.197202
244900.332547
244460.079154
243573.072620
242236.758731
243631.736651
245742.013583
243938.996489
244626.850363
246923.642177
242930.745146
241726.511710
240942.430858
242808.374679
239812.367445
240311.104450
240800.108719
239322.112122
242958.353115
242010.270223
240312.760766
238567.639904
240732.205175
240967.391644
239237.808448
242359.525897
240943.138960
236958.417387
239218.569049
241489.450358
236134.141677
238799.380807
239032.083596
238832.399980
242449.760214
238914.238097
236685.624623
237610.555050
238256.786765
242169.623901
236949.005422
236987.551595
237990.903599
239022.359041
239529.600106
239925.238373
241165.154256
237705.648790
239390.115029
237539.472073
241203.496880
237159.314360
234797.804709
235904.345270
239965.610535
236830.962948
240436.098798
234825.869335
243694.531262
235378.085730
240271.186383
238209.111193
238926.559139
234994.919029
234140.585364
239175.613556
237186.158732
238389.173383
239422.977238
238127.600055
239376.336553
236805.625027
237182.836723
236205.642929
28566.567225
209337.868160
232003.497701
241719.009480
245892.858286
248460.269339
249668.373941
250590.301102
251166.123837
251654.281583
251984.360141
252196.025021
252481.994723
252196.966753
252279.097101
251525.897451
250879.531127
250819.090470
250539.557480
250881.873778
250709.521086
247947.740629
247564.476375
248561.194046
243668.542981
247978.979897
245776.579279
245920.315415
245967.216029
246142.063439
247668.753499
246281.797720
242377.958463
244520.356583
241401.295074
242242.712090
241117.954754
242229.243157
245390.044170
242386.617166
243130.031788
240864.593970
237647.556245
240065.591817
239848.249188
240956.094098
239211.870685
242795.792119
240510.260460
240515.349366
239378.115835
239245.662934
242459.208897
237274.775712
239315.090990
241520.035390
237622.016560
237491.267265
238153.994188
238575.588572
236525.504219
235431.363084
240618.826102
239704.017085
239564.483604
242255.476612
236617.348067
235512.742596
240604.429134
240512.806937
235974.571620
240766.028940
235929.613632
239318.239483
238603.131006
236185.989123
240517.928755
239525.526242
242640.942202
236686.680858
235555.086800
237368.346077
240399.754734
237325.447372
238619.098924
240265.459320
235338.866366
238293.977941
236981.790412
237280.308555
239278.437179
238862.914010
238082.562211
237078.645539
240330.927684
238767.114612
240260.556856
235469.709993
237504.444499
238633.936167
28610.824933
209306.377967
231988.037976
241107.275408
246190.575224
248148.011363
249709.056873
250569.519274
251174.826586
251565.770993
251869.880181
251840.917525
252176.023006
252063.800629
251530.094003
251733.602065
251379.463458
249432.527253
250508.766875
250141.928922
248456.962783
247596.266960
247851.619257
249481.987073
247115.968382
245828.984868
249493.575891
244273.522465
242925.004448
244737.508840
244521.051545
245197.544446
243059.581248
247009.171625
244673.693110
243433.662387
241847.307522
242460.672014
242929.315727
242846.062523
241017.843646
239426.941078
244505.387050
242904.124393
241585.048690
239980.284118
240863.182275
240778.580724
239520.820188
241733.153057
240347.055189
238573.078050
239176.335979
240565.636620
241777.416531
242828.241163
243091.680211
237277.474064
239600.647573
243644.146547
240460.200498
239907.969511
240694.913404
238778.065701
239289.757920
238952.224231
240696.851883
241778.884778
234521.549342
238726.153354
236570.501156
238416.043041
237844.114452
242274.439063
233789.732377
239642.662580
238570.198013
239828.270249
236828.549379
236708.672776
233507.527632
242159.384459
237457.314187
236664.280170
237771.838285
237223.896601
242551.992250
239151.259834
239723.820144
239368.021932
239392.572185
236058.658766
231567.134593
235622.984779
235511.078586
239015.608411
241044.048796
238066.663759
239142.459683
239191.134010
28610.824933
208732.088901
231789.041277
241144.900520
245901.027695
248082.007272
249830.959931
250246.221310
251205.266866
251402.419023
251959.778663
251903.789721
252222.126512
251645.020064
252075.115444
252049.283428
250817.949302
251695.520713
251432.904929
249492.695565
249232.410454
249548.712915
247570.551755
250719.030850
247780.796083
248548.726026
248331.954944
247560.369589
248361.386570
246515.764942
246804.569823
248539.075935
244136.698365
246574.839538
246073.185494
240721.843607
243820.333548
244370.213493
243790.318850
238631.962982
239363.573190
242976.658710
241356.683876
242787.108886
243009.012250
241050.443644
241300.329890
239259.386838
243120.279914
239724.760468
241257.634607
237652.301193
239134.668854
239276.938940
240124.559933
237482.371907
238828.931677
238889.350654
238681.793667
239073.437370
241170.847830
238951.152458
238289.631595
238800.008171
240118.633118
240623.638896
235801.723352
238196.658923
237005.458909
238235.259313
236860.384998
240938.455973
237236.764881
237943.631327
238645.253370
238926.136859
237327.494068
240920.104266
236525.908377
237928.992557
236756.629437
238416.242929
238383.814642
236663.762793
236162.287200
240564.289716
234726.272335
238317.539286
236355.479230
239342.075102
239831.069670
236330.071982
240991.575697
235896.372776
234286.396619
236219.631343
238100.210684
239008.918097
240605.167932
236093.115386
28610.824933
208910.703332
231877.895737
241041.540331
245954.104111
248077.169549
249509.969697
250306.559614
251271.715155
251659.727416
251964.496217
252238.265304
252013.777746
252069.819042
251279.673478
251514.984505
250094.756207
250133.145298
251042.970899
250817.499471
248806.042663
249294.740276
250564.580649
248411.648605
245842.844879
245692.041946
246872.327718
246410.882000
245662.231776
245193.086107
244145.916180
244483.254639
245541.019148
244022.141414
244694.938596
244760.837064
239925.854068
241953.468278
243157.195538
240939.977193
243702.596584
242964.985848
240671.603683
242230.050966
238891.047357
240994.838727
241497.545363
240834.641551
240451.804597
237465.283583
237606.612747
241515.222188
239263.698643
239677.980943
238742.335497
242568.165170
239969.483198
240209.548774
237556.006447
240560.896740
240029.441475
239553.738350
239323.795125
239610.114802
234462.033175
237514.270009
239763.279721
240168.520378
238940.163937
238745.848110
237354.452366
237007.574305
240819.363417
239507.770520
234243.422311
236972.388280
240668.899664
238110.446128
238205.188973
235246.834458
238224.783623
239350.554796
235894.313102
236238.107081
236399.242747
236015.736178
235535.826975
241558.798018
237785.556883
239340.782542
236790.853936
237106.603274
238632.402756
239518.681365
240058.482775
238873.479201
236175.200191
238093.140597
238280.668651
237634.519900
28610.824933
208724.700453
232055.268254
240882.656853
245772.324618
248297.736611
249434.253215
250211.354750
251355.945902
251657.059720
251767.534870
252176.139691
252038.957571
252269.454672
252285.464668
252644.258108
251395.857183
250459.811713
249695.852886
251216.148000
249814.801485
250828.675207
249924.380172
249249.608541
248437.729086
247646.404910
245992.131387
247406.275649
245661.156746
244098.447196
242838.032103
245389.216388
246386.962421
244636.984030
241839.166040
244283.003694
243210.844145
243173.265670
243304.022417
243099.890950
243118.123759
244024.890843
242628.848710
239888.475230
242528.251443
243708.171175
239294.330375
236743.287098
244619.219243
240322.000375
238679.547269
238712.822536
239602.921251
241488.247411
241553.316138
240692.277125
238942.395172
235689.090109
241289.758595
239185.270134
237309.646803
239780.869006
237351.014188
239536.154414
237555.052929
240250.033327
240692.430233
239058.729223
235793.189712
238487.516816
239548.040195
241539.896797
237621.957281
237551.239149
241230.927638
237697.174524
242865.546063
239176.979802
243118.367392
237526.850224
236346.536682
237823.602559
239218.526014
234661.478245
235066.049407
240169.203398
239834.073255
238647.265663
237514.958693
239979.604628
240031.345418
238384.572410
239835.181406
236965.170731
236971.275080
237823.422979
238483.542700
238564.004190
239662.355573
237063.736920
28610.824933
207924.244716
231293.397039
240651.610848
245821.204747
248154.879349
249366.969023
250244.627893
251121.189228
251434.711426
251879.357281
252109.233854
251832.163909
252216.541857
252121.693746
251580.804232
250928.495919
250877.511467
250660.236753
251779.705240
250013.083530
248910.737443
249267.584271
245419.108632
247132.973181
247547.234909
246524.310625
245564.199995
245054.230662
245626.137506
243317.287982
244386.413532
243615.392948
244152.994187
244004.718193
244303.768471
243689.187565
242080.306885
243130.164040
243857.556893
240902.295594
241564.243514
238177.307011
240555.795481
242519.060285
242364.368510
244105.452181
240719.977953
241864.601654
237201.428864
238532.779970
240783.985169
238947.746553
242313.936948
240884.969186
235438.812870
236848.020815
241399.310155
238495.094862
236820.507838
239935.948787
236246.107971
240285.793229
241091.523891
237942.787077
234951.127258
239087.394171
239370.987354
239741.511932
237452.438309
241618.417159
236902.577684
236517.563843
239910.766610
237499.123056
239511.547007
240047.826235
238886.804904
237482.943072
239307.299974
239814.688095
235517.111278
237807.803470
239902.376452
235959.294292
237101.017830
236994.240376
241269.905491
235709.325965
238187.285310
235915.849406
238444.378983
236090.420990
235150.835948
237171.902691
236996.113301
240180.132433
236412.673372
236711.725852
238202.943779
28706.944419
208001.226713
231546.305532
240485.472971
245717.240107
247924.902706
249469.390919
250342.893823
251019.254996
251368.955485
251843.726744
251921.747184
252011.220964
251352.356495
251708.820104
252324.735509
250792.949554
249821.003090
250813.202640
250142.339411
250574.597571
249140.521029
246707.514003
248551.286310
248429.572960
248446.746140
247876.740800
245525.962749
244557.500389
246197.742124
245814.529526
245890.072871
247915.051890
245065.643328
241574.591386
243355.562701
241358.283541
241508.448702
240419.698467
241903.730101
245719.704952
244335.379372
242490.900866
241232.858541
239003.817109
238465.201684
241467.805178
238886.391043
240034.829871
241460.736414
239794.018849
237085.171069
242057.815071
241524.613843
239756.478848
241207.906099
238255.348145
239445.211501
239923.595174
239670.142534
241538.429280
237541.245829
238432.373276
237009.693076
237929.606437
237647.066605
240824.332432
238371.540371
238676.152543
237448.311769
241136.851798
236915.672538
238806.529814
238434.849747
239855.251209
236643.458325
239089.431576
233821.638554
238128.456246
240726.766215
240492.196189
239981.991354
238368.890083
240046.388563
237902.451594
237862.484033
238310.670177
236282.226753
238507.715034
239040.293251
236350.992269
233244.935456
240885.286118
235051.021420
238287.404259
238258.958268
237332.862607
241518.078857
239055.287361
235458.938308
28706.944419
207792.890671
231312.416740
240254.388085
245410.178180
247702.831413
248938.670758
249920.262619
251095.930601
251395.194833
251678.451206
251667.189859
252274.195197
252108.663836
252458.156563
251988.688041
250996.495407
250741.482126
250010.882772
251927.147812
250917.035015
249228.112687
249067.139547
248672.529186
248023.878000
247201.289485
247110.592870
243746.616916
245192.117348
244623.921970
245994.731280
246148.933940
246559.682806
246999.985434
246332.455390
242994.754348
244234.176331
244305.512520
242998.987172
240224.969287
242812.790403
243467.026123
241250.335670
242080.318224
241206.306409
238480.174820
240461.088049
239551.564361
244345.995147
241778.674711
242163.458163
240699.838300
239737.296404
240432.562353
239607.324618
238428.275184
240825.121492
239202.989048
238339.923609
237734.321228
238533.319780
241207.224420
237695.420825
239403.417026
239616.223362
238350.350927
240741.002866
236996.450644
239446.655943
239911.654080
241556.258725
239689.309111
235856.538245
238221.055010
240731.768620
237730.662610
241984.663247
238325.191322
240445.789906
239742.455726
234958.364539
238911.886705
238984.943997
234482.197045
237441.995685
235900.565347
236820.559449
238323.564192
236700.322409
240477.864154
240174.347746
239812.068729
239124.626855
235431.171759
239678.745735
237483.821648
237572.164901
239110.963817
239458.816972
238003.502720
28741.278767
207683.485697
231405.875658
240526.740373
245261.471221
247424.822285
249037.898413
249804.625589
251005.802676
250984.277941
251870.741003
251538.851995
252082.609428
251898.980979
252111.803207
252026.396464
252058.760512
251015.235036
251961.925652
250827.023733
249923.274875
249034.146280
249135.484212
246193.981083
249274.181910
247933.934233
247231.506134
247143.686808
245737.735182
246311.719625
245700.355738
243094.563558
244702.778808
245097.919096
242641.724831
243667.786844
241613.266046
240356.065707
244899.443765
244265.519618
243608.136116
243453.293525
242860.361918
242311.832835
243879.108562
238321.992213
243526.073114
241393.028690
242245.793141
238979.580152
240990.812638
240964.980051
240362.772243
235771.099416
242918.772554
241905.643356
240956.730374
240228.683987
242125.382352
241557.130993
240928.915227
239711.309662
237735.302122
240591.417801
239035.667781
239271.171857
239589.271686
237127.313742
240606.219712
239827.592534
238519.557886
237506.462457
236388.035164
243006.874573
239715.037339
239082.628587
238196.406152
237560.684435
238178.263553
239796.532548
237278.737918
237942.620698
237207.292641
239727.087051
237139.702175
236937.652058
240120.492959
237000.364440
238497.590184
235734.187001
238454.542584
239590.473746
236449.244701
238834.287335
236553.885054
234620.328445
235381.842812
238473.764822
238067.678589
236348.176783
28833.463543
207542.983997
230473.682123
239778.301028
245430.600072
247326.263377
248967.667824
250132.114638
250845.127237
251145.693710
251504.237756
251431.686640
251689.950897
252485.229615
252284.261927
251245.316066
251222.777672
251018.990852
248974.658404
250161.001591
249092.755849
250341.512736
249447.170616
248933.352423
248308.231839
250020.449526
248122.061116
248172.252407
246871.200606
246399.560068
244741.099250
244649.917603
245373.258887
244757.981923
243271.341001
243628.599967
245207.486543
240363.348916
243453.831353
241673.957749
242298.743920
243697.819743
243158.830648
243246.456645
243777.566471
239617.503143
243089.881210
241098.637037
239953.219531
240493.087306
242474.343825
239367.336342
243824.839036
238474.961103
241883.237903
240218.839612
237705.446716
239766.136631
241861.901590
241719.321995
239736.483081
235960.598775
240970.810702
241096.711152
241217.973756
238283.173680
241187.501385
236659.651001
239826.696558
239998.945445
236007.025160
238205.872979
240036.078359
236487.863496
235734.575736
236199.724279
238747.752054
241440.778220
238579.591725
239401.018695
238076.340644
238031.660439
238348.606507
239210.096789
240168.005303
240111.393256
240002.371830
235965.069567
238816.800749
241029.811589
236685.581891
238680.662523
238250.137953
237749.597790
235974.563576
238543.539064
240541.989125
236488.408343
235519.776003
238218.995641
28833.463543
207329.763418
230408.566015
239875.158352
244986.309106
247254.885840
248818.575663
249712.862724
250731.359831
251205.272331
251754.707485
251239.525228
251984.355119
251733.850458
252341.327355
251503.241765
251975.325773
250460.789849
252233.618241
249335.486079
250014.817607
249838.585065
251103.457242
248315.318191
249154.346396
248547.883948
250084.918626
243964.316627
248026.412785
248866.749527
247770.330645
244945.688027
246611.204505
244627.991039
246364.055111
241317.445744
243751.293396
243999.629387
246366.022999
243660.664892
241236.144714
240541.524033
243635.913463
238161.026048
242580.708742
243364.977123
239354.993027
243916.740286
241118.551739
240888.128077
240266.819587
240614.445694
242635.963790
239119.587680
240076.591906
238297.196642
238292.307026
239969.798406
239484.516011
239196.551262
239121.807707
236844.303173
241083.546159
240747.749120
240622.095011
240664.577698
238936.222585
237940.315918
233791.786935
236812.229211
239626.372151
238390.796775
236738.429552
238239.866393
239787.065812
235328.238318
238353.956277
238371.920751
238410.279414
239274.639328
235487.510448
236922.645892
238948.041336
237469.355873
238492.142358
236062.849247
238110.629834
238353.550398
238410.170386
236820.197240
233587.929151
235773.069108
238957.663183
238180.406063
237275.431526
238615.915205
235560.765581
236160.611732
238973.671090
237478.459531
28833.463543
207302.885884
230212.353588
240129.074609
244697.707625
247315.650018
248771.612603
249880.287836
250453.088773
250859.135200
251569.091782
252011.191429
251572.300441
252201.871310
252247.549162
252068.620370
251310.761588
251238.844102
251370.879670
251215.576018
249785.345895
249971.973387
250201.793522
248703.444509
247523.881463
246619.467957
248542.504217
246857.153626
246807.582604
247029.221982
246730.760351
245861.173695
244600.212443
242547.746007
242794.325013
244597.511311
243095.424656
243689.162304
243544.162902
242131.099687
243756.381753
243650.000091
242183.887308
242049.103988
240878.953170
241694.780097
240520.152597
239893.519932
243232.039434
240327.736647
241553.570721
239401.526273
240288.533726
238730.547170
242754.259958
239869.076328
236682.381806
241460.092249
245677.019489
238785.898994
239758.229337
241207.602537
239339.482173
237778.477301
240784.238267
237491.411554
242084.196419
238041.404137
235956.368692
238351.897941
237844.371065
239107.192648
236473.517935
240623.075562
242216.176022
239214.965560
240168.954168
238039.101530
237354.868138
239489.103694
236512.900015
239357.360675
239192.607982
239827.785378
237005.528007
236765.266963
242067.397301
238812.690298
239537.044562
240300.627378
239230.704777
238052.609034
235834.185181
237133.634060
237941.005288
238286.240339
237273.591292
238057.782853
240108.461831
240637.678265
28833.463543
207734.518259
230060.429558
239590.711593
244971.730032
247154.213710
248686.797347
249503.415157
250704.096549
251116.628683
251601.535849
251717.159820
251744.381794
252154.721369
252372.063227
251118.858340
250487.723738
250804.124611
251197.888686
250995.656237
250024.117420
250058.453868
248184.387867
248821.988050
249418.106359
247807.377048
248429.200757
245942.498751
247502.083012
243131.779074
245362.684118
245581.301101
245755.113712
244288.774948
244929.593271
244027.076463
243505.219472
241907.435826
242351.073066
243732.946640
242095.865052
242278.152046
242475.214242
243677.069060
242038.030472
241083.770817
244335.753392
245273.125486
240195.174303
239980.225521
242176.173234
239898.839143
241158.217493
237644.290255
239343.034620
242699.128481
237970.838609
237553.012533
241387.046466
241399.303407
240388.492944
237834.775358
241650.114837
240154.186964
241750.234069
236133.944236
238621.165035
236478.277997
241307.064782
241807.632957
240305.497487
240499.755931
239487.337802
239354.600424
237390.200875
239507.805726
238609.463247
236611.135902
240192.693361
239910.681785
235552.836888
240063.425869
241152.048267
238945.633863
240451.543862
241174.442127
239275.366358
236977.789410
240077.127705
239856.930768
238224.316148
237926.002211
236456.090360
240800.028365
237126.302381
236470.163362
236770.008323
236808.739840
235955.759818
240179.731484
28833.463543
206540.194711
230404.201873
239433.021400
244752.870968
247410.952564
248796.896601
249597.021694
250718.222169
251048.290950
251510.197217
251639.371249
251886.433967
252355.226289
252118.682865
251117.253595
252096.423685
251613.807259
250853.846007
250867.968190
250141.510731
249612.955992
248930.683292
248340.362943
247214.538020
249841.377752
248268.220894
245521.207915
246459.195563
245957.120025
244660.147229
245445.224978
243343.090402
244859.188663
243995.276193
243137.560539
244009.462077
243877.665180
242837.143347
242296.923588
241885.993631
241444.786898
242321.974865
240537.392378
242624.950785
241778.376179
245493.001734
241499.615313
236585.002884
242609.189565
242500.464532
241052.835416
240412.254960
237813.635594
239393.050525
235762.139087
239470.920031
240764.845614
240359.128118
238924.930148
241022.519374
242231.516318
241296.294455
241240.283921
239345.278436
239531.555843
238937.970496
240506.967292
239897.857159
240618.904681
237873.855085
238581.430785
240313.635848
238367.951172
238042.001752
238482.516938
236328.751839
236794.894109
240449.625399
239097.166156
239521.147113
238424.999506
238950.540523
237584.004632
238807.499343
238934.136694
236846.602443
238076.513177
234753.355841
235306.695832
235271.403863
239375.541846
238453.788658
238802.295099
235527.225765
237939.633381
238386.459492
239479.197542
237737.575182
237399.710986
28833.463543
207474.394723
229763.832488
239086.987038
244748.235131
247023.379129
248502.175492
249461.889342
250540.916763
250969.280171
251372.735543
251494.790169
252081.464718
251573.088762
252282.933613
250562.158078
251921.331375
249096.911697
250701.007061
251141.945988
249782.895423
250816.069948
249957.443924
248481.270293
248145.647026
247818.646373
246854.563101
247776.292464
248151.328634
244932.452376
244996.973660
246386.660527
245116.050713
246532.550972
242513.270605
241575.056467
244475.498455
244547.473367
242759.217779
243737.947966
244117.800227
242099.428914
241387.915997
243517.340458
242478.632993
246942.921090
242886.972655
240972.046366
240177.675131
239929.928828
237961.356455
240190.762188
240557.801796
240214.982853
237907.343321
240506.605260
240095.872574
241623.428353
240242.694632
240581.283281
239590.921647
241048.203629
238134.244573
239509.954834
238927.488933
239479.207573
236851.797511
239417.918697
239710.389687
237258.480743
241054.347112
236951.763670
238719.278621
236578.304170
238099.669572
237881.049772
242827.289917
239033.693859
240370.478529
241576.964246
237667.595228
239090.718513
237931.250225
239229.745686
237093.494334
239678.367251
241307.134591
241616.710630
238209.600689
237485.914411
236019.962186
237612.041906
238729.589396
240038.006712
237988.101747
236320.860259
233345.580611
236751.465767
237629.987501
240808.337802
28872.640699
207181.193174
229313.383390
239860.702043
244500.302384
246891.152681
248447.206981
249600.029592
250322.270425
250748.355061
251550.644843
251771.772532
251742.873423
252067.166213
252569.837924
252057.089839
251390.129556
251230.930697
251079.006397
250238.836175
250044.698189
247152.997436
248062.836270
250135.878857
247045.311402
245524.166856
247450.697073
248377.960238
245633.530481
245740.389604
246791.930924
248108.910838
246186.713986
243011.183997
246424.304535
244195.005502
244808.574498
242425.431859
240738.807781
244805.634760
245006.605245
244422.117651
240872.404602
241301.982668
241441.555458
243886.156091
240494.371608
244094.466790
242756.448948
242488.390290
240713.301914
240371.120035
242196.088081
240892.375778
238916.371930
239468.635425
239931.615047
244214.195886
242636.410998
240230.450660
236239.946688
240486.866227
239443.022392
238697.311388
240585.999680
237942.514739
239575.400248
236541.313207
240870.446860
235757.926839
237284.810121
240086.385196
238474.963007
235758.799610
237545.695446
236436.382981
236796.442788
239605.728205
242481.897687
240147.141585
239364.002297
236767.742510
237486.855023
238239.757038
239435.251835
238200.433476
236356.296214
239404.364919
234433.594280
241763.122634
237568.950051
240122.899205
236685.839520
238026.050242
238771.772210
237924.467418
238005.373938
237931.247211
238574.028481
236259.297909
28901.229046
207310.312813
229761.192186
239336.538145
243606.022696
246747.691002
248306.330935
249302.643803
250531.261724
250988.266154
251023.063623
251668.770862
251769.885218
252240.009059
251895.115488
251690.421222
251858.711535
251806.643404
251503.101168
251973.742296
250778.325011
249268.494119
248447.977162
249875.014894
247247.928514
248313.357523
249245.248205
250511.260892
248081.555185
246324.771136
244012.983920
246027.688274
244682.010512
243684.792848
245237.683040
243587.230537
241352.279976
242845.184174
243718.158396
245200.929993
243192.768644
240643.496796
241235.058692
241825.393321
241975.440267
242159.230216
243139.353915
242983.697494
240240.924553
240616.755324
240887.520500
241306.231113
241762.289652
238510.499285
241541.881063
237288.085343
238386.561304
238426.398158
236804.884919
238822.538472
239623.103085
237791.650821
239822.397887
243064.705686
236852.582033
241107.338179
241433.062904
238670.581175
240256.793981
239060.762693
238190.187460
239749.967878
238793.273097
241114.947984
238884.425036
238014.335831
237155.961736
241260.586799
239338.620487
239409.726563
238165.880540
240002.928233
235853.510595
240335.715364
238817.824432
238580.727644
239599.128176
239071.500062
235797.020254
237884.906798
