amtProduced_need, avg_price, sd, consumption_rate, consumed, char
1.690001, 2.783928, 0.871211, 1.912332, 1.721099, B
1.690001, 2.719094, 0.627859, 1.912332, 1.723077, B
1.690001, 2.770403, 0.536559, 1.912332, 1.551558, B
1.690001, 2.899957, 0.474300, 1.912332, 1.510743, B
1.690001, 3.020417, 0.588611, 1.912332, 1.472496, B
1.690001, 3.390996, 0.553614, 1.912332, 1.256686, B
1.690001, 4.154664, 0.794944, 1.912332, 0.877869, B
1.690001, 3.988466, 0.538554, 1.912332, 1.759346, B
1.690001, 3.801899, 0.394901, 1.912332, 1.721099, B
1.690001, 4.273352, 0.481164, 1.912332, 1.154036, B
1.690001, 5.061519, 0.601795, 1.912332, 0.998574, B
1.690001, 4.366064, 0.463053, 1.912332, 1.893209, B
1.690001, 3.835389, 0.436670, 1.912332, 1.874086, B
1.690001, 3.424586, 0.401590, 1.912332, 1.854962, B
1.690001, 3.126364, 0.390773, 1.912332, 1.835839, B
1.690001, 3.169371, 0.458222, 1.912332, 1.606359, B
1.690001, 3.073432, 0.415849, 1.912332, 1.757858, B
1.690001, 2.999104, 0.369885, 1.912332, 1.740223, B
1.690001, 3.094694, 0.395493, 1.912332, 1.521235, B
1.690001, 2.676509, 0.347203, 1.912332, 1.910952, B
1.690001, 2.385045, 0.266422, 1.912332, 1.893209, B
1.690001, 2.144324, 0.265097, 1.912332, 1.894319, B
1.690001, 2.086471, 0.333988, 1.912332, 1.682853, B
1.690001, 2.073830, 0.282005, 1.912332, 1.601240, B
1.690001, 2.393920, 0.346190, 1.912332, 1.130753, B
1.690001, 2.795450, 0.395485, 1.912332, 1.008938, B
1.690001, 2.336918, 0.360121, 1.912332, 1.909661, B
1.690001, 1.902157, 0.271123, 1.912332, 1.912332, B
1.690001, 1.558990, 0.229518, 1.912332, 1.912332, B
1.690001, 1.332873, 0.194817, 1.912332, 1.894390, B
1.690001, 1.154702, 0.168590, 1.912332, 1.912332, B
1.690001, 1.047194, 0.156047, 1.912332, 1.828307, B
1.690001, 0.972609, 0.141046, 1.912332, 1.816716, B
1.690001, 1.019735, 0.136337, 1.912332, 1.490773, B
1.690001, 1.186800, 0.183987, 1.912332, 1.080836, B
1.690001, 1.474242, 0.255732, 1.912332, 0.806120, B
1.690001, 1.826113, 0.264840, 1.912332, 0.697520, B
1.690001, 1.573127, 0.199839, 1.912332, 1.912332, B
1.690001, 1.318178, 0.150725, 1.912332, 1.912332, B
1.690001, 1.130489, 0.131987, 1.912332, 1.877672, B
1.690001, 1.015939, 0.137502, 1.912332, 1.858382, B
1.690001, 0.910940, 0.118400, 1.912332, 1.893209, B
1.690001, 0.846650, 0.134030, 1.912332, 1.835839, B
1.690001, 0.788174, 0.125749, 1.912332, 1.838562, B
1.690001, 0.761392, 0.119410, 1.912332, 1.740223, B
1.690001, 0.747693, 0.121585, 1.912332, 1.626444, B
1.690001, 0.731735, 0.100085, 1.912332, 1.740223, B
1.690001, 0.774947, 0.099020, 1.912332, 1.470076, B
1.690001, 0.958522, 0.129495, 1.912332, 0.732244, B
1.690001, 0.936406, 0.112164, 1.912332, 1.726127, B
1.690001, 0.968751, 0.117686, 1.912332, 1.602403, B
1.690001, 0.812951, 0.088705, 1.912332, 1.912332, B
1.690001, 0.723904, 0.075292, 1.912332, 1.893209, B
1.690001, 0.681275, 0.083430, 1.912332, 1.759346, B
1.690001, 0.634071, 0.069959, 1.912332, 1.835839, B
1.690001, 0.624884, 0.075134, 1.912332, 1.677738, B
1.690001, 0.649111, 0.083098, 1.912332, 1.530635, B
1.690001, 0.643204, 0.076842, 1.912332, 1.650459, B
1.690001, 0.626116, 0.063777, 1.912332, 1.675208, B
1.690001, 0.540571, 0.051009, 1.912332, 1.893209, B
1.690001, 0.478897, 0.053390, 1.912332, 1.874086, B
1.690001, 0.425310, 0.051336, 1.912332, 1.848204, B
1.690001, 0.388523, 0.042618, 1.912332, 1.835839, B
1.690001, 0.383023, 0.046199, 1.912332, 1.638273, B
1.690001, 0.431490, 0.055115, 1.912332, 1.278789, B
1.690001, 0.398093, 0.041702, 1.912332, 1.820178, B
1.690001, 0.365960, 0.041330, 1.912332, 1.797592, B
1.690001, 0.344145, 0.043579, 1.912332, 1.725277, B
1.690001, 0.308500, 0.033703, 1.912332, 1.893209, B
1.690001, 0.290599, 0.033884, 1.912332, 1.773803, B
1.690001, 0.282564, 0.030746, 1.912332, 1.756948, B
1.690001, 0.287880, 0.042934, 1.912332, 1.548989, B
1.690001, 0.277691, 0.040503, 1.912332, 1.721247, B
1.690001, 0.269859, 0.035287, 1.912332, 1.745596, B
1.690001, 0.259798, 0.031226, 1.912332, 1.675708, B
1.690001, 0.231374, 0.024375, 1.912332, 1.893209, B
1.690001, 0.230036, 0.029031, 1.912332, 1.710536, B
1.690001, 0.243775, 0.035249, 1.912332, 1.450852, B
1.690001, 0.219296, 0.026920, 1.912332, 1.879190, B
1.690001, 0.198015, 0.024086, 1.912332, 1.816716, B
1.690001, 0.185146, 0.024482, 1.912332, 1.759346, B
1.690001, 0.175466, 0.023480, 1.912332, 1.800267, B
1.690001, 0.190176, 0.030347, 1.912332, 1.387266, B
1.690001, 0.227567, 0.036197, 1.912332, 1.124389, B
1.690001, 0.198247, 0.025544, 1.912332, 1.898564, B
1.690001, 0.169518, 0.020148, 1.912332, 1.912332, B
1.690001, 0.145937, 0.016677, 1.912332, 1.912332, B
1.690001, 0.134184, 0.015293, 1.912332, 1.835839, B
1.690001, 0.127096, 0.013742, 1.912332, 1.835839, B
1.690001, 0.120169, 0.014377, 1.912332, 1.811109, B
1.690001, 0.125413, 0.016452, 1.912332, 1.501326, B
1.690001, 0.155227, 0.023542, 1.912332, 0.847956, B
1.690001, 0.145316, 0.018790, 1.912332, 1.778469, B
1.690001, 0.128920, 0.014211, 1.912332, 1.870983, B
1.690001, 0.119042, 0.011676, 1.912332, 1.874086, B
1.690001, 0.120558, 0.015316, 1.912332, 1.611625, B
1.690001, 0.125539, 0.018348, 1.912332, 1.484077, B
1.690001, 0.131477, 0.017547, 1.912332, 1.482268, B
1.690001, 0.145258, 0.017504, 1.912332, 1.286401, B
1.690001, 0.128099, 0.015634, 1.912332, 1.874086, B
