amtProduced_need, avg_price, sd, consumption_rate, consumed, char
1.124094, 2.956177, 0.775510, 2.585320, 2.291751, D
1.124094, 2.943798, 0.493606, 2.585320, 2.072545, D
1.124094, 3.198065, 0.483908, 2.585320, 1.760190, D
1.124094, 3.667985, 0.593344, 2.585320, 1.493299, D
1.124094, 4.108249, 0.606472, 2.585320, 1.602898, D
1.124094, 4.393878, 0.556425, 2.585320, 1.726080, D
1.124094, 4.110132, 0.490963, 2.585320, 2.389369, D
1.124094, 3.807244, 0.398539, 2.585320, 2.403887, D
1.124094, 4.286708, 0.530803, 2.585320, 1.521910, D
1.124094, 5.102767, 0.686750, 2.585320, 1.248569, D
1.124094, 4.636514, 0.504310, 2.585320, 2.481907, D
1.124094, 4.288904, 0.495843, 2.585320, 2.470780, D
1.124094, 4.091663, 0.512060, 2.585320, 2.352641, D
1.124094, 3.968613, 0.544608, 2.585320, 2.275081, D
1.124094, 3.695981, 0.477508, 2.585320, 2.481907, D
1.124094, 3.294207, 0.387188, 2.585320, 2.548340, D
1.124094, 2.916748, 0.334980, 2.585320, 2.546183, D
1.124094, 2.789324, 0.302021, 2.585320, 2.430200, D
1.124094, 3.057490, 0.386256, 2.585320, 1.801286, D
1.124094, 2.777601, 0.249873, 2.585320, 2.501041, D
1.124094, 2.483252, 0.226307, 2.585320, 2.507760, D
1.124094, 2.365652, 0.281046, 2.585320, 2.363737, D
1.124094, 2.315668, 0.294228, 2.585320, 2.264057, D
1.124094, 2.309415, 0.344686, 2.585320, 2.100483, D
1.124094, 2.235138, 0.307213, 2.585320, 2.331196, D
1.124094, 2.285940, 0.281566, 2.585320, 1.952916, D
1.124094, 2.447665, 0.308193, 2.585320, 1.891632, D
1.124094, 2.323613, 0.295147, 2.585320, 2.254617, D
1.124094, 2.315290, 0.324832, 2.585320, 2.231560, D
1.124094, 1.982769, 0.273354, 2.585320, 2.542017, D
1.124094, 1.679262, 0.226522, 2.585320, 2.585320, D
1.124094, 1.454127, 0.188927, 2.585320, 2.553634, D
1.124094, 1.346246, 0.192394, 2.585320, 2.430200, D
1.124094, 1.279647, 0.169500, 2.585320, 2.339267, D
1.124094, 1.348735, 0.187440, 2.585320, 2.069801, D
1.124094, 1.616975, 0.226656, 2.585320, 1.272876, D
1.124094, 1.671464, 0.205059, 2.585320, 1.969936, D
1.124094, 1.658919, 0.237039, 2.585320, 2.249228, D
1.124094, 1.750930, 0.222191, 2.585320, 1.988331, D
1.124094, 1.441813, 0.165741, 2.585320, 2.585320, D
1.124094, 1.195803, 0.148214, 2.585320, 2.585320, D
1.124094, 1.021307, 0.137185, 2.585320, 2.585320, D
1.124094, 0.898756, 0.119158, 2.585320, 2.535497, D
1.124094, 0.844537, 0.110725, 2.585320, 2.454915, D
1.124094, 0.886276, 0.140790, 2.585320, 1.979656, D
1.124094, 1.012679, 0.179104, 2.585320, 1.635223, D
1.124094, 1.073616, 0.135270, 2.585320, 1.864822, D
1.124094, 0.905400, 0.093200, 2.585320, 2.585320, D
1.124094, 0.754655, 0.078568, 2.585320, 2.559466, D
1.124094, 0.684655, 0.087661, 2.585320, 2.423791, D
1.124094, 0.697324, 0.100412, 2.585320, 2.057356, D
1.124094, 0.891260, 0.153605, 2.585320, 1.015729, D
1.124094, 0.862679, 0.103243, 2.585320, 2.256061, D
1.124094, 0.716835, 0.076843, 2.585320, 2.585320, D
1.124094, 0.607718, 0.065724, 2.585320, 2.585320, D
1.124094, 0.525727, 0.064720, 2.585320, 2.559466, D
1.124094, 0.465203, 0.058028, 2.585320, 2.511370, D
1.124094, 0.450124, 0.058149, 2.585320, 2.339925, D
1.124094, 0.513380, 0.072147, 2.585320, 1.554581, D
1.124094, 0.586052, 0.079184, 2.585320, 1.494771, D
1.124094, 0.525516, 0.058375, 2.585320, 2.525659, D
1.124094, 0.466715, 0.049554, 2.585320, 2.533613, D
1.124094, 0.421972, 0.044932, 2.585320, 2.440369, D
1.124094, 0.473097, 0.058771, 2.585320, 1.464946, D
1.124094, 0.447461, 0.059252, 2.585320, 2.394098, D
1.124094, 0.389410, 0.038713, 2.585320, 2.559193, D
1.124094, 0.348185, 0.037977, 2.585320, 2.514567, D
1.124094, 0.322202, 0.036442, 2.585320, 2.507760, D
1.124094, 0.308980, 0.038896, 2.585320, 2.397069, D
1.124094, 0.325213, 0.044061, 2.585320, 2.042403, D
1.124094, 0.349803, 0.042146, 2.585320, 1.705990, D
1.124094, 0.297147, 0.032514, 2.585320, 2.585320, D
1.124094, 0.250806, 0.029345, 2.585320, 2.585320, D
1.124094, 0.213836, 0.026433, 2.585320, 2.585320, D
1.124094, 0.194945, 0.024244, 2.585320, 2.477973, D
1.124094, 0.184054, 0.025123, 2.585320, 2.428467, D
1.124094, 0.192468, 0.028588, 2.585320, 2.033468, D
1.124094, 0.220260, 0.033398, 2.585320, 1.692548, D
1.124094, 0.249487, 0.043819, 2.585320, 1.491351, D
1.124094, 0.224972, 0.030063, 2.585320, 2.466517, D
1.124094, 0.205614, 0.024439, 2.585320, 2.468773, D
1.124094, 0.201133, 0.026715, 2.585320, 2.374663, D
1.124094, 0.196574, 0.022278, 2.585320, 2.300934, D
1.124094, 0.200763, 0.024221, 2.585320, 2.017229, D
1.124094, 0.221293, 0.028648, 2.585320, 1.766397, D
1.124094, 0.195271, 0.021396, 2.585320, 2.533613, D
1.124094, 0.173513, 0.018457, 2.585320, 2.456054, D
1.124094, 0.160923, 0.018022, 2.585320, 2.369870, D
1.124094, 0.162012, 0.018038, 2.585320, 2.196974, D
1.124094, 0.166130, 0.018593, 2.585320, 1.995104, D
1.124094, 0.166184, 0.024197, 2.585320, 2.197522, D
1.124094, 0.144976, 0.018214, 2.585320, 2.559466, D
1.124094, 0.124069, 0.014336, 2.585320, 2.585320, D
1.124094, 0.112334, 0.015091, 2.585320, 2.404347, D
1.124094, 0.106676, 0.016259, 2.585320, 2.418482, D
1.124094, 0.108685, 0.017401, 2.585320, 2.179424, D
1.124094, 0.115270, 0.018124, 2.585320, 1.888191, D
1.124094, 0.124215, 0.019106, 2.585320, 1.967627, D
1.124094, 0.136507, 0.020018, 2.585320, 1.800001, D
1.124094, 0.135321, 0.015934, 2.585320, 2.183444, D
