amtProduced_need, avg_price, sd, consumption_rate, consumed, char
1.412168, 3.193283, 0.840902, 2.509260, 1.958282, E
1.412168, 3.140045, 0.547913, 2.509260, 2.036140, E
1.412168, 3.268856, 0.368019, 2.509260, 1.830652, E
1.412168, 4.711872, 0.604660, 2.509260, 0.175959, E
1.412168, 3.783894, 0.483892, 2.509260, 2.509260, E
1.412168, 3.030966, 0.409710, 2.509260, 2.509260, E
1.412168, 2.479070, 0.359246, 2.509260, 2.509260, E
1.412168, 2.032300, 0.314597, 2.509260, 2.509260, E
1.412168, 1.716551, 0.266554, 2.509260, 2.509260, E
1.412168, 1.533537, 0.261041, 2.509260, 2.459075, E
1.412168, 1.387430, 0.266371, 2.509260, 2.459075, E
1.412168, 1.353418, 0.216532, 2.509260, 2.161938, E
1.412168, 1.366945, 0.192446, 2.509260, 2.077566, E
1.412168, 1.505279, 0.234356, 2.509260, 1.731390, E
1.412168, 1.737129, 0.269545, 2.509260, 1.480936, E
1.412168, 2.125198, 0.361789, 2.509260, 1.229537, E
1.412168, 2.775344, 0.480943, 2.509260, 0.745529, E
1.412168, 3.463550, 0.600396, 2.509260, 1.044606, E
1.412168, 2.956312, 0.429244, 2.509260, 2.509260, E
1.412168, 2.525960, 0.343454, 2.509260, 2.499598, E
1.412168, 2.230146, 0.277049, 2.509260, 2.484168, E
1.412168, 2.068471, 0.237812, 2.509260, 2.408890, E
1.412168, 2.133950, 0.270657, 2.509260, 2.004643, E
1.412168, 2.413793, 0.324550, 2.509260, 1.524656, E
1.412168, 2.382940, 0.276819, 2.509260, 2.168656, E
1.412168, 2.495538, 0.324029, 2.509260, 2.041659, E
1.412168, 2.310176, 0.304180, 2.509260, 2.332751, E
1.412168, 2.066720, 0.250695, 2.509260, 2.433983, E
1.412168, 1.969907, 0.199687, 2.509260, 2.247307, E
1.412168, 2.151384, 0.271744, 2.509260, 1.733054, E
1.412168, 2.629596, 0.351151, 2.509260, 1.289628, E
1.412168, 2.173684, 0.268076, 2.509260, 2.509260, E
1.412168, 1.778276, 0.210723, 2.509260, 2.509260, E
1.412168, 1.497660, 0.180948, 2.509260, 2.484168, E
1.412168, 1.344941, 0.173204, 2.509260, 2.459075, E
1.412168, 1.275543, 0.160559, 2.509260, 2.334875, E
1.412168, 1.529170, 0.225232, 2.509260, 1.252880, E
1.412168, 1.876669, 0.279383, 2.509260, 0.967046, E
1.412168, 1.512584, 0.206229, 2.509260, 2.509260, E
1.412168, 1.226040, 0.167534, 2.509260, 2.509260, E
1.412168, 1.001029, 0.152076, 2.509260, 2.509260, E
1.412168, 0.820480, 0.131220, 2.509260, 2.509260, E
1.412168, 0.692538, 0.107482, 2.509260, 2.509260, E
1.412168, 0.607027, 0.093549, 2.509260, 2.432141, E
1.412168, 0.615898, 0.102570, 2.509260, 2.073407, E
1.412168, 0.722155, 0.118438, 2.509260, 1.428636, E
1.412168, 0.920775, 0.148549, 2.509260, 0.912776, E
1.412168, 1.028523, 0.152297, 2.509260, 1.736513, E
1.412168, 0.926068, 0.109228, 2.509260, 2.433983, E
1.412168, 0.818850, 0.083632, 2.509260, 2.446453, E
1.412168, 0.766631, 0.083678, 2.509260, 2.280214, E
1.412168, 0.757390, 0.089662, 2.509260, 2.107779, E
1.412168, 0.797778, 0.113713, 2.509260, 2.007408, E
1.412168, 0.764918, 0.113947, 2.509260, 2.272907, E
1.412168, 0.751410, 0.094439, 2.509260, 2.180503, E
1.412168, 0.702126, 0.101967, 2.509260, 2.234566, E
1.412168, 0.621924, 0.078479, 2.509260, 2.408890, E
1.412168, 0.573876, 0.072047, 2.509260, 2.414283, E
1.412168, 0.559283, 0.064926, 2.509260, 2.233242, E
1.412168, 0.580016, 0.082363, 2.509260, 1.977872, E
1.412168, 0.535286, 0.065311, 2.509260, 2.383797, E
1.412168, 0.464212, 0.049087, 2.509260, 2.509260, E
1.412168, 0.423089, 0.051152, 2.509260, 2.408890, E
1.412168, 0.404088, 0.055941, 2.509260, 2.230948, E
1.412168, 0.397591, 0.053992, 2.509260, 2.231793, E
1.412168, 0.409312, 0.052135, 2.509260, 2.004929, E
1.412168, 0.368429, 0.044498, 2.509260, 2.408890, E
1.412168, 0.325816, 0.034988, 2.509260, 2.509260, E
1.412168, 0.289742, 0.031513, 2.509260, 2.497059, E
1.412168, 0.264689, 0.031125, 2.509260, 2.388077, E
1.412168, 0.261728, 0.032540, 2.509260, 2.228014, E
1.412168, 0.263675, 0.032793, 2.509260, 2.070182, E
1.412168, 0.278763, 0.040505, 2.509260, 1.857770, E
1.412168, 0.271333, 0.029584, 2.509260, 2.223129, E
1.412168, 0.272296, 0.032258, 2.509260, 2.137103, E
1.412168, 0.263988, 0.031070, 2.509260, 2.181545, E
1.412168, 0.230891, 0.023626, 2.509260, 2.484168, E
1.412168, 0.210654, 0.023175, 2.509260, 2.377921, E
1.412168, 0.243547, 0.034490, 2.509260, 1.369212, E
1.412168, 0.223990, 0.021985, 2.509260, 2.408890, E
1.412168, 0.222922, 0.030525, 2.509260, 2.103291, E
1.412168, 0.208543, 0.025950, 2.509260, 2.395929, E
1.412168, 0.207068, 0.026642, 2.509260, 2.056200, E
1.412168, 0.210246, 0.022012, 2.509260, 2.031741, E
1.412168, 0.231012, 0.032066, 2.509260, 1.777129, E
1.412168, 0.194517, 0.024239, 2.509260, 2.509260, E
1.412168, 0.165943, 0.020899, 2.509260, 2.484168, E
1.412168, 0.142399, 0.018704, 2.509260, 2.509260, E
1.412168, 0.128066, 0.017421, 2.509260, 2.433983, E
1.412168, 0.125278, 0.015483, 2.509260, 2.259212, E
1.412168, 0.137024, 0.018145, 2.509260, 1.705769, E
1.412168, 0.161112, 0.022212, 2.509260, 1.430278, E
1.412168, 0.142050, 0.015994, 2.509260, 2.459075, E
1.412168, 0.126980, 0.013517, 2.509260, 2.433983, E
1.412168, 0.115375, 0.013233, 2.509260, 2.418034, E
1.412168, 0.106724, 0.013741, 2.509260, 2.371228, E
1.412168, 0.109308, 0.015301, 2.509260, 2.047380, E
1.412168, 0.120222, 0.016766, 2.509260, 1.626583, E
1.412168, 0.134258, 0.018025, 2.509260, 1.496864, E
1.412168, 0.127376, 0.013649, 2.509260, 2.333612, E
