amtProduced_need, avg_price, sd, consumption_rate, consumed, char
0.724490, 2.985942, 0.808426, 2.632789, 2.318734, G
0.724490, 2.899164, 0.588501, 2.632789, 2.422166, G
0.724490, 3.129586, 0.500678, 2.632789, 1.998150, G
0.724490, 3.447751, 0.543499, 2.632789, 1.819128, G
0.724490, 4.228199, 0.726645, 2.632789, 1.229935, G
0.724490, 4.620586, 0.652726, 2.632789, 1.761564, G
0.724490, 4.098475, 0.505574, 2.632789, 2.580133, G
0.724490, 3.657484, 0.428428, 2.632789, 2.459552, G
0.724490, 3.498625, 0.429344, 2.632789, 2.303484, G
0.724490, 3.971302, 0.527084, 2.632789, 1.584931, G
0.724490, 5.403047, 0.795544, 2.632789, 0.469442, G
0.724490, 4.780192, 0.596056, 2.632789, 2.632789, G
0.724490, 4.084576, 0.453897, 2.632789, 2.612154, G
0.724490, 3.623950, 0.374549, 2.632789, 2.580133, G
0.724490, 3.541146, 0.394218, 2.632789, 2.323691, G
0.724490, 3.643066, 0.459285, 2.632789, 2.109485, G
0.724490, 3.013895, 0.378129, 2.632789, 2.632789, G
0.724490, 2.574616, 0.328583, 2.632789, 2.606461, G
0.724490, 2.215709, 0.308427, 2.632789, 2.632789, G
0.724490, 2.033368, 0.262718, 2.632789, 2.500545, G
0.724490, 2.094838, 0.318067, 2.632789, 2.132559, G
0.724490, 2.134715, 0.228866, 2.632789, 2.212506, G
0.724490, 2.619496, 0.344373, 2.632789, 1.152597, G
0.724490, 2.310951, 0.243855, 2.632789, 2.577316, G
0.724490, 2.072180, 0.219285, 2.632789, 2.544713, G
0.724490, 1.970335, 0.254978, 2.632789, 2.354417, G
0.724490, 1.999046, 0.302831, 2.632789, 2.144022, G
0.724490, 2.182034, 0.298510, 2.632789, 1.975897, G
0.724490, 2.128512, 0.273450, 2.632789, 2.198517, G
0.724490, 2.107659, 0.267915, 2.632789, 2.264149, G
0.724490, 2.046751, 0.247869, 2.632789, 2.322231, G
0.724490, 2.093607, 0.275425, 2.632789, 2.121047, G
0.724490, 2.233169, 0.318994, 2.632789, 1.905426, G
0.724490, 2.149374, 0.326999, 2.632789, 2.290526, G
0.724490, 1.854511, 0.240540, 2.632789, 2.632789, G
0.724490, 1.577948, 0.200100, 2.632789, 2.631947, G
0.724490, 1.325060, 0.157895, 2.632789, 2.632789, G
0.724490, 1.174886, 0.148961, 2.632789, 2.606461, G
0.724490, 1.101311, 0.140566, 2.632789, 2.452770, G
0.724490, 1.170757, 0.160757, 2.632789, 1.874691, G
0.724490, 1.383326, 0.215692, 2.632789, 1.389162, G
0.724490, 1.596447, 0.240266, 2.632789, 1.560565, G
0.724490, 1.520461, 0.181809, 2.632789, 2.391995, G
0.724490, 1.428561, 0.168969, 2.632789, 2.430445, G
0.724490, 1.379002, 0.181202, 2.632789, 2.302538, G
0.724490, 1.185409, 0.142501, 2.632789, 2.632789, G
0.724490, 1.015799, 0.124029, 2.632789, 2.606461, G
0.724490, 0.833961, 0.111200, 2.632789, 2.632789, G
0.724490, 0.712108, 0.103090, 2.632789, 2.580133, G
0.724490, 0.624893, 0.089490, 2.632789, 2.563623, G
0.724490, 0.559172, 0.079764, 2.632789, 2.527477, G
0.724490, 0.523276, 0.074244, 2.632789, 2.421210, G
0.724490, 0.562141, 0.086739, 2.632789, 1.890043, G
0.724490, 0.653238, 0.100705, 2.632789, 1.492351, G
0.724490, 0.779538, 0.102257, 2.632789, 1.331948, G
0.724490, 0.799225, 0.097448, 2.632789, 2.085141, G
0.724490, 0.670410, 0.080692, 2.632789, 2.614613, G
0.724490, 0.560310, 0.067401, 2.632789, 2.632789, G
0.724490, 0.491710, 0.060558, 2.632789, 2.589810, G
0.724490, 0.453120, 0.049022, 2.632789, 2.545928, G
0.724490, 0.457093, 0.054216, 2.632789, 2.218258, G
0.724490, 0.470518, 0.063574, 2.632789, 2.158887, G
0.724490, 0.453458, 0.066511, 2.632789, 2.396298, G
0.724490, 0.428514, 0.054567, 2.632789, 2.384549, G
0.724490, 0.422847, 0.055257, 2.632789, 2.255122, G
0.724490, 0.412226, 0.047030, 2.632789, 2.238025, G
0.724490, 0.382531, 0.040012, 2.632789, 2.463651, G
0.724490, 0.333169, 0.037794, 2.632789, 2.632789, G
0.724490, 0.292429, 0.035031, 2.632789, 2.606636, G
0.724490, 0.266721, 0.032996, 2.632789, 2.612144, G
0.724490, 0.287436, 0.043500, 2.632789, 1.885681, G
0.724490, 0.310461, 0.043130, 2.632789, 1.873496, G
0.724490, 0.283869, 0.036704, 2.632789, 2.501149, G
0.724490, 0.269048, 0.031260, 2.632789, 2.395838, G
0.724490, 0.252179, 0.029561, 2.632789, 2.474821, G
0.724490, 0.233525, 0.027170, 2.632789, 2.513001, G
0.724490, 0.233093, 0.028873, 2.632789, 2.160862, G
0.724490, 0.231147, 0.029973, 2.632789, 2.226309, G
0.724490, 0.219794, 0.024324, 2.632789, 2.393790, G
0.724490, 0.221238, 0.027575, 2.632789, 2.107466, G
0.724490, 0.228192, 0.028567, 2.632789, 1.929830, G
0.724490, 0.225800, 0.026204, 2.632789, 2.296375, G
0.724490, 0.231689, 0.029731, 2.632789, 1.973451, G
0.724490, 0.208327, 0.023441, 2.632789, 2.572722, G
0.724490, 0.180159, 0.018512, 2.632789, 2.632789, G
0.724490, 0.163140, 0.017072, 2.632789, 2.553805, G
0.724490, 0.154785, 0.016359, 2.632789, 2.448494, G
0.724490, 0.149864, 0.018325, 2.632789, 2.468206, G
0.724490, 0.169191, 0.022072, 2.632789, 1.747633, G
0.724490, 0.181375, 0.023354, 2.632789, 1.954525, G
0.724490, 0.153924, 0.018751, 2.632789, 2.580133, G
0.724490, 0.127076, 0.014004, 2.632789, 2.632789, G
0.724490, 0.107066, 0.012981, 2.632789, 2.632789, G
0.724490, 0.096550, 0.014231, 2.632789, 2.605349, G
0.724490, 0.097353, 0.013552, 2.632789, 2.126228, G
0.724490, 0.122076, 0.020029, 2.632789, 1.068741, G
0.724490, 0.157299, 0.026640, 2.632789, 0.938776, G
0.724490, 0.131320, 0.019481, 2.632789, 2.606461, G
0.724490, 0.110884, 0.016236, 2.632789, 2.632789, G
0.724490, 0.097619, 0.013451, 2.632789, 2.606461, G
