amtProduced_need, avg_price, sd, consumption_rate, consumed, char
0.688203, 2.993366, 0.659425, 4.042147, 2.895881, I
0.688203, 3.674581, 0.709771, 4.042147, 1.567481, I
0.688203, 4.612265, 0.733609, 4.042147, 1.379347, I
0.688203, 3.726227, 0.550999, 4.042147, 4.042147, I
0.688203, 3.060389, 0.421970, 4.042147, 4.042147, I
0.688203, 2.587148, 0.331073, 4.042147, 4.042147, I
0.688203, 2.368590, 0.319054, 4.042147, 3.874132, I
0.688203, 2.727466, 0.455242, 4.042147, 2.124347, I
0.688203, 3.966557, 0.602136, 4.042147, 0.169606, I
0.688203, 5.814491, 0.891631, 4.042147, 0.081556, I
0.688203, 5.020741, 0.637835, 4.042147, 4.001725, I
0.688203, 4.491545, 0.503631, 4.042147, 3.817071, I
0.688203, 4.352263, 0.516172, 4.042147, 3.552213, I
0.688203, 4.130883, 0.470737, 4.042147, 3.718775, I
0.688203, 4.161856, 0.645376, 4.042147, 3.426156, I
0.688203, 3.497818, 0.526408, 4.042147, 4.042147, I
0.688203, 2.903086, 0.415357, 4.042147, 4.034869, I
0.688203, 2.632251, 0.334424, 4.042147, 3.839443, I
0.688203, 2.671947, 0.385810, 4.042147, 3.241789, I
0.688203, 2.917257, 0.414023, 4.042147, 2.703682, I
0.688203, 2.555513, 0.313723, 4.042147, 3.989925, I
0.688203, 2.318370, 0.288700, 4.042147, 3.768472, I
0.688203, 2.215877, 0.249394, 4.042147, 3.753255, I
0.688203, 2.462151, 0.316605, 4.042147, 2.514815, I
0.688203, 2.615467, 0.287523, 4.042147, 2.794158, I
0.688203, 2.363315, 0.217096, 4.042147, 3.920882, I
0.688203, 2.444563, 0.247247, 4.042147, 3.059577, I
0.688203, 2.310471, 0.227828, 4.042147, 3.581633, I
0.688203, 2.229944, 0.247921, 4.042147, 3.342779, I
0.688203, 2.044189, 0.213574, 4.042147, 3.662734, I
0.688203, 2.242780, 0.267252, 4.042147, 2.655100, I
0.688203, 2.345323, 0.270412, 4.042147, 3.010491, I
0.688203, 2.156554, 0.229016, 4.042147, 3.779126, I
0.688203, 2.131102, 0.245557, 4.042147, 3.406560, I
0.688203, 1.833349, 0.173294, 4.042147, 4.042147, I
0.688203, 1.659604, 0.187682, 4.042147, 3.942182, I
0.688203, 1.554069, 0.167699, 4.042147, 3.645815, I
0.688203, 1.602324, 0.196086, 4.042147, 3.274849, I
0.688203, 1.567458, 0.172960, 4.042147, 3.556777, I
0.688203, 1.629396, 0.184116, 4.042147, 3.216729, I
0.688203, 1.612816, 0.153999, 4.042147, 3.325081, I
0.688203, 1.516477, 0.164329, 4.042147, 3.759196, I
0.688203, 1.478200, 0.191881, 4.042147, 3.492994, I
0.688203, 1.625772, 0.217980, 4.042147, 2.794827, I
0.688203, 1.364752, 0.162987, 4.042147, 4.042147, I
0.688203, 1.125243, 0.150362, 4.042147, 4.042147, I
0.688203, 0.932161, 0.126073, 4.042147, 4.001725, I
0.688203, 0.851931, 0.116958, 4.042147, 3.848608, I
0.688203, 0.878809, 0.119034, 4.042147, 3.394350, I
0.688203, 1.066202, 0.147559, 4.042147, 1.806645, I
0.688203, 0.881623, 0.102550, 4.042147, 4.042147, I
0.688203, 0.742490, 0.084344, 4.042147, 4.042147, I
0.688203, 0.656887, 0.075530, 4.042147, 3.953610, I
0.688203, 0.692321, 0.098296, 4.042147, 2.923324, I
0.688203, 0.831815, 0.126909, 4.042147, 1.920636, I
0.688203, 0.756631, 0.104070, 4.042147, 3.844867, I
0.688203, 0.642692, 0.074605, 4.042147, 4.042147, I
0.688203, 0.540461, 0.062282, 4.042147, 4.042147, I
0.688203, 0.503020, 0.068768, 4.042147, 3.723601, I
0.688203, 0.552389, 0.066993, 4.042147, 2.608445, I
0.688203, 0.565484, 0.064187, 4.042147, 3.171213, I
0.688203, 0.492639, 0.053443, 4.042147, 4.042147, I
0.688203, 0.444019, 0.050529, 4.042147, 3.880461, I
0.688203, 0.440373, 0.057660, 4.042147, 3.445374, I
0.688203, 0.423194, 0.047210, 4.042147, 3.601971, I
0.688203, 0.420644, 0.047761, 4.042147, 3.346147, I
0.688203, 0.359972, 0.031838, 4.042147, 3.958318, I
0.688203, 0.333708, 0.038223, 4.042147, 3.805231, I
0.688203, 0.332350, 0.039548, 4.042147, 3.314862, I
0.688203, 0.343641, 0.047059, 4.042147, 2.996487, I
0.688203, 0.308803, 0.034465, 4.042147, 3.961304, I
0.688203, 0.305872, 0.038669, 4.042147, 3.666748, I
0.688203, 0.270587, 0.031866, 4.042147, 3.961304, I
0.688203, 0.254994, 0.027896, 4.042147, 3.674846, I
0.688203, 0.261861, 0.029301, 4.042147, 3.249846, I
0.688203, 0.267022, 0.028557, 4.042147, 3.172038, I
0.688203, 0.258112, 0.019906, 4.042147, 3.379142, I
0.688203, 0.243109, 0.024001, 4.042147, 3.670082, I
0.688203, 0.231641, 0.022089, 4.042147, 3.639077, I
0.688203, 0.267776, 0.035128, 4.042147, 2.125615, I
0.688203, 0.246178, 0.026687, 4.042147, 3.775244, I
0.688203, 0.210694, 0.022641, 4.042147, 4.001725, I
0.688203, 0.181999, 0.021761, 4.042147, 4.042147, I
0.688203, 0.169503, 0.020443, 4.042147, 3.890294, I
0.688203, 0.186892, 0.025060, 4.042147, 2.503928, I
0.688203, 0.230797, 0.031893, 4.042147, 1.714158, I
0.688203, 0.195539, 0.024687, 4.042147, 4.042147, I
0.688203, 0.162222, 0.019679, 4.042147, 4.042147, I
0.688203, 0.145223, 0.018946, 4.042147, 3.907866, I
0.688203, 0.138203, 0.017371, 4.042147, 3.778754, I
0.688203, 0.164619, 0.022719, 4.042147, 2.063209, I
0.688203, 0.152089, 0.015412, 4.042147, 3.765268, I
0.688203, 0.147596, 0.015944, 4.042147, 3.458072, I
0.688203, 0.156715, 0.018813, 4.042147, 2.820175, I
0.688203, 0.151609, 0.017728, 4.042147, 3.477783, I
0.688203, 0.135020, 0.017205, 4.042147, 3.863033, I
0.688203, 0.114223, 0.013756, 4.042147, 4.001725, I
0.688203, 0.099020, 0.011937, 4.042147, 4.014713, I
0.688203, 0.093699, 0.012344, 4.042147, 3.697610, I
0.688203, 0.095891, 0.012448, 4.042147, 3.107139, I
