amtProduced_need, avg_price, sd, consumption_rate, consumed, char
0.726488, 3.632075, 0.966497, 2.240037, 1.185973, J
0.726488, 3.732717, 0.749890, 2.240037, 1.837370, J
0.726488, 3.486561, 0.570204, 2.240037, 2.111397, J
0.726488, 3.185637, 0.455610, 2.240037, 2.163882, J
0.726488, 3.113768, 0.480039, 2.240037, 1.948833, J
0.726488, 3.358392, 0.429738, 2.240037, 1.463270, J
0.726488, 4.184521, 0.603584, 2.240037, 0.908780, J
0.726488, 4.143158, 0.550969, 2.240037, 1.928493, J
0.726488, 4.646147, 0.636526, 2.240037, 1.437114, J
0.726488, 4.479211, 0.480196, 2.240037, 2.045961, J
0.726488, 4.400637, 0.525952, 2.240037, 1.960229, J
0.726488, 5.037968, 0.636134, 2.240037, 1.288738, J
0.726488, 4.661127, 0.462347, 2.240037, 2.038434, J
0.726488, 4.013893, 0.413695, 2.240037, 2.217637, J
0.726488, 3.408220, 0.389126, 2.240037, 2.240037, J
0.726488, 2.995705, 0.368010, 2.240037, 2.217637, J
0.726488, 2.736474, 0.388262, 2.240037, 2.128036, J
0.726488, 2.481436, 0.321539, 2.240037, 2.195237, J
0.726488, 2.488947, 0.297019, 2.240037, 1.923518, J
0.726488, 2.580641, 0.333217, 2.240037, 1.779248, J
0.726488, 2.576585, 0.302101, 2.240037, 1.971233, J
0.726488, 2.672746, 0.305175, 2.240037, 1.606657, J
0.726488, 2.359015, 0.231221, 2.240037, 2.234597, J
0.726488, 2.089095, 0.215769, 2.240037, 2.170293, J
0.726488, 1.864630, 0.197687, 2.240037, 2.217637, J
0.726488, 1.737825, 0.227294, 2.240037, 2.120139, J
0.726488, 1.667143, 0.242446, 2.240037, 2.083235, J
0.726488, 1.709931, 0.241782, 2.240037, 1.770715, J
0.726488, 1.968663, 0.316605, 2.240037, 1.325238, J
0.726488, 2.776938, 0.491311, 2.240037, 0.265772, J
0.726488, 2.270662, 0.356360, 2.240037, 2.240037, J
0.726488, 1.797439, 0.220629, 2.240037, 2.240037, J
0.726488, 1.460188, 0.187948, 2.240037, 2.240037, J
0.726488, 1.207121, 0.171085, 2.240037, 2.240037, J
0.726488, 1.018652, 0.153489, 2.240037, 2.240037, J
0.726488, 0.882855, 0.134976, 2.240037, 2.231624, J
0.726488, 0.824274, 0.110592, 2.240037, 2.104637, J
0.726488, 0.848875, 0.129996, 2.240037, 1.812299, J
0.726488, 0.951679, 0.154143, 2.240037, 1.404309, J
0.726488, 1.250295, 0.200922, 2.240037, 0.673856, J
0.726488, 1.748068, 0.274902, 2.240037, 0.274672, J
0.726488, 1.522604, 0.211572, 2.240037, 2.217637, J
0.726488, 1.327500, 0.169999, 2.240037, 2.216030, J
0.726488, 1.182842, 0.160387, 2.240037, 2.195237, J
0.726488, 1.126751, 0.155471, 2.240037, 2.144060, J
0.726488, 1.242293, 0.165141, 2.240037, 1.528210, J
0.726488, 1.042901, 0.119755, 2.240037, 2.240037, J
0.726488, 0.860606, 0.100331, 2.240037, 2.240037, J
0.726488, 0.720903, 0.099781, 2.240037, 2.217637, J
0.726488, 0.602955, 0.083287, 2.240037, 2.240037, J
0.726488, 0.510842, 0.068967, 2.240037, 2.240037, J
0.726488, 0.443693, 0.062181, 2.240037, 2.233047, J
0.726488, 0.394088, 0.055782, 2.240037, 2.195237, J
0.726488, 0.369361, 0.052568, 2.240037, 2.104950, J
0.726488, 0.351734, 0.045094, 2.240037, 2.128036, J
0.726488, 0.361218, 0.041831, 2.240037, 1.811491, J
0.726488, 0.422367, 0.060588, 2.240037, 1.344022, J
0.726488, 0.513471, 0.083042, 2.240037, 0.985616, J
0.726488, 0.660467, 0.119037, 2.240037, 0.785108, J
0.726488, 0.572738, 0.079954, 2.240037, 2.231107, J
0.726488, 0.479754, 0.056605, 2.240037, 2.240037, J
0.726488, 0.413270, 0.051705, 2.240037, 2.225081, J
0.726488, 0.362482, 0.045112, 2.240037, 2.195237, J
0.726488, 0.339872, 0.041468, 2.240037, 2.092246, J
0.726488, 0.331181, 0.041960, 2.240037, 2.011307, J
0.726488, 0.356541, 0.050273, 2.240037, 1.756940, J
0.726488, 0.387067, 0.052025, 2.240037, 1.615216, J
0.726488, 0.332602, 0.035900, 2.240037, 2.240037, J
0.726488, 0.297009, 0.033285, 2.240037, 2.175246, J
0.726488, 0.273449, 0.033492, 2.240037, 2.150436, J
0.726488, 0.262513, 0.035555, 2.240037, 1.984053, J
0.726488, 0.267336, 0.040153, 2.240037, 1.859231, J
0.726488, 0.256045, 0.035301, 2.240037, 2.083235, J
0.726488, 0.261139, 0.035861, 2.240037, 1.826186, J
0.726488, 0.254954, 0.027630, 2.240037, 2.075862, J
0.726488, 0.252369, 0.034845, 2.240037, 1.938805, J
0.726488, 0.257710, 0.038479, 2.240037, 1.881631, J
0.726488, 0.245178, 0.030228, 2.240037, 1.950488, J
0.726488, 0.226260, 0.027289, 2.240037, 2.127358, J
0.726488, 0.205492, 0.020940, 2.240037, 2.150436, J
0.726488, 0.205653, 0.022661, 2.240037, 1.842749, J
0.726488, 0.223904, 0.032477, 2.240037, 1.545626, J
0.726488, 0.226889, 0.027719, 2.240037, 1.797538, J
0.726488, 0.202623, 0.021815, 2.240037, 2.217637, J
0.726488, 0.187535, 0.025200, 2.240037, 2.147186, J
0.726488, 0.186664, 0.025859, 2.240037, 1.962308, J
0.726488, 0.200625, 0.029393, 2.240037, 1.601537, J
0.726488, 0.173264, 0.020795, 2.240037, 2.240037, J
0.726488, 0.155970, 0.017516, 2.240037, 2.240037, J
0.726488, 0.141981, 0.018341, 2.240037, 2.128036, J
0.726488, 0.143835, 0.019714, 2.240037, 1.881631, J
0.726488, 0.141411, 0.019080, 2.240037, 1.978799, J
0.726488, 0.138609, 0.016113, 2.240037, 1.999069, J
0.726488, 0.133842, 0.014185, 2.240037, 1.960473, J
0.726488, 0.127248, 0.013779, 2.240037, 2.050732, J
0.726488, 0.130401, 0.015488, 2.240037, 1.791201, J
0.726488, 0.130439, 0.014016, 2.240037, 1.818847, J
0.726488, 0.131909, 0.016537, 2.240037, 1.859019, J
0.726488, 0.132296, 0.016021, 2.240037, 1.911699, J
0.726488, 0.126144, 0.015190, 2.240037, 2.060834, J
