0.883466, 3.113648, 0.870783, 2.978407, 1.733612, A
1.690001, 2.783928, 0.871211, 1.912332, 1.721099, B
0.793129, 3.083008, 0.732664, 2.021896, 1.708236, C
1.124094, 2.956177, 0.775510, 2.585320, 2.291751, D
1.412168, 3.193283, 0.840902, 2.509260, 1.958282, E
0.453340, 3.586988, 0.963704, 4.986297, 2.019341, F
0.724490, 2.985942, 0.808426, 2.632789, 2.318734, G
0.736620, 3.687380, 0.964320, 4.087576, 1.361374, H
0.688203, 2.993366, 0.659425, 4.042147, 2.895881, I
0.726488, 3.632075, 0.966497, 2.240037, 1.185973, J
1919.428378
0.883466, 3.067540, 0.631885, 2.978407, 2.436142, A
1.690001, 2.719094, 0.627859, 1.912332, 1.723077, B
0.793129, 2.937278, 0.561786, 2.021896, 1.876709, C
1.124094, 2.943798, 0.493606, 2.585320, 2.072545, D
1.412168, 3.140045, 0.547913, 2.509260, 2.036140, E
0.453340, 4.027846, 0.737931, 4.986297, 2.530894, F
0.724490, 2.899164, 0.588501, 2.632789, 2.422166, G
0.736620, 3.841027, 0.625362, 4.087576, 2.898597, H
0.688203, 3.674581, 0.709771, 4.042147, 1.567481, I
0.726488, 3.732717, 0.749890, 2.240037, 1.837370, J
4059.540323
0.883466, 3.191716, 0.512728, 2.978407, 2.268298, A
1.690001, 2.770403, 0.536559, 1.912332, 1.551558, B
0.793129, 2.966045, 0.425665, 2.021896, 1.665320, C
1.124094, 3.198065, 0.483908, 2.585320, 1.760190, D
1.412168, 3.268856, 0.368019, 2.509260, 1.830652, E
0.453340, 3.520044, 0.498860, 4.986297, 4.801401, F
0.724490, 3.129586, 0.500678, 2.632789, 1.998150, G
0.736620, 3.792624, 0.458774, 4.087576, 3.388019, H
0.688203, 4.612265, 0.733609, 4.042147, 1.379347, I
0.726488, 3.486561, 0.570204, 2.240037, 2.111397, J
6334.973638
0.883466, 3.453798, 0.486662, 2.978407, 2.116776, A
1.690001, 2.899957, 0.474300, 1.912332, 1.510743, B
0.793129, 3.114618, 0.562094, 2.021896, 1.637783, C
1.124094, 3.667985, 0.593344, 2.585320, 1.493299, D
1.412168, 4.711872, 0.604660, 2.509260, 0.175959, E
0.453340, 3.399967, 0.375226, 4.986297, 4.267797, F
0.724490, 3.447751, 0.543499, 2.632789, 1.819128, G
0.736620, 3.920096, 0.478169, 4.087576, 3.347715, H
0.688203, 3.726227, 0.550999, 4.042147, 4.042147, I
0.726488, 3.185637, 0.455610, 2.240037, 2.163882, J
8592.496491
0.883466, 4.319712, 0.662738, 2.978407, 1.150641, A
1.690001, 3.020417, 0.588611, 1.912332, 1.472496, B
0.793129, 3.731018, 0.776236, 2.021896, 1.112043, C
1.124094, 4.108249, 0.606472, 2.585320, 1.602898, D
1.412168, 3.783894, 0.483892, 2.509260, 2.509260, E
0.453340, 4.275824, 0.612035, 4.986297, 1.949584, F
0.724490, 4.228199, 0.726645, 2.632789, 1.229935, G
0.736620, 4.459366, 0.564138, 4.087576, 2.392226, H
0.688203, 3.060389, 0.421970, 4.042147, 4.042147, I
0.726488, 3.113768, 0.480039, 2.240037, 1.948833, J
10533.502785
0.883466, 4.223425, 0.507071, 2.978407, 2.533064, A
1.690001, 3.390996, 0.553614, 1.912332, 1.256686, B
0.793129, 4.725163, 0.902623, 2.021896, 0.649793, C
1.124094, 4.393878, 0.556425, 2.585320, 1.726080, D
1.412168, 3.030966, 0.409710, 2.509260, 2.509260, E
0.453340, 4.034906, 0.453472, 4.986297, 4.477611, F
0.724490, 4.620586, 0.652726, 2.632789, 1.761564, G
0.736620, 3.983317, 0.443789, 4.087576, 3.906294, H
0.688203, 2.587148, 0.331073, 4.042147, 4.042147, I
0.726488, 3.358392, 0.429738, 2.240037, 1.463270, J
12966.079592
0.883466, 4.134596, 0.416989, 2.978407, 2.534519, A
1.690001, 4.154664, 0.794944, 1.912332, 0.877869, B
0.793129, 4.589023, 0.740591, 2.021896, 1.798870, C
1.124094, 4.110132, 0.490963, 2.585320, 2.389369, D
1.412168, 2.479070, 0.359246, 2.509260, 2.509260, E
0.453340, 4.069999, 0.446505, 4.986297, 3.942876, F
0.724490, 4.098475, 0.505574, 2.632789, 2.580133, G
0.736620, 3.978311, 0.444228, 4.087576, 3.344480, H
0.688203, 2.368590, 0.319054, 4.042147, 3.874132, I
0.726488, 4.184521, 0.603584, 2.240037, 0.908780, J
15442.108465
0.883466, 5.044780, 0.613851, 2.978407, 1.308125, A
1.690001, 3.988466, 0.538554, 1.912332, 1.759346, B
0.793129, 3.808515, 0.476607, 2.021896, 2.021896, C
1.124094, 3.807244, 0.398539, 2.585320, 2.403887, D
1.412168, 2.032300, 0.314597, 2.509260, 2.509260, E
0.453340, 4.495582, 0.516197, 4.986297, 3.079639, F
0.724490, 3.657484, 0.428428, 2.632789, 2.459552, G
0.736620, 4.398809, 0.537143, 4.087576, 2.297897, H
0.688203, 2.727466, 0.455242, 4.042147, 2.124347, I
0.726488, 4.143158, 0.550969, 2.240037, 1.928493, J
17631.352535
0.883466, 4.117949, 0.481337, 2.978407, 2.978407, A
1.690001, 3.801899, 0.394901, 1.912332, 1.721099, B
0.793129, 3.186961, 0.376497, 2.021896, 2.021896, C
1.124094, 4.286708, 0.530803, 2.585320, 1.521910, D
1.412168, 1.716551, 0.266554, 2.509260, 2.509260, E
0.453340, 4.962815, 0.569867, 4.986297, 2.945173, F
0.724490, 3.498625, 0.429344, 2.632789, 2.303484, G
0.736620, 5.227440, 0.728959, 4.087576, 1.880556, H
0.688203, 3.966557, 0.602136, 4.042147, 0.169606, I
0.726488, 4.646147, 0.636526, 2.240037, 1.437114, J
19580.202960
0.883466, 3.307273, 0.434418, 2.978407, 2.978407, A
1.690001, 4.273352, 0.481164, 1.912332, 1.154036, B
0.793129, 2.719680, 0.339670, 2.021896, 1.986871, C
1.124094, 5.102767, 0.686750, 2.585320, 1.248569, D
1.412168, 1.533537, 0.261041, 2.509260, 2.459075, E
0.453340, 4.780867, 0.476111, 4.986297, 4.635942, F
0.724490, 3.971302, 0.527084, 2.632789, 1.584931, G
0.736620, 4.448299, 0.546153, 4.087576, 4.087576, H
0.688203, 5.814491, 0.891631, 4.042147, 0.081556, I
0.726488, 4.479211, 0.480196, 2.240037, 2.045961, J
21806.495233
0.883466, 2.719245, 0.402011, 2.978407, 2.978407, A
1.690001, 5.061519, 0.601795, 1.912332, 0.998574, B
0.793129, 2.351608, 0.297205, 2.021896, 2.021896, C
1.124094, 4.636514, 0.504310, 2.585320, 2.481907, D
1.412168, 1.387430, 0.266371, 2.509260, 2.459075, E
0.453340, 4.735727, 0.578569, 4.986297, 4.264384, F
0.724490, 5.403047, 0.795544, 2.632789, 0.469442, G
0.736620, 3.829233, 0.462407, 4.087576, 4.046700, H
0.688203, 5.020741, 0.637835, 4.042147, 4.001725, I
0.726488, 4.400637, 0.525952, 2.240037, 1.960229, J
24374.729116
0.883466, 2.309204, 0.359811, 2.978407, 2.977698, A
1.690001, 4.366064, 0.463053, 1.912332, 1.893209, B
0.793129, 2.164306, 0.272129, 2.021896, 1.936556, C
1.124094, 4.288904, 0.495843, 2.585320, 2.470780, D
1.412168, 1.353418, 0.216532, 2.509260, 2.161938, E
0.453340, 5.293005, 0.711494, 4.986297, 3.061941, F
0.724490, 4.780192, 0.596056, 2.632789, 2.632789, G
0.736620, 3.608962, 0.458495, 4.087576, 3.795717, H
0.688203, 4.491545, 0.503631, 4.042147, 3.817071, I
0.726488, 5.037968, 0.636134, 2.240037, 1.288738, J
26978.372883
0.883466, 2.048242, 0.292783, 2.978407, 2.876771, A
1.690001, 3.835389, 0.436670, 1.912332, 1.874086, B
0.793129, 2.133946, 0.274948, 2.021896, 1.759049, C
1.124094, 4.091663, 0.512060, 2.585320, 2.352641, D
1.412168, 1.366945, 0.192446, 2.509260, 2.077566, E
0.453340, 4.571410, 0.549060, 4.986297, 4.911853, F
0.724490, 4.084576, 0.453897, 2.632789, 2.612154, G
0.736620, 4.154100, 0.545411, 4.087576, 2.108379, H
0.688203, 4.352263, 0.516172, 4.042147, 3.552213, I
0.726488, 4.661127, 0.462347, 2.240037, 2.038434, J
29594.687459
0.883466, 2.090054, 0.314634, 2.978407, 2.432292, A
1.690001, 3.424586, 0.401590, 1.912332, 1.854962, B
0.793129, 2.208045, 0.292314, 2.021896, 1.657954, C
1.124094, 3.968613, 0.544608, 2.585320, 2.275081, D
1.412168, 1.505279, 0.234356, 2.509260, 1.731390, E
0.453340, 4.112679, 0.510574, 4.986297, 4.792399, F
0.724490, 3.623950, 0.374549, 2.632789, 2.580133, G
0.736620, 4.735473, 0.539781, 4.087576, 2.283813, H
0.688203, 4.130883, 0.470737, 4.042147, 3.718775, I
0.726488, 4.013893, 0.413695, 2.240037, 2.217637, J
32149.131063
0.883466, 2.541654, 0.373996, 2.978407, 1.462205, A
1.690001, 3.126364, 0.390773, 1.912332, 1.835839, B
0.793129, 2.363399, 0.312024, 2.021896, 1.436779, C
1.124094, 3.695981, 0.477508, 2.585320, 2.481907, D
1.412168, 1.737129, 0.269545, 2.509260, 1.480936, E
0.453340, 3.534407, 0.443832, 4.986297, 4.937705, F
0.724490, 3.541146, 0.394218, 2.632789, 2.323691, G
0.736620, 3.910146, 0.438339, 4.087576, 4.087576, H
0.688203, 4.161856, 0.645376, 4.042147, 3.426156, I
0.726488, 3.408220, 0.389126, 2.240037, 2.240037, J
34720.414181
0.883466, 3.256935, 0.472716, 2.978407, 0.875805, A
1.690001, 3.169371, 0.458222, 1.912332, 1.606359, B
0.793129, 2.743095, 0.375115, 2.021896, 1.122472, C
1.124094, 3.294207, 0.387188, 2.585320, 2.548340, D
1.412168, 2.125198, 0.361789, 2.509260, 1.229537, E
0.453340, 3.106065, 0.375544, 4.986297, 4.936434, F
0.724490, 3.643066, 0.459285, 2.632789, 2.109485, G
0.736620, 3.165078, 0.379198, 4.087576, 4.087576, H
0.688203, 3.497818, 0.526408, 4.042147, 4.042147, I
0.726488, 2.995705, 0.368010, 2.240037, 2.217637, J
37197.993322
0.883466, 3.865205, 0.459999, 2.978407, 1.491844, A
1.690001, 3.073432, 0.415849, 1.912332, 1.757858, B
0.793129, 3.596665, 0.559263, 2.021896, 0.701104, C
1.124094, 2.916748, 0.334980, 2.585320, 2.546183, D
1.412168, 2.775344, 0.480943, 2.509260, 0.745529, E
0.453340, 2.988378, 0.344451, 4.986297, 4.556339, F
0.724490, 3.013895, 0.378129, 2.632789, 2.632789, G
0.736620, 2.644812, 0.331570, 4.087576, 4.087576, H
0.688203, 2.903086, 0.415357, 4.042147, 4.034869, I
0.726488, 2.736474, 0.388262, 2.240037, 2.128036, J
39666.205895
0.883466, 3.315703, 0.385233, 2.978407, 2.948622, A
1.690001, 2.999104, 0.369885, 1.912332, 1.740223, B
0.793129, 3.352449, 0.491601, 2.021896, 1.892723, C
1.124094, 2.789324, 0.302021, 2.585320, 2.430200, D
1.412168, 3.463550, 0.600396, 2.509260, 1.044606, E
0.453340, 3.200159, 0.433623, 4.986297, 3.590299, F
0.724490, 2.574616, 0.328583, 2.632789, 2.606461, G
0.736620, 2.374057, 0.318423, 4.087576, 3.935798, H
0.688203, 2.632251, 0.334424, 4.042147, 3.839443, I
0.726488, 2.481436, 0.321539, 2.240037, 2.195237, J
42288.567198
0.883466, 2.810530, 0.351255, 2.978407, 2.978407, A
1.690001, 3.094694, 0.395493, 1.912332, 1.521235, B
0.793129, 2.865836, 0.351646, 2.021896, 2.021896, C
1.124094, 3.057490, 0.386256, 2.585320, 1.801286, D
1.412168, 2.956312, 0.429244, 2.509260, 2.509260, E
0.453340, 3.118947, 0.325494, 4.986297, 4.251566, F
0.724490, 2.215709, 0.308427, 2.632789, 2.632789, G
0.736620, 2.265516, 0.302509, 4.087576, 3.716103, H
0.688203, 2.671947, 0.385810, 4.042147, 3.241789, I
0.726488, 2.488947, 0.297019, 2.240037, 1.923518, J
44948.352072
0.883466, 2.348695, 0.312618, 2.978407, 2.978407, A
1.690001, 2.676509, 0.347203, 1.912332, 1.910952, B
0.793129, 2.473636, 0.314069, 2.021896, 1.992576, C
1.124094, 2.777601, 0.249873, 2.585320, 2.501041, D
1.412168, 2.525960, 0.343454, 2.509260, 2.499598, E
0.453340, 2.788151, 0.240696, 4.986297, 4.886571, F
0.724490, 2.033368, 0.262718, 2.632789, 2.500545, G
0.736620, 2.479315, 0.359624, 4.087576, 2.660547, H
0.688203, 2.917257, 0.414023, 4.042147, 2.703682, I
0.726488, 2.580641, 0.333217, 2.240037, 1.779248, J
47589.668841
0.883466, 2.084294, 0.306357, 2.978407, 2.882223, A
1.690001, 2.385045, 0.266422, 1.912332, 1.893209, B
0.793129, 2.179849, 0.235830, 2.021896, 2.001677, C
1.124094, 2.483252, 0.226307, 2.585320, 2.507760, D
1.412168, 2.230146, 0.277049, 2.509260, 2.484168, E
0.453340, 2.502732, 0.241996, 4.986297, 4.741485, F
0.724490, 2.094838, 0.318067, 2.632789, 2.132559, G
0.736620, 3.297558, 0.441037, 4.087576, 1.202384, H
0.688203, 2.555513, 0.313723, 4.042147, 3.989925, I
0.726488, 2.576585, 0.302101, 2.240037, 1.971233, J
50170.331115
0.883466, 2.148396, 0.274884, 2.978407, 2.354312, A
1.690001, 2.144324, 0.265097, 1.912332, 1.894319, B
0.793129, 2.037290, 0.245579, 2.021896, 1.941020, C
1.124094, 2.365652, 0.281046, 2.585320, 2.363737, D
1.412168, 2.068471, 0.237812, 2.509260, 2.408890, E
0.453340, 2.373174, 0.250855, 4.986297, 4.457937, F
0.724490, 2.134715, 0.228866, 2.632789, 2.212506, G
0.736620, 2.670343, 0.338098, 4.087576, 4.087576, H
0.688203, 2.318370, 0.288700, 4.042147, 3.768472, I
0.726488, 2.672746, 0.305175, 2.240037, 1.606657, J
52879.873748
0.883466, 2.396141, 0.313055, 2.978407, 1.948037, A
1.690001, 2.086471, 0.333988, 1.912332, 1.682853, B
0.793129, 2.047372, 0.267915, 2.021896, 1.695531, C
1.124094, 2.315668, 0.294228, 2.585320, 2.264057, D
1.412168, 2.133950, 0.270657, 2.509260, 2.004643, E
0.453340, 2.270057, 0.271493, 4.986297, 4.486876, F
0.724490, 2.619496, 0.344373, 2.632789, 1.152597, G
0.736620, 2.090125, 0.279182, 4.087576, 4.087576, H
0.688203, 2.215877, 0.249394, 4.042147, 3.753255, I
0.726488, 2.359015, 0.231221, 2.240037, 2.234597, J
55410.875857
0.883466, 2.475705, 0.272948, 2.978407, 2.260472, A
1.690001, 2.073830, 0.282005, 1.912332, 1.601240, B
0.793129, 2.305230, 0.319331, 2.021896, 1.308863, C
1.124094, 2.309415, 0.344686, 2.585320, 2.100483, D
1.412168, 2.413793, 0.324550, 2.509260, 1.524656, E
0.453340, 2.492848, 0.291207, 4.986297, 3.064843, F
0.724490, 2.310951, 0.243855, 2.632789, 2.577316, G
0.736620, 1.621769, 0.232628, 4.087576, 4.087576, H
0.688203, 2.462151, 0.316605, 4.042147, 2.514815, I
0.726488, 2.089095, 0.215769, 2.240037, 2.170293, J
57731.931611
0.883466, 2.521750, 0.299890, 2.978407, 2.310483, A
1.690001, 2.393920, 0.346190, 1.912332, 1.130753, B
0.793129, 2.560787, 0.381031, 2.021896, 1.349443, C
1.124094, 2.235138, 0.307213, 2.585320, 2.331196, D
1.412168, 2.382940, 0.276819, 2.509260, 2.168656, E
0.453340, 2.380174, 0.290686, 4.986297, 4.356538, F
0.724490, 2.072180, 0.219285, 2.632789, 2.544713, G
0.736620, 1.293358, 0.213397, 4.087576, 4.087576, H
0.688203, 2.615467, 0.287523, 4.042147, 2.794158, I
0.726488, 1.864630, 0.197687, 2.240037, 2.217637, J
60261.046663
0.883466, 2.423612, 0.262883, 2.978407, 2.776456, A
1.690001, 2.795450, 0.395485, 1.912332, 1.008938, B
0.793129, 2.321421, 0.287351, 2.021896, 1.975004, C
1.124094, 2.285940, 0.281566, 2.585320, 1.952916, D
1.412168, 2.495538, 0.324029, 2.509260, 2.041659, E
0.453340, 2.180784, 0.235694, 4.986297, 4.676397, F
0.724490, 1.970335, 0.254978, 2.632789, 2.354417, G
0.736620, 1.059583, 0.181965, 4.087576, 4.087576, H
0.688203, 2.363315, 0.217096, 4.042147, 3.920882, I
0.726488, 1.737825, 0.227294, 2.240037, 2.120139, J
62952.485058
0.883466, 2.246495, 0.267038, 2.978407, 2.760819, A
1.690001, 2.336918, 0.360121, 1.912332, 1.909661, B
0.793129, 2.171560, 0.241484, 2.021896, 1.889477, C
1.124094, 2.447665, 0.308193, 2.585320, 1.891632, D
1.412168, 2.310176, 0.304180, 2.509260, 2.332751, E
0.453340, 2.314038, 0.288255, 4.986297, 3.449984, F
0.724490, 1.999046, 0.302831, 2.632789, 2.144022, G
0.736620, 0.916693, 0.156134, 4.087576, 4.046700, H
0.688203, 2.444563, 0.247247, 4.042147, 3.059577, I
0.726488, 1.667143, 0.242446, 2.240037, 2.083235, J
65509.270818
0.883466, 2.030880, 0.225778, 2.978407, 2.978407, A
1.690001, 1.902157, 0.271123, 1.912332, 1.912332, B
0.793129, 2.062853, 0.218239, 2.021896, 1.914902, C
1.124094, 2.323613, 0.295147, 2.585320, 2.254617, D
1.412168, 2.066720, 0.250695, 2.509260, 2.433983, E
0.453340, 2.665116, 0.394992, 4.986297, 2.723953, F
0.724490, 2.182034, 0.298510, 2.632789, 1.975897, G
0.736620, 0.850157, 0.133513, 4.087576, 3.923340, H
0.688203, 2.310471, 0.227828, 4.042147, 3.581633, I
0.726488, 1.709931, 0.241782, 2.240037, 1.770715, J
68056.248588
0.883466, 1.971086, 0.279305, 2.978407, 2.647861, A
1.690001, 1.558990, 0.229518, 1.912332, 1.912332, B
0.793129, 1.982986, 0.213444, 2.021896, 1.779221, C
1.124094, 2.315290, 0.324832, 2.585320, 2.231560, D
1.412168, 1.969907, 0.199687, 2.509260, 2.247307, E
0.453340, 2.194724, 0.291010, 4.986297, 4.986297, F
0.724490, 2.128512, 0.273450, 2.632789, 2.198517, G
0.736620, 0.829763, 0.117828, 4.087576, 3.645853, H
0.688203, 2.229944, 0.247921, 4.042147, 3.342779, I
0.726488, 1.968663, 0.316605, 2.240037, 1.325238, J
70687.945157
0.883466, 1.906518, 0.201765, 2.978407, 2.764478, A
1.690001, 1.332873, 0.194817, 1.912332, 1.894390, B
0.793129, 2.090113, 0.236838, 2.021896, 1.456231, C
1.124094, 1.982769, 0.273354, 2.585320, 2.542017, D
1.412168, 2.151384, 0.271744, 2.509260, 1.733054, E
0.453340, 1.858024, 0.229745, 4.986297, 4.986297, F
0.724490, 2.107659, 0.267915, 2.632789, 2.264149, G
0.736620, 0.977360, 0.138648, 4.087576, 2.071031, H
0.688203, 2.044189, 0.213574, 4.042147, 3.662734, I
0.726488, 2.776938, 0.491311, 2.240037, 0.265772, J
73051.960456
0.883466, 2.127472, 0.293811, 2.978407, 1.918004, A
1.690001, 1.154702, 0.168590, 1.912332, 1.912332, B
0.793129, 2.298588, 0.312042, 2.021896, 1.362155, C
1.124094, 1.679262, 0.226522, 2.585320, 2.585320, D
1.412168, 2.629596, 0.351151, 2.509260, 1.289628, E
0.453340, 1.607578, 0.200913, 4.986297, 4.895843, F
0.724490, 2.046751, 0.247869, 2.632789, 2.322231, G
0.736620, 1.234880, 0.197802, 4.087576, 1.597600, H
0.688203, 2.242780, 0.267252, 4.042147, 2.655100, I
0.726488, 2.270662, 0.356360, 2.240037, 2.240037, J
75329.785603
0.883466, 2.567077, 0.334374, 2.978407, 1.384166, A
1.690001, 1.047194, 0.156047, 1.912332, 1.828307, B
0.793129, 2.279535, 0.286881, 2.021896, 1.667420, C
1.124094, 1.454127, 0.188927, 2.585320, 2.553634, D
1.412168, 2.173684, 0.268076, 2.509260, 2.509260, E
0.453340, 1.529773, 0.197100, 4.986297, 4.589167, F
0.724490, 2.093607, 0.275425, 2.632789, 2.121047, G
0.736620, 1.735989, 0.285843, 4.087576, 0.654012, H
0.688203, 2.345323, 0.270412, 4.042147, 3.010491, I
0.726488, 1.797439, 0.220629, 2.240037, 2.240037, J
77585.539794
0.883466, 2.128493, 0.248744, 2.978407, 2.978407, A
1.690001, 0.972609, 0.141046, 1.912332, 1.816716, B
0.793129, 2.249296, 0.264324, 2.021896, 1.762515, C
1.124094, 1.346246, 0.192394, 2.585320, 2.430200, D
1.412168, 1.778276, 0.210723, 2.509260, 2.509260, E
0.453340, 1.608594, 0.212872, 4.986297, 3.776629, F
0.724490, 2.233169, 0.318994, 2.632789, 1.905426, G
0.736620, 2.455871, 0.433507, 4.087576, 0.613136, H
0.688203, 2.156554, 0.229016, 4.042147, 3.779126, I
0.726488, 1.460188, 0.187948, 2.240037, 2.240037, J
79966.685187
0.883466, 1.723842, 0.203249, 2.978407, 2.978407, A
1.690001, 1.019735, 0.136337, 1.912332, 1.490773, B
0.793129, 2.070407, 0.217880, 2.021896, 1.900582, C
1.124094, 1.279647, 0.169500, 2.585320, 2.339267, D
1.412168, 1.497660, 0.180948, 2.509260, 2.484168, E
0.453340, 1.944100, 0.273572, 4.986297, 2.297356, F
0.724490, 2.149374, 0.326999, 2.632789, 2.290526, G
0.736620, 2.088163, 0.277868, 4.087576, 4.087576, H
0.688203, 2.131102, 0.245557, 4.042147, 3.406560, I
0.726488, 1.207121, 0.171085, 2.240037, 2.240037, J
82518.210256
0.883466, 1.429756, 0.182864, 2.978407, 2.978407, A
1.690001, 1.186800, 0.183987, 1.912332, 1.080836, B
0.793129, 1.870377, 0.176056, 2.021896, 1.941020, C
1.124094, 1.348735, 0.187440, 2.585320, 2.069801, D
1.412168, 1.344941, 0.173204, 2.509260, 2.459075, E
0.453340, 2.381893, 0.366029, 4.986297, 1.970027, F
0.724490, 1.854511, 0.240540, 2.632789, 2.632789, G
0.736620, 1.901355, 0.222995, 4.087576, 4.000524, H
0.688203, 1.833349, 0.173294, 4.042147, 4.042147, I
0.726488, 1.018652, 0.153489, 2.240037, 2.240037, J
85059.676437
0.883466, 1.245586, 0.171562, 2.978407, 2.945112, A
1.690001, 1.474242, 0.255732, 1.912332, 0.806120, B
0.793129, 1.705883, 0.198086, 2.021896, 1.911060, C
1.124094, 1.616975, 0.226656, 2.585320, 1.272876, D
1.412168, 1.275543, 0.160559, 2.509260, 2.334875, E
0.453340, 1.914159, 0.278586, 4.986297, 4.986297, F
0.724490, 1.577948, 0.200100, 2.632789, 2.631947, G
0.736620, 1.929778, 0.223122, 4.087576, 3.466131, H
0.688203, 1.659604, 0.187682, 4.042147, 3.942182, I
0.726488, 0.882855, 0.134976, 2.240037, 2.231624, J
87712.498803
0.883466, 1.173817, 0.160477, 2.978407, 2.669406, A
1.690001, 1.826113, 0.264840, 1.912332, 0.697520, B
0.793129, 1.553210, 0.160447, 2.021896, 1.961239, C
1.124094, 1.671464, 0.205059, 2.585320, 1.969936, D
1.412168, 1.529170, 0.225232, 2.509260, 1.252880, E
0.453340, 1.494925, 0.215151, 4.986297, 4.986297, F
0.724490, 1.325060, 0.157895, 2.632789, 2.632789, G
0.736620, 1.627315, 0.186238, 4.087576, 4.087576, H
0.688203, 1.554069, 0.167699, 4.042147, 3.645815, I
0.726488, 0.824274, 0.110592, 2.240037, 2.104637, J
90313.308211
0.883466, 1.157329, 0.171555, 2.978407, 2.710350, A
1.690001, 1.573127, 0.199839, 1.912332, 1.912332, B
0.793129, 1.469507, 0.157654, 2.021896, 1.880158, C
1.124094, 1.658919, 0.237039, 2.585320, 2.249228, D
1.412168, 1.876669, 0.279383, 2.509260, 0.967046, E
0.453340, 1.190726, 0.180901, 4.986297, 4.986297, F
0.724490, 1.174886, 0.148961, 2.632789, 2.606461, G
0.736620, 1.398783, 0.162883, 4.087576, 4.087576, H
0.688203, 1.602324, 0.196086, 4.042147, 3.274849, I
0.726488, 0.848875, 0.129996, 2.240037, 1.812299, J
92961.967905
0.883466, 1.433846, 0.219029, 2.978407, 1.302608, A
1.690001, 1.318178, 0.150725, 1.912332, 1.912332, B
0.793129, 1.437240, 0.183739, 2.021896, 1.783614, C
1.124094, 1.750930, 0.222191, 2.585320, 1.988331, D
1.412168, 1.512584, 0.206229, 2.509260, 2.509260, E
0.453340, 1.004635, 0.152115, 4.986297, 4.986069, F
0.724490, 1.101311, 0.140566, 2.632789, 2.452770, G
0.736620, 1.308521, 0.166984, 4.087576, 3.765039, H
0.688203, 1.567458, 0.172960, 4.042147, 3.556777, I
0.726488, 0.951679, 0.154143, 2.240037, 1.404309, J
95528.078932
0.883466, 1.901929, 0.283737, 2.978407, 0.759542, A
1.690001, 1.130489, 0.131987, 1.912332, 1.877672, B
0.793129, 1.420236, 0.173268, 2.021896, 1.655500, C
1.124094, 1.441813, 0.165741, 2.585320, 2.585320, D
1.412168, 1.226040, 0.167534, 2.509260, 2.509260, E
0.453340, 0.887522, 0.132274, 4.986297, 4.936434, F
0.724490, 1.170757, 0.160757, 2.632789, 1.874691, G
0.736620, 1.363262, 0.199196, 4.087576, 3.283449, H
0.688203, 1.629396, 0.184116, 4.042147, 3.216729, I
0.726488, 1.250295, 0.200922, 2.240037, 0.673856, J
97865.324365
0.883466, 1.532968, 0.210949, 2.978407, 2.978407, A
1.690001, 1.015939, 0.137502, 1.912332, 1.858382, B
0.793129, 1.506823, 0.209744, 2.021896, 1.618017, C
1.124094, 1.195803, 0.148214, 2.585320, 2.585320, D
1.412168, 1.001029, 0.152076, 2.509260, 2.509260, E
0.453340, 0.880294, 0.128263, 4.986297, 4.351201, F
0.724490, 1.383326, 0.215692, 2.632789, 1.389162, G
0.736620, 1.573311, 0.192330, 4.087576, 2.264874, H
0.688203, 1.612816, 0.153999, 4.042147, 3.325081, I
0.726488, 1.748068, 0.274902, 2.240037, 0.274672, J
100180.761877
0.883466, 1.232357, 0.163931, 2.978407, 2.978407, A
1.690001, 0.910940, 0.118400, 1.912332, 1.893209, B
0.793129, 1.491584, 0.184687, 2.021896, 1.718611, C
1.124094, 1.021307, 0.137185, 2.585320, 2.585320, D
1.412168, 0.820480, 0.131220, 2.509260, 2.509260, E
0.453340, 1.100506, 0.163224, 4.986297, 1.720465, F
0.724490, 1.596447, 0.240266, 2.632789, 1.560565, G
0.736620, 1.963574, 0.266333, 4.087576, 1.562972, H
0.688203, 1.516477, 0.164329, 4.042147, 3.759196, I
0.726488, 1.522604, 0.211572, 2.240037, 2.217637, J
102431.326159
0.883466, 1.019621, 0.137380, 2.978407, 2.978407, A
1.690001, 0.846650, 0.134030, 1.912332, 1.835839, B
0.793129, 1.531819, 0.182482, 2.021896, 1.623535, C
1.124094, 0.898756, 0.119158, 2.585320, 2.535497, D
1.412168, 0.692538, 0.107482, 2.509260, 2.509260, E
0.453340, 1.602761, 0.256697, 4.986297, 0.244327, F
0.724490, 1.520461, 0.181809, 2.632789, 2.391995, G
0.736620, 1.586081, 0.197183, 4.087576, 4.087576, H
0.688203, 1.478200, 0.191881, 4.042147, 3.492994, I
0.726488, 1.327500, 0.169999, 2.240037, 2.216030, J
104822.872348
0.883466, 0.864028, 0.122413, 2.978407, 2.963984, A
1.690001, 0.788174, 0.125749, 1.912332, 1.838562, B
0.793129, 1.380202, 0.167318, 2.021896, 1.961239, C
1.124094, 0.844537, 0.110725, 2.585320, 2.454915, D
1.412168, 0.607027, 0.093549, 2.509260, 2.432141, E
0.453340, 1.487236, 0.165194, 4.986297, 4.508047, F
0.724490, 1.428561, 0.168969, 2.632789, 2.430445, G
0.736620, 1.309969, 0.170472, 4.087576, 4.086496, H
0.688203, 1.625772, 0.217980, 4.042147, 2.794827, I
0.726488, 1.182842, 0.160387, 2.240037, 2.195237, J
107589.461498
0.883466, 0.744543, 0.106342, 2.978407, 2.948622, A
1.690001, 0.761392, 0.119410, 1.912332, 1.740223, B
0.793129, 1.267467, 0.149509, 2.021896, 1.900582, C
1.124094, 0.886276, 0.140790, 2.585320, 1.979656, D
1.412168, 0.615898, 0.102570, 2.509260, 2.073407, E
0.453340, 1.321376, 0.120914, 4.986297, 4.906798, F
0.724490, 1.379002, 0.181202, 2.632789, 2.302538, G
0.736620, 1.095823, 0.150850, 4.087576, 4.087576, H
0.688203, 1.364752, 0.162987, 4.042147, 4.042147, I
0.726488, 1.126751, 0.155471, 2.240037, 2.144060, J
110402.022328
0.883466, 0.666715, 0.095980, 2.978407, 2.932219, A
1.690001, 0.747693, 0.121585, 1.912332, 1.626444, B
0.793129, 1.097966, 0.117017, 2.021896, 1.981458, C
1.124094, 1.012679, 0.179104, 2.585320, 1.635223, D
1.412168, 0.722155, 0.118438, 2.509260, 1.428636, E
0.453340, 1.136407, 0.107715, 4.986297, 4.986297, F
0.724490, 1.185409, 0.142501, 2.632789, 2.632789, G
0.736620, 0.960073, 0.138465, 4.087576, 4.018813, H
0.688203, 1.125243, 0.150362, 4.042147, 4.042147, I
0.726488, 1.242293, 0.165141, 2.240037, 1.528210, J
113083.245849
0.883466, 0.638567, 0.087986, 2.978407, 2.652070, A
1.690001, 0.731735, 0.100085, 1.912332, 1.740223, B
0.793129, 0.984107, 0.115705, 2.021896, 1.982818, C
1.124094, 1.073616, 0.135270, 2.585320, 1.864822, D
1.412168, 0.920775, 0.148549, 2.509260, 0.912776, E
0.453340, 0.981464, 0.098385, 4.986297, 4.951059, F
0.724490, 1.015799, 0.124029, 2.632789, 2.606461, G
0.736620, 0.945046, 0.131905, 4.087576, 3.636270, H
0.688203, 0.932161, 0.126073, 4.042147, 4.001725, I
0.726488, 1.042901, 0.119755, 2.240037, 2.240037, J
115742.071903
0.883466, 0.660464, 0.098984, 2.978407, 2.400419, A
1.690001, 0.774947, 0.099020, 1.912332, 1.470076, B
0.793129, 0.900235, 0.110921, 2.021896, 1.941020, C
1.124094, 0.905400, 0.093200, 2.585320, 2.585320, D
1.412168, 1.028523, 0.152297, 2.509260, 1.736513, E
0.453340, 0.959025, 0.110327, 4.986297, 4.175673, F
0.724490, 0.833961, 0.111200, 2.632789, 2.632789, G
0.736620, 1.093642, 0.148177, 4.087576, 2.164160, H
0.688203, 0.851931, 0.116958, 4.042147, 3.848608, I
0.726488, 0.860606, 0.100331, 2.240037, 2.240037, J
118261.533341
0.883466, 0.802708, 0.124584, 2.978407, 1.434456, A
1.690001, 0.958522, 0.129495, 1.912332, 0.732244, B
0.793129, 0.816536, 0.103869, 2.021896, 1.981253, C
1.124094, 0.754655, 0.078568, 2.585320, 2.559466, D
1.412168, 0.926068, 0.109228, 2.509260, 2.433983, E
0.453340, 1.053260, 0.119869, 4.986297, 3.116242, F
0.724490, 0.712108, 0.103090, 2.632789, 2.580133, G
0.736620, 0.986487, 0.120686, 4.087576, 3.904577, H
0.688203, 0.878809, 0.119034, 4.042147, 3.394350, I
0.726488, 0.720903, 0.099781, 2.240037, 2.217637, J
120696.967414
0.883466, 0.943196, 0.158715, 2.978407, 1.727476, A
1.690001, 0.936406, 0.112164, 1.912332, 1.726127, B
0.793129, 0.791395, 0.107374, 2.021896, 1.753841, C
1.124094, 0.684655, 0.087661, 2.585320, 2.423791, D
1.412168, 0.818850, 0.083632, 2.509260, 2.446453, E
0.453340, 0.890063, 0.098903, 4.986297, 4.936434, F
0.724490, 0.624893, 0.089490, 2.632789, 2.563623, G
0.736620, 0.861224, 0.099136, 4.087576, 4.046700, H
0.688203, 1.066202, 0.147559, 4.042147, 1.806645, I
0.726488, 0.602955, 0.083287, 2.240037, 2.240037, J
123264.080142
0.883466, 0.988850, 0.160332, 2.978407, 2.342717, A
1.690001, 0.968751, 0.117686, 1.912332, 1.602403, B
0.793129, 0.793721, 0.105858, 2.021896, 1.772814, C
1.124094, 0.697324, 0.100412, 2.585320, 2.057356, D
1.412168, 0.766631, 0.083678, 2.509260, 2.280214, E
0.453340, 0.782676, 0.088577, 4.986297, 4.927563, F
0.724490, 0.559172, 0.079764, 2.632789, 2.527477, G
0.736620, 0.768380, 0.085472, 4.087576, 3.924073, H
0.688203, 0.881623, 0.102550, 4.042147, 4.042147, I
0.726488, 0.510842, 0.068967, 2.240037, 2.240037, J
126035.760241
0.883466, 0.836902, 0.122260, 2.978407, 2.978407, A
1.690001, 0.812951, 0.088705, 1.912332, 1.912332, B
0.793129, 0.788713, 0.102865, 2.021896, 1.782493, C
1.124094, 0.891260, 0.153605, 2.585320, 1.015729, D
1.412168, 0.757390, 0.089662, 2.509260, 2.107779, E
0.453340, 0.744841, 0.100745, 4.986297, 4.457464, F
0.724490, 0.523276, 0.074244, 2.632789, 2.421210, G
0.736620, 0.946766, 0.120812, 4.087576, 1.719932, H
0.688203, 0.742490, 0.084344, 4.042147, 4.042147, I
0.726488, 0.443693, 0.062181, 2.240037, 2.233047, J
128502.814194
0.883466, 0.709661, 0.095160, 2.978407, 2.971823, A
1.690001, 0.723904, 0.075292, 1.912332, 1.893209, B
0.793129, 0.801390, 0.109828, 2.021896, 1.650678, C
1.124094, 0.862679, 0.103243, 2.585320, 2.256061, D
1.412168, 0.797778, 0.113713, 2.509260, 2.007408, E
0.453340, 0.838381, 0.115924, 4.986297, 2.696518, F
0.724490, 0.562141, 0.086739, 2.632789, 1.890043, G
0.736620, 0.798086, 0.085095, 4.087576, 4.076521, H
0.688203, 0.656887, 0.075530, 4.042147, 3.953610, I
0.726488, 0.394088, 0.055782, 2.240037, 2.195237, J
131061.925029
0.883466, 0.615230, 0.081900, 2.978407, 2.918838, A
1.690001, 0.681275, 0.083430, 1.912332, 1.759346, B
0.793129, 0.733782, 0.093683, 2.021896, 1.920801, C
1.124094, 0.716835, 0.076843, 2.585320, 2.585320, D
1.412168, 0.764918, 0.113947, 2.509260, 2.272907, E
0.453340, 0.975634, 0.129582, 4.986297, 2.473378, F
0.724490, 0.653238, 0.100705, 2.632789, 1.492351, G
0.736620, 0.680996, 0.074820, 4.087576, 4.087576, H
0.688203, 0.692321, 0.098296, 4.042147, 2.923324, I
0.726488, 0.369361, 0.052568, 2.240037, 2.104950, J
133515.804058
0.883466, 0.562457, 0.066611, 2.978407, 2.856185, A
1.690001, 0.634071, 0.069959, 1.912332, 1.835839, B
0.793129, 0.686066, 0.090778, 2.021896, 1.885952, C
1.124094, 0.607718, 0.065724, 2.585320, 2.585320, D
1.412168, 0.751410, 0.094439, 2.509260, 2.180503, E
0.453340, 0.760274, 0.102875, 4.986297, 4.986297, F
0.724490, 0.779538, 0.102257, 2.632789, 1.331948, G
0.736620, 0.618407, 0.072156, 4.087576, 3.904593, H
0.688203, 0.831815, 0.126909, 4.042147, 1.920636, I
0.726488, 0.351734, 0.045094, 2.240037, 2.128036, J
136077.334951
0.883466, 0.568889, 0.071531, 2.978407, 2.421498, A
1.690001, 0.624884, 0.075134, 1.912332, 1.677738, B
0.793129, 0.633552, 0.083708, 2.021896, 1.941020, C
1.124094, 0.525727, 0.064720, 2.585320, 2.559466, D
1.412168, 0.702126, 0.101967, 2.509260, 2.234566, E
0.453340, 0.592500, 0.086825, 4.986297, 4.986297, F
0.724490, 0.799225, 0.097448, 2.632789, 2.085141, G
0.736620, 0.676400, 0.082615, 4.087576, 2.615975, H
0.688203, 0.756631, 0.104070, 4.042147, 3.844867, I
0.726488, 0.361218, 0.041831, 2.240037, 1.811491, J
138695.140822
0.883466, 0.768535, 0.099512, 2.978407, 0.670282, A
1.690001, 0.649111, 0.083098, 1.912332, 1.530635, B
0.793129, 0.624162, 0.081077, 2.021896, 1.830532, C
1.124094, 0.465203, 0.058028, 2.585320, 2.511370, D
1.412168, 0.621924, 0.078479, 2.509260, 2.408890, E
0.453340, 0.473275, 0.075232, 4.986297, 4.986297, F
0.724490, 0.670410, 0.080692, 2.632789, 2.614613, G
0.736620, 0.706253, 0.093432, 4.087576, 3.080858, H
0.688203, 0.642692, 0.074605, 4.042147, 4.042147, I
0.726488, 0.422367, 0.060588, 2.240037, 1.344022, J
141197.105402
0.883466, 0.655722, 0.071061, 2.978407, 2.978407, A
1.690001, 0.643204, 0.076842, 1.912332, 1.650459, B
0.793129, 0.701428, 0.123886, 2.021896, 1.285056, C
1.124094, 0.450124, 0.058149, 2.585320, 2.339925, D
1.412168, 0.573876, 0.072047, 2.509260, 2.414283, E
0.453340, 0.391954, 0.061035, 4.986297, 4.986297, F
0.724490, 0.560310, 0.067401, 2.632789, 2.632789, G
0.736620, 0.629139, 0.065818, 4.087576, 3.989139, H
0.688203, 0.540461, 0.062282, 4.042147, 4.042147, I
0.726488, 0.513471, 0.083042, 2.240037, 0.985616, J
143927.517050
0.883466, 0.542831, 0.058056, 2.978407, 2.978407, A
1.690001, 0.626116, 0.063777, 1.912332, 1.675208, B
0.793129, 0.594276, 0.090534, 2.021896, 2.021896, C
1.124094, 0.513380, 0.072147, 2.585320, 1.554581, D
1.412168, 0.559283, 0.064926, 2.509260, 2.233242, E
0.453340, 0.347206, 0.055937, 4.986297, 4.887453, F
0.724490, 0.491710, 0.060558, 2.632789, 2.589810, G
0.736620, 0.607056, 0.070074, 4.087576, 3.753492, H
0.688203, 0.503020, 0.068768, 4.042147, 3.723601, I
0.726488, 0.660467, 0.119037, 2.240037, 0.785108, J
146547.796665
0.883466, 0.456839, 0.053489, 2.978407, 2.978407, A
1.690001, 0.540571, 0.051009, 1.912332, 1.893209, B
0.793129, 0.499423, 0.070418, 2.021896, 2.021896, C
1.124094, 0.586052, 0.079184, 2.585320, 1.494771, D
1.412168, 0.580016, 0.082363, 2.509260, 1.977872, E
0.453340, 0.352691, 0.048889, 4.986297, 3.720995, F
0.724490, 0.453120, 0.049022, 2.632789, 2.545928, G
0.736620, 0.554106, 0.062115, 4.087576, 3.964949, H
0.688203, 0.552389, 0.066993, 4.042147, 2.608445, I
0.726488, 0.572738, 0.079954, 2.240037, 2.231107, J
149091.554494
0.883466, 0.401494, 0.050770, 2.978407, 2.978407, A
1.690001, 0.478897, 0.053390, 1.912332, 1.874086, B
0.793129, 0.417580, 0.059533, 2.021896, 2.021896, C
1.124094, 0.525516, 0.058375, 2.585320, 2.525659, D
1.412168, 0.535286, 0.065311, 2.509260, 2.383797, E
0.453340, 0.456155, 0.067414, 4.986297, 1.555939, F
0.724490, 0.457093, 0.054216, 2.632789, 2.218258, G
0.736620, 0.544412, 0.064345, 4.087576, 3.460522, H
0.688203, 0.565484, 0.064187, 4.042147, 3.171213, I
0.726488, 0.479754, 0.056605, 2.240037, 2.240037, J
151534.535886
0.883466, 0.376977, 0.052619, 2.978407, 2.735011, A
1.690001, 0.425310, 0.051336, 1.912332, 1.848204, B
0.793129, 0.366769, 0.053201, 2.021896, 1.978457, C
1.124094, 0.466715, 0.049554, 2.585320, 2.533613, D
1.412168, 0.464212, 0.049087, 2.509260, 2.509260, E
0.453340, 0.618102, 0.085769, 4.986297, 0.844864, F
0.724490, 0.470518, 0.063574, 2.632789, 2.158887, G
0.736620, 0.525606, 0.054999, 4.087576, 3.668868, H
0.688203, 0.492639, 0.053443, 4.042147, 4.042147, I
0.726488, 0.413270, 0.051705, 2.240037, 2.225081, J
153988.975051
0.883466, 0.390764, 0.056203, 2.978407, 2.281331, A
1.690001, 0.388523, 0.042618, 1.912332, 1.835839, B
0.793129, 0.323591, 0.047788, 2.021896, 2.001677, C
1.124094, 0.421972, 0.044932, 2.585320, 2.440369, D
1.412168, 0.423089, 0.051152, 2.509260, 2.408890, E
0.453340, 0.498579, 0.065562, 4.986297, 4.986297, F
0.724490, 0.453458, 0.066511, 2.632789, 2.396298, G
0.736620, 0.558060, 0.085312, 4.087576, 3.030416, H
0.688203, 0.444019, 0.050529, 4.042147, 3.880461, I
0.726488, 0.362482, 0.045112, 2.240037, 2.195237, J
156734.656574
0.883466, 0.465990, 0.069556, 2.978407, 1.428596, A
1.690001, 0.383023, 0.046199, 1.912332, 1.638273, B
0.793129, 0.299538, 0.041627, 2.021896, 1.960655, C
1.124094, 0.473097, 0.058771, 2.585320, 1.464946, D
1.412168, 0.404088, 0.055941, 2.509260, 2.230948, E
0.453340, 0.401355, 0.052842, 4.986297, 4.986297, F
0.724490, 0.428514, 0.054567, 2.632789, 2.384549, G
0.736620, 0.475521, 0.063456, 4.087576, 4.087576, H
0.688203, 0.440373, 0.057660, 4.042147, 3.445374, I
0.726488, 0.339872, 0.041468, 2.240037, 2.092246, J
159306.602605
0.883466, 0.435223, 0.055669, 2.978407, 2.807481, A
1.690001, 0.431490, 0.055115, 1.912332, 1.278789, B
0.793129, 0.285320, 0.038158, 2.021896, 1.860144, C
1.124094, 0.447461, 0.059252, 2.585320, 2.394098, D
1.412168, 0.397591, 0.053992, 2.509260, 2.231793, E
0.453340, 0.329120, 0.043633, 4.986297, 4.986297, F
0.724490, 0.422847, 0.055257, 2.632789, 2.255122, G
0.736620, 0.393801, 0.049061, 4.087576, 4.087576, H
0.688203, 0.423194, 0.047210, 4.042147, 3.601971, I
0.726488, 0.331181, 0.041960, 2.240037, 2.011307, J
162058.060519
0.883466, 0.373684, 0.037585, 2.978407, 2.948622, A
1.690001, 0.398093, 0.041702, 1.912332, 1.820178, B
0.793129, 0.285099, 0.036356, 2.021896, 1.766740, C
1.124094, 0.389410, 0.038713, 2.585320, 2.559193, D
1.412168, 0.409312, 0.052135, 2.509260, 2.004929, E
0.453340, 0.285880, 0.035460, 4.986297, 4.971793, F
0.724490, 0.412226, 0.047030, 2.632789, 2.238025, G
0.736620, 0.346666, 0.039561, 4.087576, 4.087576, H
0.688203, 0.420644, 0.047761, 4.042147, 3.346147, I
0.726488, 0.356541, 0.050273, 2.240037, 1.756940, J
164808.074946
0.883466, 0.331752, 0.036495, 2.978407, 2.859363, A
1.690001, 0.365960, 0.041330, 1.912332, 1.797592, B
0.793129, 0.312060, 0.052480, 2.021896, 1.437329, C
1.124094, 0.348185, 0.037977, 2.585320, 2.514567, D
1.412168, 0.368429, 0.044498, 2.509260, 2.408890, E
0.453340, 0.282818, 0.037125, 4.986297, 4.189604, F
0.724490, 0.382531, 0.040012, 2.632789, 2.463651, G
0.736620, 0.334605, 0.036758, 4.087576, 3.480568, H
0.688203, 0.359972, 0.031838, 4.042147, 3.958318, I
0.726488, 0.387067, 0.052025, 2.240037, 1.615216, J
167480.584709
0.883466, 0.311764, 0.038542, 2.978407, 2.655792, A
1.690001, 0.344145, 0.043579, 1.912332, 1.725277, B
0.793129, 0.342667, 0.050511, 2.021896, 1.486995, C
1.124094, 0.322202, 0.036442, 2.585320, 2.507760, D
1.412168, 0.325816, 0.034988, 2.509260, 2.509260, E
0.453340, 0.334728, 0.051596, 4.986297, 2.453933, F
0.724490, 0.333169, 0.037794, 2.632789, 2.632789, G
0.736620, 0.395200, 0.047872, 4.087576, 2.057747, H
0.688203, 0.333708, 0.038223, 4.042147, 3.805231, I
0.726488, 0.332602, 0.035900, 2.240037, 2.240037, J
169888.066891
0.883466, 0.309806, 0.037169, 2.978407, 2.486995, A
1.690001, 0.308500, 0.033703, 1.912332, 1.893209, B
0.793129, 0.342003, 0.038128, 2.021896, 1.724006, C
1.124094, 0.308980, 0.038896, 2.585320, 2.397069, D
1.412168, 0.289742, 0.031513, 2.509260, 2.497059, E
0.453340, 0.367574, 0.047080, 4.986297, 3.025903, F
0.724490, 0.292429, 0.035031, 2.632789, 2.606636, G
0.736620, 0.328903, 0.035359, 4.087576, 4.049710, H
0.688203, 0.332350, 0.039548, 4.042147, 3.314862, I
0.726488, 0.297009, 0.033285, 2.240037, 2.175246, J
172505.136340
0.883466, 0.359741, 0.046379, 2.978407, 1.606393, A
1.690001, 0.290599, 0.033884, 1.912332, 1.773803, B
0.793129, 0.315479, 0.041387, 2.021896, 1.860144, C
1.124094, 0.325213, 0.044061, 2.585320, 2.042403, D
1.412168, 0.264689, 0.031125, 2.509260, 2.388077, E
0.453340, 0.335409, 0.039748, 4.986297, 4.496620, F
0.724490, 0.266721, 0.032996, 2.632789, 2.612144, G
0.736620, 0.280927, 0.032226, 4.087576, 4.053035, H
0.688203, 0.343641, 0.047059, 4.042147, 2.996487, I
0.726488, 0.273449, 0.033492, 2.240037, 2.150436, J
175103.090489
0.883466, 0.303330, 0.032946, 2.978407, 2.978407, A
1.690001, 0.282564, 0.030746, 1.912332, 1.756948, B
0.793129, 0.277991, 0.031955, 2.021896, 1.981458, C
1.124094, 0.349803, 0.042146, 2.585320, 1.705990, D
1.412168, 0.261728, 0.032540, 2.509260, 2.228014, E
0.453340, 0.339464, 0.036930, 4.986297, 4.057166, F
0.724490, 0.287436, 0.043500, 2.632789, 1.885681, G
0.736620, 0.257870, 0.025302, 4.087576, 3.936962, H
0.688203, 0.308803, 0.034465, 4.042147, 3.961304, I
0.726488, 0.262513, 0.035555, 2.240037, 1.984053, J
177750.688729
0.883466, 0.262821, 0.028633, 2.978407, 2.948622, A
1.690001, 0.287880, 0.042934, 1.912332, 1.548989, B
0.793129, 0.257649, 0.029905, 2.021896, 1.900582, C
1.124094, 0.297147, 0.032514, 2.585320, 2.585320, D
1.412168, 0.263675, 0.032793, 2.509260, 2.070182, E
0.453340, 0.300751, 0.030696, 4.986297, 4.698264, F
0.724490, 0.310461, 0.043130, 2.632789, 1.873496, G
0.736620, 0.271864, 0.030609, 4.087576, 2.980778, H
0.688203, 0.305872, 0.038669, 4.042147, 3.666748, I
0.726488, 0.267336, 0.040153, 2.240037, 1.859231, J
180363.909859
0.883466, 0.236830, 0.030877, 2.978407, 2.875596, A
1.690001, 0.277691, 0.040503, 1.912332, 1.721247, B
0.793129, 0.249973, 0.031830, 2.021896, 1.790290, C
1.124094, 0.250806, 0.029345, 2.585320, 2.585320, D
1.412168, 0.278763, 0.040505, 2.509260, 1.857770, E
0.453340, 0.270653, 0.029309, 4.986297, 4.837084, F
0.724490, 0.283869, 0.036704, 2.632789, 2.501149, G
0.736620, 0.321875, 0.040087, 4.087576, 2.127992, H
0.688203, 0.270587, 0.031866, 4.042147, 3.961304, I
0.726488, 0.256045, 0.035301, 2.240037, 2.083235, J
182998.008581
0.883466, 0.230140, 0.030416, 2.978407, 2.762957, A
1.690001, 0.269859, 0.035287, 1.912332, 1.745596, B
0.793129, 0.248992, 0.034337, 2.021896, 1.657954, C
1.124094, 0.213836, 0.026433, 2.585320, 2.585320, D
1.412168, 0.271333, 0.029584, 2.509260, 2.223129, E
0.453340, 0.256382, 0.030909, 4.986297, 4.564089, F
0.724490, 0.269048, 0.031260, 2.632789, 2.395838, G
0.736620, 0.286073, 0.029510, 4.087576, 3.979358, H
0.688203, 0.254994, 0.027896, 4.042147, 3.674846, I
0.726488, 0.261139, 0.035861, 2.240037, 1.826186, J
185739.535864
0.883466, 0.250408, 0.033742, 2.978407, 2.076701, A
1.690001, 0.259798, 0.031226, 1.912332, 1.675708, B
0.793129, 0.261834, 0.037343, 2.021896, 1.512567, C
1.124094, 0.194945, 0.024244, 2.585320, 2.477973, D
1.412168, 0.272296, 0.032258, 2.509260, 2.137103, E
0.453340, 0.273222, 0.038043, 4.986297, 3.548373, F
0.724490, 0.252179, 0.029561, 2.632789, 2.474821, G
0.736620, 0.235081, 0.023916, 4.087576, 4.077217, H
0.688203, 0.261861, 0.029301, 4.042147, 3.249846, I
0.726488, 0.254954, 0.027630, 2.240037, 2.075862, J
188270.153063
0.883466, 0.239563, 0.027597, 2.978407, 2.600047, A
1.690001, 0.231374, 0.024375, 1.912332, 1.893209, B
0.793129, 0.285336, 0.039030, 2.021896, 1.321246, C
1.124094, 0.184054, 0.025123, 2.585320, 2.428467, D
1.412168, 0.263988, 0.031070, 2.509260, 2.181545, E
0.453340, 0.256587, 0.033033, 4.986297, 4.547156, F
0.724490, 0.233525, 0.027170, 2.632789, 2.513001, G
0.736620, 0.199348, 0.021686, 4.087576, 4.087576, H
0.688203, 0.267022, 0.028557, 4.042147, 3.172038, I
0.726488, 0.252369, 0.034845, 2.240037, 1.938805, J
190938.462149
0.883466, 0.242903, 0.028859, 2.978407, 2.340979, A
1.690001, 0.230036, 0.029031, 1.912332, 1.710536, B
0.793129, 0.238652, 0.027817, 2.021896, 2.021896, C
1.124094, 0.192468, 0.028588, 2.585320, 2.033468, D
1.412168, 0.230891, 0.023626, 2.509260, 2.484168, E
0.453340, 0.279526, 0.032950, 4.986297, 2.971914, F
0.724490, 0.233093, 0.028873, 2.632789, 2.160862, G
0.736620, 0.178332, 0.019781, 4.087576, 4.009187, H
0.688203, 0.258112, 0.019906, 4.042147, 3.379142, I
0.726488, 0.257710, 0.038479, 2.240037, 1.881631, J
193437.840500
0.883466, 0.233319, 0.027478, 2.978407, 2.710350, A
1.690001, 0.243775, 0.035249, 1.912332, 1.450852, B
0.793129, 0.202496, 0.024589, 2.021896, 2.001677, C
1.124094, 0.220260, 0.033398, 2.585320, 1.692548, D
1.412168, 0.210654, 0.023175, 2.509260, 2.377921, E
0.453340, 0.240501, 0.026059, 4.986297, 4.923141, F
0.724490, 0.231147, 0.029973, 2.632789, 2.226309, G
0.736620, 0.185750, 0.022560, 4.087576, 3.154116, H
0.688203, 0.243109, 0.024001, 4.042147, 3.670082, I
0.726488, 0.245178, 0.030228, 2.240037, 1.950488, J
196053.588746
0.883466, 0.212547, 0.024296, 2.978407, 2.903970, A
1.690001, 0.219296, 0.026920, 1.912332, 1.879190, B
0.793129, 0.173126, 0.022680, 2.021896, 2.021896, C
1.124094, 0.249487, 0.043819, 2.585320, 1.491351, D
1.412168, 0.243547, 0.034490, 2.509260, 1.369212, E
0.453340, 0.207812, 0.021745, 4.986297, 4.969354, F
0.724490, 0.219794, 0.024324, 2.632789, 2.393790, G
0.736620, 0.227071, 0.031533, 4.087576, 1.899969, H
0.688203, 0.231641, 0.022089, 4.042147, 3.639077, I
0.726488, 0.226260, 0.027289, 2.240037, 2.127358, J
198523.105466
0.883466, 0.191860, 0.023566, 2.978407, 2.859270, A
1.690001, 0.198015, 0.024086, 1.912332, 1.816716, B
0.793129, 0.149106, 0.021216, 2.021896, 2.021896, C
1.124094, 0.224972, 0.030063, 2.585320, 2.466517, D
1.412168, 0.223990, 0.021985, 2.509260, 2.408890, E
0.453340, 0.197582, 0.024579, 4.986297, 4.535159, F
0.724490, 0.221238, 0.027575, 2.632789, 2.107466, G
0.736620, 0.289299, 0.037524, 4.087576, 1.319648, H
0.688203, 0.267776, 0.035128, 4.042147, 2.125615, I
0.726488, 0.205492, 0.020940, 2.240037, 2.150436, J
200904.266676
0.883466, 0.196109, 0.027222, 2.978407, 2.483247, A
1.690001, 0.185146, 0.024482, 1.912332, 1.759346, B
0.793129, 0.136520, 0.021172, 2.021896, 1.913362, C
1.124094, 0.205614, 0.024439, 2.585320, 2.468773, D
1.412168, 0.222922, 0.030525, 2.509260, 2.103291, E
0.453340, 0.215939, 0.030593, 4.986297, 3.237353, F
0.724490, 0.228192, 0.028567, 2.632789, 1.929830, G
0.736620, 0.247425, 0.031305, 4.087576, 3.964949, H
0.688203, 0.246178, 0.026687, 4.042147, 3.775244, I
0.726488, 0.205653, 0.022661, 2.240037, 1.842749, J
203452.080986
0.883466, 0.201140, 0.023636, 2.978407, 2.419372, A
1.690001, 0.175466, 0.023480, 1.912332, 1.800267, B
0.793129, 0.130154, 0.019176, 2.021896, 1.885258, C
1.124094, 0.201133, 0.026715, 2.585320, 2.374663, D
1.412168, 0.208543, 0.025950, 2.509260, 2.395929, E
0.453340, 0.266539, 0.042544, 4.986297, 2.076633, F
0.724490, 0.225800, 0.026204, 2.632789, 2.296375, G
0.736620, 0.201862, 0.024445, 4.087576, 4.087576, H
0.688203, 0.210694, 0.022641, 4.042147, 4.001725, I
0.726488, 0.223904, 0.032477, 2.240037, 1.545626, J
205940.423349
0.883466, 0.229242, 0.027106, 2.978407, 1.753263, A
1.690001, 0.190176, 0.030347, 1.912332, 1.387266, B
0.793129, 0.134266, 0.018143, 2.021896, 1.579702, C
1.124094, 0.196574, 0.022278, 2.585320, 2.300934, D
1.412168, 0.207068, 0.026642, 2.509260, 2.056200, E
0.453340, 0.220251, 0.032363, 4.986297, 4.936434, F
0.724490, 0.231689, 0.029731, 2.632789, 1.973451, G
0.736620, 0.165536, 0.021806, 4.087576, 4.087576, H
0.688203, 0.181999, 0.021761, 4.042147, 4.042147, I
0.726488, 0.226889, 0.027719, 2.240037, 1.797538, J
208531.874502
0.883466, 0.225052, 0.021351, 2.978407, 2.605053, A
1.690001, 0.227567, 0.036197, 1.912332, 1.124389, B
0.793129, 0.148987, 0.021661, 2.021896, 1.405926, C
1.124094, 0.200763, 0.024221, 2.585320, 2.017229, D
1.412168, 0.210246, 0.022012, 2.509260, 2.031741, E
0.453340, 0.185898, 0.025466, 4.986297, 4.946448, F
0.724490, 0.208327, 0.023441, 2.632789, 2.572722, G
0.736620, 0.144712, 0.019246, 4.087576, 4.046700, H
0.688203, 0.169503, 0.020443, 4.042147, 3.890294, I
0.726488, 0.202623, 0.021815, 2.240037, 2.217637, J
211217.688421
0.883466, 0.188962, 0.018787, 2.978407, 2.978407, A
1.690001, 0.198247, 0.025544, 1.912332, 1.898564, B
0.793129, 0.171676, 0.024843, 2.021896, 1.213137, C
1.124094, 0.221293, 0.028648, 2.585320, 1.766397, D
1.412168, 0.231012, 0.032066, 2.509260, 1.777129, E
0.453340, 0.164703, 0.020870, 4.986297, 4.848642, F
0.724490, 0.180159, 0.018512, 2.632789, 2.632789, G
0.736620, 0.128724, 0.017765, 4.087576, 3.995309, H
0.688203, 0.186892, 0.025060, 4.042147, 2.503928, I
0.726488, 0.187535, 0.025200, 2.240037, 2.147186, J
213793.837109
0.883466, 0.162632, 0.018252, 2.978407, 2.978407, A
1.690001, 0.169518, 0.020148, 1.912332, 1.912332, B
0.793129, 0.203425, 0.028025, 2.021896, 1.068918, C
1.124094, 0.195271, 0.021396, 2.585320, 2.533613, D
1.412168, 0.194517, 0.024239, 2.509260, 2.509260, E
0.453340, 0.169416, 0.022676, 4.986297, 3.864800, F
0.724490, 0.163140, 0.017072, 2.632789, 2.553805, G
0.736620, 0.138072, 0.019511, 4.087576, 2.980482, H
0.688203, 0.230797, 0.031893, 4.042147, 1.714158, I
0.726488, 0.186664, 0.025859, 2.240037, 1.962308, J
216201.645460
0.883466, 0.159987, 0.022977, 2.978407, 2.687147, A
1.690001, 0.145937, 0.016677, 1.912332, 1.912332, B
0.793129, 0.198637, 0.022831, 2.021896, 1.740311, C
1.124094, 0.173513, 0.018457, 2.585320, 2.456054, D
1.412168, 0.165943, 0.020899, 2.509260, 2.484168, E
0.453340, 0.192787, 0.026446, 4.986297, 2.893815, F
0.724490, 0.154785, 0.016359, 2.632789, 2.448494, G
0.736620, 0.166450, 0.025712, 4.087576, 2.198794, H
0.688203, 0.195539, 0.024687, 4.042147, 4.042147, I
0.726488, 0.200625, 0.029393, 2.240037, 1.601537, J
218648.125266
0.883466, 0.172462, 0.023601, 2.978407, 2.097849, A
1.690001, 0.134184, 0.015293, 1.912332, 1.835839, B
0.793129, 0.176026, 0.019602, 2.021896, 1.998802, C
1.124094, 0.160923, 0.018022, 2.585320, 2.369870, D
1.412168, 0.142399, 0.018704, 2.509260, 2.509260, E
0.453340, 0.216288, 0.023920, 4.986297, 2.806119, F
0.724490, 0.149864, 0.018325, 2.632789, 2.468206, G
0.736620, 0.198375, 0.027015, 4.087576, 2.069285, H
0.688203, 0.162222, 0.019679, 4.042147, 4.042147, I
0.726488, 0.173264, 0.020795, 2.240037, 2.240037, J
221091.866793
0.883466, 0.197633, 0.031732, 2.978407, 1.855798, A
1.690001, 0.127096, 0.013742, 1.912332, 1.835839, B
0.793129, 0.164867, 0.017980, 2.021896, 1.863513, C
1.124094, 0.162012, 0.018038, 2.585320, 2.196974, D
1.412168, 0.128066, 0.017421, 2.509260, 2.433983, E
0.453340, 0.182108, 0.019248, 4.986297, 4.986297, F
0.724490, 0.169191, 0.022072, 2.632789, 1.747633, G
0.736620, 0.191020, 0.022891, 4.087576, 3.601106, H
0.688203, 0.145223, 0.018946, 4.042147, 3.907866, I
0.726488, 0.155970, 0.017516, 2.240037, 2.240037, J
223758.771346
0.883466, 0.171931, 0.020137, 2.978407, 2.951528, A
1.690001, 0.120169, 0.014377, 1.912332, 1.811109, B
0.793129, 0.161398, 0.021952, 2.021896, 1.759049, C
1.124094, 0.166130, 0.018593, 2.585320, 1.995104, D
1.412168, 0.125278, 0.015483, 2.509260, 2.259212, E
0.453340, 0.159444, 0.018696, 4.986297, 4.941996, F
0.724490, 0.181375, 0.023354, 2.632789, 1.954525, G
0.736620, 0.162199, 0.018533, 4.087576, 4.055174, H
0.688203, 0.138203, 0.017371, 4.042147, 3.778754, I
0.726488, 0.141981, 0.018341, 2.240037, 2.128036, J
226522.219925
0.883466, 0.147445, 0.015832, 2.978407, 2.948622, A
1.690001, 0.125413, 0.016452, 1.912332, 1.501326, B
0.793129, 0.152856, 0.019891, 2.021896, 1.824849, C
1.124094, 0.166184, 0.024197, 2.585320, 2.197522, D
1.412168, 0.137024, 0.018145, 2.509260, 1.705769, E
0.453340, 0.150141, 0.017432, 4.986297, 4.637560, F
0.724490, 0.153924, 0.018751, 2.632789, 2.580133, G
0.736620, 0.137104, 0.015102, 4.087576, 4.087576, H
0.688203, 0.164619, 0.022719, 4.042147, 2.063209, I
0.726488, 0.143835, 0.019714, 2.240037, 1.881631, J
229065.039625
0.883466, 0.129489, 0.014757, 2.978407, 2.931312, A
1.690001, 0.155227, 0.023542, 1.912332, 0.847956, B
0.793129, 0.137832, 0.014125, 2.021896, 1.920801, C
1.124094, 0.144976, 0.018214, 2.585320, 2.559466, D
1.412168, 0.161112, 0.022212, 2.509260, 1.430278, E
0.453340, 0.151198, 0.020387, 4.986297, 4.234837, F
0.724490, 0.127076, 0.014004, 2.632789, 2.632789, G
0.736620, 0.128235, 0.016347, 4.087576, 3.870614, H
0.688203, 0.152089, 0.015412, 4.042147, 3.765268, I
0.726488, 0.141411, 0.019080, 2.240037, 1.978799, J
231682.251695
0.883466, 0.121199, 0.015201, 2.978407, 2.799702, A
1.690001, 0.145316, 0.018790, 1.912332, 1.778469, B
0.793129, 0.128883, 0.013764, 2.021896, 1.886120, C
1.124094, 0.124069, 0.014336, 2.585320, 2.585320, D
1.412168, 0.142050, 0.015994, 2.509260, 2.459075, E
0.453340, 0.155769, 0.019337, 4.986297, 3.782798, F
0.724490, 0.107066, 0.012981, 2.632789, 2.632789, G
0.736620, 0.138866, 0.019307, 4.087576, 2.581884, H
0.688203, 0.147596, 0.015944, 4.042147, 3.458072, I
0.726488, 0.138609, 0.016113, 2.240037, 1.999069, J
234278.581362
0.883466, 0.114929, 0.012403, 2.978407, 2.808555, A
1.690001, 0.128920, 0.014211, 1.912332, 1.870983, B
0.793129, 0.158056, 0.019623, 2.021896, 0.892632, C
1.124094, 0.112334, 0.015091, 2.585320, 2.404347, D
1.412168, 0.126980, 0.013517, 2.509260, 2.433983, E
0.453340, 0.129543, 0.013156, 4.986297, 4.986297, F
0.724490, 0.096550, 0.014231, 2.632789, 2.605349, G
0.736620, 0.174762, 0.023446, 4.087576, 1.423478, H
0.688203, 0.156715, 0.018813, 4.042147, 2.820175, I
0.726488, 0.133842, 0.014185, 2.240037, 1.960473, J
236699.208612
0.883466, 0.126350, 0.017283, 2.978407, 2.032621, A
1.690001, 0.119042, 0.011676, 1.912332, 1.874086, B
0.793129, 0.153619, 0.019139, 2.021896, 1.696525, C
1.124094, 0.106676, 0.016259, 2.585320, 2.418482, D
1.412168, 0.115375, 0.013233, 2.509260, 2.418034, E
0.453340, 0.113132, 0.011194, 4.986297, 4.936434, F
0.724490, 0.097353, 0.013552, 2.632789, 2.126228, G
0.736620, 0.147144, 0.017317, 4.087576, 4.087576, H
0.688203, 0.151609, 0.017728, 4.042147, 3.477783, I
0.726488, 0.127248, 0.013779, 2.240037, 2.050732, J
239411.058524
0.883466, 0.137399, 0.019778, 2.978407, 1.937968, A
1.690001, 0.120558, 0.015316, 1.912332, 1.611625, B
0.793129, 0.130958, 0.017539, 2.021896, 2.001677, C
1.124094, 0.108685, 0.017401, 2.585320, 2.179424, D
1.412168, 0.106724, 0.013741, 2.509260, 2.371228, E
0.453340, 0.115105, 0.013750, 4.986297, 3.995344, F
0.724490, 0.122076, 0.020029, 2.632789, 1.068741, G
0.736620, 0.122865, 0.014373, 4.087576, 4.087576, H
0.688203, 0.135020, 0.017205, 4.042147, 3.863033, I
0.726488, 0.130401, 0.015488, 2.240037, 1.791201, J
241901.840214
0.883466, 0.129722, 0.017004, 2.978407, 2.775387, A
1.690001, 0.125539, 0.018348, 1.912332, 1.484077, B
0.793129, 0.109708, 0.014414, 2.021896, 2.021896, C
1.124094, 0.115270, 0.018124, 2.585320, 1.888191, D
1.412168, 0.109308, 0.015301, 2.509260, 2.047380, E
0.453340, 0.136850, 0.019366, 4.986297, 2.361871, F
0.724490, 0.157299, 0.026640, 2.632789, 0.938776, G
0.736620, 0.104642, 0.012686, 4.087576, 4.087576, H
0.688203, 0.114223, 0.013756, 4.042147, 4.001725, I
0.726488, 0.130439, 0.014016, 2.240037, 1.818847, J
244244.412829
0.883466, 0.122791, 0.012314, 2.978407, 2.790682, A
1.690001, 0.131477, 0.017547, 1.912332, 1.482268, B
0.793129, 0.091869, 0.012411, 2.021896, 2.021896, C
1.124094, 0.124215, 0.019106, 2.585320, 1.967627, D
1.412168, 0.120222, 0.016766, 2.509260, 1.626583, E
0.453340, 0.157127, 0.020668, 4.986297, 2.514296, F
0.724490, 0.131320, 0.019481, 2.632789, 2.606461, G
0.736620, 0.097027, 0.012951, 4.087576, 3.774697, H
0.688203, 0.099020, 0.011937, 4.042147, 4.014713, I
0.726488, 0.131909, 0.016537, 2.240037, 1.859019, J
246710.237057
0.883466, 0.119007, 0.014046, 2.978407, 2.591214, A
1.690001, 0.145258, 0.017504, 1.912332, 1.286401, B
0.793129, 0.077003, 0.011800, 2.021896, 2.001677, C
1.124094, 0.136507, 0.020018, 2.585320, 1.800001, D
1.412168, 0.134258, 0.018025, 2.509260, 1.496864, E
0.453340, 0.131089, 0.017288, 4.986297, 4.986297, F
0.724490, 0.110884, 0.016236, 2.632789, 2.632789, G
0.736620, 0.101201, 0.013960, 4.087576, 3.286692, H
0.688203, 0.093699, 0.012344, 4.042147, 3.697610, I
0.726488, 0.132296, 0.016021, 2.240037, 1.911699, J
249279.361391
0.883466, 0.115962, 0.014143, 2.978407, 2.518500, A
1.690001, 0.128099, 0.015634, 1.912332, 1.874086, B
0.793129, 0.068179, 0.010044, 2.021896, 2.001677, C
1.124094, 0.135321, 0.015934, 2.585320, 2.183444, D
1.412168, 0.127376, 0.013649, 2.509260, 2.333612, E
0.453340, 0.108253, 0.014156, 4.986297, 4.936434, F
0.724490, 0.097619, 0.013451, 2.632789, 2.606461, G
0.736620, 0.133785, 0.017557, 4.087576, 1.057392, H
0.688203, 0.095891, 0.012448, 4.042147, 3.107139, I
0.726488, 0.126144, 0.015190, 2.240037, 2.060834, J
251747.319264
