amtProduced_need, avg_price, sd, consumption_rate, char
1.236869, 3.187020, 0.911360, 2.978407,A
1.236869, 3.190055, 0.722325, 2.978407,A
1.236869, 3.035329, 0.531706, 2.978407,A
1.236869, 3.069317, 0.451556, 2.978407,A
1.236869, 2.857571, 0.331964, 2.978407,A
1.236869, 2.664953, 0.270350, 2.978407,A
1.236869, 2.542374, 0.265374, 2.978407,A
1.236869, 2.370023, 0.243558, 2.978407,A
1.236869, 2.245477, 0.231249, 2.978407,A
1.236869, 2.110364, 0.216468, 2.978407,A
1.236869, 2.024349, 0.200119, 2.978407,A
1.236869, 1.795436, 0.171356, 2.978407,A
1.236869, 1.610556, 0.162116, 2.978407,A
1.236869, 1.426523, 0.147604, 2.978407,A
1.236869, 1.271320, 0.141228, 2.978407,A
1.236869, 1.145934, 0.134092, 2.978407,A
1.236869, 1.024113, 0.125627, 2.978407,A
1.236869, 0.966603, 0.117679, 2.978407,A
1.236869, 0.887719, 0.103275, 2.978407,A
1.236869, 0.807216, 0.092699, 2.978407,A
1.236869, 0.752537, 0.087908, 2.978407,A
1.236869, 0.683074, 0.072373, 2.978407,A
1.236869, 0.629364, 0.064229, 2.978407,A
1.236869, 0.555962, 0.061719, 2.978407,A
1.236869, 0.482562, 0.053804, 2.978407,A
1.236869, 0.418006, 0.049657, 2.978407,A
1.236869, 0.361087, 0.046521, 2.978407,A
1.236869, 0.314819, 0.044241, 2.978407,A
1.236869, 0.279314, 0.041424, 2.978407,A
1.236869, 0.249263, 0.038239, 2.978407,A
1.236869, 0.223232, 0.034682, 2.978407,A
1.236869, 0.201754, 0.031328, 2.978407,A
1.236869, 0.185105, 0.028348, 2.978407,A
1.236869, 0.168532, 0.023941, 2.978407,A
1.236869, 0.150819, 0.020700, 2.978407,A
1.236869, 0.132621, 0.017913, 2.978407,A
1.236869, 0.115937, 0.016527, 2.978407,A
1.236869, 0.100930, 0.014724, 2.978407,A
1.236869, 0.087986, 0.013101, 2.978407,A
1.236869, 0.077235, 0.011725, 2.978407,A
1.236869, 0.067956, 0.010193, 2.978407,A
1.236869, 0.059801, 0.008852, 2.978407,A
1.236869, 0.053254, 0.008037, 2.978407,A
1.236869, 0.047099, 0.007189, 2.978407,A
1.236869, 0.041752, 0.006708, 2.978407,A
1.236869, 0.035972, 0.005943, 2.978407,A
1.236869, 0.031051, 0.005277, 2.978407,A
1.236869, 0.026913, 0.004773, 2.978407,A
1.236869, 0.023363, 0.004210, 2.978407,A
1.236869, 0.020218, 0.003776, 2.978407,A
1.236869, 0.017588, 0.003345, 2.978407,A
1.236869, 0.015588, 0.002995, 2.978407,A
1.236869, 0.014001, 0.002778, 2.978407,A
1.236869, 0.012571, 0.002377, 2.978407,A
1.236869, 0.011298, 0.002117, 2.978407,A
1.236869, 0.010206, 0.001874, 2.978407,A
1.236869, 0.009022, 0.001484, 2.978407,A
1.236869, 0.007906, 0.001317, 2.978407,A
1.236869, 0.006892, 0.001121, 2.978407,A
1.236869, 0.005964, 0.000990, 2.978407,A
1.236869, 0.005190, 0.000869, 2.978407,A
1.236869, 0.004514, 0.000792, 2.978407,A
1.236869, 0.003872, 0.000677, 2.978407,A
1.236869, 0.003343, 0.000611, 2.978407,A
1.236869, 0.002890, 0.000539, 2.978407,A
1.236869, 0.002524, 0.000484, 2.978407,A
1.236869, 0.002213, 0.000417, 2.978407,A
1.236869, 0.001920, 0.000372, 2.978407,A
1.236869, 0.001680, 0.000337, 2.978407,A
1.236869, 0.001456, 0.000289, 2.978407,A
1.236869, 0.001267, 0.000251, 2.978407,A
1.236869, 0.001126, 0.000225, 2.978407,A
1.236869, 0.000984, 0.000193, 2.978407,A
1.236869, 0.000857, 0.000169, 2.978407,A
1.236869, 0.000745, 0.000147, 2.978407,A
1.236869, 0.000664, 0.000132, 2.978407,A
1.236869, 0.000582, 0.000119, 2.978407,A
1.236869, 0.000508, 0.000105, 2.978407,A
1.236869, 0.000438, 0.000094, 2.978407,A
1.236869, 0.000371, 0.000081, 2.978407,A
1.236869, 0.000319, 0.000071, 2.978407,A
1.236869, 0.000273, 0.000061, 2.978407,A
1.236869, 0.000237, 0.000054, 2.978407,A
1.236869, 0.000206, 0.000047, 2.978407,A
1.236869, 0.000183, 0.000041, 2.978407,A
1.236869, 0.000162, 0.000036, 2.978407,A
1.236869, 0.000143, 0.000031, 2.978407,A
1.236869, 0.000125, 0.000026, 2.978407,A
1.236869, 0.000109, 0.000024, 2.978407,A
1.236869, 0.000094, 0.000020, 2.978407,A
1.236869, 0.000080, 0.000017, 2.978407,A
1.236869, 0.000069, 0.000015, 2.978407,A
1.236869, 0.000060, 0.000014, 2.978407,A
1.236869, 0.000051, 0.000012, 2.978407,A
1.236869, 0.000044, 0.000010, 2.978407,A
1.236869, 0.000038, 0.000009, 2.978407,A
1.236869, 0.000033, 0.000008, 2.978407,A
1.236869, 0.000029, 0.000007, 2.978407,A
1.236869, 0.000025, 0.000006, 2.978407,A
1.236869, 0.000022, 0.000005, 2.978407,A
1.236869, 0.000019, 0.000004, 2.978407,A
1.236869, 0.000016, 0.000004, 2.978407,A
1.236869, 0.000015, 0.000003, 2.978407,A
1.236869, 0.000013, 0.000003, 2.978407,A
1.236869, 0.000011, 0.000002, 2.978407,A
1.236869, 0.000010, 0.000002, 2.978407,A
1.236869, 0.000008, 0.000002, 2.978407,A
1.236869, 0.000007, 0.000002, 2.978407,A
1.236869, 0.000006, 0.000001, 2.978407,A
1.236869, 0.000005, 0.000001, 2.978407,A
1.236869, 0.000005, 0.000001, 2.978407,A
1.236869, 0.000004, 0.000001, 2.978407,A
1.236869, 0.000003, 0.000001, 2.978407,A
1.236869, 0.000003, 0.000001, 2.978407,A
1.236869, 0.000003, 0.000001, 2.978407,A
1.236869, 0.000002, 0.000000, 2.978407,A
1.236869, 0.000002, 0.000000, 2.978407,A
1.236869, 0.000002, 0.000000, 2.978407,A
1.236869, 0.000001, 0.000000, 2.978407,A
1.236869, 0.000001, 0.000000, 2.978407,A
1.236869, 0.000001, 0.000000, 2.978407,A
1.236869, 0.000001, 0.000000, 2.978407,A
1.236869, 0.000001, 0.000000, 2.978407,A
1.236869, 0.000001, 0.000000, 2.978407,A
1.236869, 0.000001, 0.000000, 2.978407,A
1.236869, 0.000000, 0.000000, 2.978407,A
1.236869, 0.000000, 0.000000, 2.978407,A
1.236869, 0.000000, 0.000000, 2.978407,A
1.236869, 0.000000, 0.000000, 2.978407,A
1.236869, 0.000000, 0.000000, 2.978407,A
1.236869, 0.000000, 0.000000, 2.978407,A
1.236869, 0.000000, 0.000000, 2.978407,A
1.236869, 0.000000, 0.000000, 2.978407,A
1.236869, 0.000000, 0.000000, 2.978407,A
1.236869, 0.000000, 0.000000, 2.978407,A
1.236869, 0.000000, 0.000000, 2.978407,A
1.236869, 0.000000, 0.000000, 2.978407,A
1.236869, 0.000000, 0.000000, 2.978407,A
1.236869, 0.000000, 0.000000, 2.978407,A
1.236869, 0.000000, 0.000000, 2.978407,A
1.236869, 0.000000, 0.000000, 2.978407,A
1.236869, 0.000000, 0.000000, 2.978407,A
1.236869, 0.000000, 0.000000, 2.978407,A
1.236869, 0.000000, 0.000000, 2.978407,A
1.236869, 0.000000, 0.000000, 2.978407,A
1.236869, 0.000000, 0.000000, 2.978407,A
1.236869, 0.000000, 0.000000, 2.978407,A
1.236869, 0.000000, 0.000000, 2.978407,A
1.236869, 0.000000, 0.000000, 2.978407,A
1.236869, 0.000000, 0.000000, 2.978407,A
