amtProduced_need, avg_price, sd, consumption_rate, avg_def, char
1.127113, 3.235321, 1.078733, 2.509260, 9.250000, E
1.127113, 3.238055, 0.893208, 2.509260, 8.850000, E
1.127113, 3.234670, 0.760883, 2.509260, 8.590000, E
1.127113, 3.254029, 0.641086, 2.509260, 8.420000, E
1.127113, 3.311643, 0.592481, 2.509260, 8.280000, E
1.127113, 3.397291, 0.533384, 2.509260, 8.260000, E
1.127113, 3.409219, 0.463163, 2.509260, 8.100000, E
1.127113, 3.327436, 0.387648, 2.509260, 8.030000, E
1.127113, 3.246705, 0.339293, 2.509260, 7.920000, E
1.127113, 3.170400, 0.302287, 2.509260, 7.700000, E
1.127113, 3.126890, 0.297577, 2.509260, 7.650000, E
1.127113, 3.052646, 0.300206, 2.509260, 7.430000, E
1.127113, 2.980379, 0.272936, 2.509260, 7.280000, E
1.127113, 2.933345, 0.279775, 2.509260, 7.310000, E
1.127113, 2.858323, 0.275520, 2.509260, 7.210000, E
1.127113, 2.796063, 0.267460, 2.509260, 7.330000, E
1.127113, 2.731173, 0.255982, 2.509260, 7.220000, E
1.127113, 2.656762, 0.246051, 2.509260, 7.200000, E
1.127113, 2.615689, 0.255160, 2.509260, 7.230000, E
1.127113, 2.527328, 0.235745, 2.509260, 7.260000, E
1.127113, 2.455972, 0.221140, 2.509260, 7.340000, E
1.127113, 2.397434, 0.213341, 2.509260, 7.180000, E
1.127113, 2.305423, 0.192129, 2.509260, 7.230000, E
1.127113, 2.243716, 0.207889, 2.509260, 7.170000, E
1.127113, 2.188754, 0.202305, 2.509260, 7.080000, E
1.127113, 2.152766, 0.205243, 2.509260, 7.150000, E
1.127113, 2.133343, 0.203798, 2.509260, 7.150000, E
1.127113, 2.089874, 0.188501, 2.509260, 7.210000, E
1.127113, 2.013883, 0.164330, 2.509260, 7.040000, E
1.127113, 1.940079, 0.167260, 2.509260, 7.020000, E
1.127113, 1.894468, 0.181793, 2.509260, 7.090000, E
1.127113, 1.849849, 0.193812, 2.509260, 7.140000, E
1.127113, 1.780249, 0.195071, 2.509260, 7.130000, E
1.127113, 1.726606, 0.190151, 2.509260, 7.010000, E
1.127113, 1.660277, 0.193686, 2.509260, 6.980000, E
1.127113, 1.589270, 0.175524, 2.509260, 6.920000, E
1.127113, 1.534635, 0.166012, 2.509260, 7.070000, E
1.127113, 1.493624, 0.151535, 2.509260, 6.980000, E
1.127113, 1.478237, 0.142441, 2.509260, 7.040000, E
1.127113, 1.480094, 0.126327, 2.509260, 7.150000, E
1.127113, 1.440216, 0.118864, 2.509260, 7.140000, E
1.127113, 1.400249, 0.118240, 2.509260, 7.120000, E
1.127113, 1.358219, 0.116700, 2.509260, 7.180000, E
1.127113, 1.293938, 0.118743, 2.509260, 7.090000, E
1.127113, 1.247064, 0.124422, 2.509260, 7.110000, E
1.127113, 1.197645, 0.119733, 2.509260, 7.070000, E
1.127113, 1.174416, 0.127339, 2.509260, 7.070000, E
1.127113, 1.155509, 0.130886, 2.509260, 7.010000, E
1.127113, 1.136664, 0.128482, 2.509260, 6.930000, E
1.127113, 1.093555, 0.119777, 2.509260, 7.060000, E
1.127113, 1.059340, 0.112733, 2.509260, 7.070000, E
1.127113, 1.026329, 0.100359, 2.509260, 7.000000, E
1.127113, 0.998289, 0.099716, 2.509260, 6.920000, E
1.127113, 0.986320, 0.097140, 2.509260, 6.970000, E
1.127113, 0.958214, 0.093784, 2.509260, 6.890000, E
1.127113, 0.941998, 0.097242, 2.509260, 6.890000, E
1.127113, 0.918425, 0.088844, 2.509260, 6.930000, E
1.127113, 0.883532, 0.083798, 2.509260, 7.070000, E
1.127113, 0.853008, 0.083102, 2.509260, 6.930000, E
1.127113, 0.820278, 0.074683, 2.509260, 6.980000, E
1.127113, 0.797898, 0.073707, 2.509260, 6.950000, E
1.127113, 0.780135, 0.076399, 2.509260, 6.990000, E
1.127113, 0.747150, 0.077445, 2.509260, 6.950000, E
1.127113, 0.722025, 0.078445, 2.509260, 6.920000, E
1.127113, 0.692978, 0.070322, 2.509260, 6.900000, E
1.127113, 0.680435, 0.077553, 2.509260, 6.930000, E
1.127113, 0.655717, 0.072353, 2.509260, 6.940000, E
1.127113, 0.645751, 0.076253, 2.509260, 7.070000, E
1.127113, 0.631862, 0.076606, 2.509260, 7.000000, E
1.127113, 0.613944, 0.072455, 2.509260, 6.950000, E
1.127113, 0.601984, 0.072659, 2.509260, 6.920000, E
1.127113, 0.585027, 0.064939, 2.509260, 6.940000, E
1.127113, 0.568302, 0.058901, 2.509260, 6.890000, E
1.127113, 0.543142, 0.053940, 2.509260, 6.890000, E
1.127113, 0.519523, 0.049942, 2.509260, 6.870000, E
1.127113, 0.504909, 0.050859, 2.509260, 7.080000, E
1.127113, 0.498267, 0.053709, 2.509260, 7.000000, E
1.127113, 0.484444, 0.052496, 2.509260, 7.020000, E
1.127113, 0.472708, 0.049991, 2.509260, 7.030000, E
1.127113, 0.455359, 0.046556, 2.509260, 6.910000, E
1.127113, 0.441362, 0.048083, 2.509260, 6.890000, E
1.127113, 0.424929, 0.045558, 2.509260, 6.750000, E
1.127113, 0.406479, 0.044103, 2.509260, 6.680000, E
1.127113, 0.392717, 0.044528, 2.509260, 6.760000, E
1.127113, 0.372692, 0.041411, 2.509260, 6.830000, E
1.127113, 0.361260, 0.040025, 2.509260, 6.970000, E
1.127113, 0.352933, 0.041705, 2.509260, 6.850000, E
1.127113, 0.347478, 0.042642, 2.509260, 7.000000, E
1.127113, 0.344426, 0.040990, 2.509260, 6.990000, E
1.127113, 0.335920, 0.037803, 2.509260, 6.930000, E
1.127113, 0.325326, 0.036350, 2.509260, 6.910000, E
1.127113, 0.316484, 0.035262, 2.509260, 6.870000, E
1.127113, 0.305420, 0.033414, 2.509260, 6.870000, E
1.127113, 0.293715, 0.032458, 2.509260, 6.850000, E
1.127113, 0.283909, 0.032578, 2.509260, 6.880000, E
1.127113, 0.270155, 0.031974, 2.509260, 6.850000, E
1.127113, 0.259383, 0.029784, 2.509260, 6.930000, E
1.127113, 0.254240, 0.030204, 2.509260, 6.870000, E
1.127113, 0.248916, 0.029700, 2.509260, 6.910000, E
1.127113, 0.246485, 0.028722, 2.509260, 6.990000, E
