amtProduced_need, avg_price, sd, consumption_rate, avg_def, char
2.501958, 3.180637, 1.038190, 2.240037, 9.250000, J
2.501958, 3.171804, 0.850454, 2.240037, 8.850000, J
2.501958, 3.140445, 0.673008, 2.240037, 8.590000, J
2.501958, 3.192617, 0.583139, 2.240037, 8.420000, J
2.501958, 3.257308, 0.510036, 2.240037, 8.280000, J
2.501958, 3.338967, 0.462553, 2.240037, 8.260000, J
2.501958, 3.300380, 0.394019, 2.240037, 8.100000, J
2.501958, 3.270453, 0.353967, 2.240037, 8.030000, J
2.501958, 3.192703, 0.313424, 2.240037, 7.920000, J
2.501958, 3.164472, 0.319104, 2.240037, 7.700000, J
2.501958, 3.105498, 0.306484, 2.240037, 7.650000, J
2.501958, 3.109195, 0.319821, 2.240037, 7.430000, J
2.501958, 3.097429, 0.322451, 2.240037, 7.280000, J
2.501958, 2.994955, 0.305363, 2.240037, 7.310000, J
2.501958, 2.870550, 0.285707, 2.240037, 7.210000, J
2.501958, 2.753751, 0.268342, 2.240037, 7.330000, J
2.501958, 2.681528, 0.256694, 2.240037, 7.220000, J
2.501958, 2.617365, 0.267749, 2.240037, 7.200000, J
2.501958, 2.535223, 0.258574, 2.240037, 7.230000, J
2.501958, 2.501380, 0.269295, 2.240037, 7.260000, J
2.501958, 2.475476, 0.250921, 2.240037, 7.340000, J
2.501958, 2.430819, 0.235196, 2.240037, 7.180000, J
2.501958, 2.325484, 0.219346, 2.240037, 7.230000, J
2.501958, 2.257731, 0.214944, 2.240037, 7.170000, J
2.501958, 2.165427, 0.205501, 2.240037, 7.080000, J
2.501958, 2.092175, 0.209551, 2.240037, 7.150000, J
2.501958, 2.035726, 0.205699, 2.240037, 7.150000, J
2.501958, 2.011255, 0.215664, 2.240037, 7.210000, J
2.501958, 1.980644, 0.206955, 2.240037, 7.040000, J
2.501958, 1.940961, 0.205708, 2.240037, 7.020000, J
2.501958, 1.891186, 0.192793, 2.240037, 7.090000, J
2.501958, 1.833468, 0.183992, 2.240037, 7.140000, J
2.501958, 1.778391, 0.165934, 2.240037, 7.130000, J
2.501958, 1.708804, 0.148025, 2.240037, 7.010000, J
2.501958, 1.660890, 0.144976, 2.240037, 6.980000, J
2.501958, 1.616153, 0.138998, 2.240037, 6.920000, J
2.501958, 1.553451, 0.145114, 2.240037, 7.070000, J
2.501958, 1.492489, 0.137893, 2.240037, 6.980000, J
2.501958, 1.439249, 0.145875, 2.240037, 7.040000, J
2.501958, 1.412004, 0.140754, 2.240037, 7.150000, J
2.501958, 1.385154, 0.144124, 2.240037, 7.140000, J
2.501958, 1.369245, 0.144618, 2.240037, 7.120000, J
2.501958, 1.336552, 0.146090, 2.240037, 7.180000, J
2.501958, 1.281380, 0.139833, 2.240037, 7.090000, J
2.501958, 1.255747, 0.143993, 2.240037, 7.110000, J
2.501958, 1.224893, 0.139333, 2.240037, 7.070000, J
2.501958, 1.179680, 0.125585, 2.240037, 7.070000, J
2.501958, 1.141648, 0.123516, 2.240037, 7.010000, J
2.501958, 1.117353, 0.126125, 2.240037, 6.930000, J
2.501958, 1.093795, 0.122218, 2.240037, 7.060000, J
2.501958, 1.064116, 0.121401, 2.240037, 7.070000, J
2.501958, 1.026880, 0.115143, 2.240037, 7.000000, J
2.501958, 1.003125, 0.114396, 2.240037, 6.920000, J
2.501958, 0.966188, 0.108939, 2.240037, 6.970000, J
2.501958, 0.928850, 0.102997, 2.240037, 6.890000, J
2.501958, 0.884733, 0.099827, 2.240037, 6.890000, J
2.501958, 0.853861, 0.089946, 2.240037, 6.930000, J
2.501958, 0.840483, 0.090144, 2.240037, 7.070000, J
2.501958, 0.829186, 0.090772, 2.240037, 6.930000, J
2.501958, 0.818962, 0.089897, 2.240037, 6.980000, J
2.501958, 0.806941, 0.086618, 2.240037, 6.950000, J
2.501958, 0.775385, 0.080315, 2.240037, 6.990000, J
2.501958, 0.741646, 0.072071, 2.240037, 6.950000, J
2.501958, 0.705472, 0.067262, 2.240037, 6.920000, J
2.501958, 0.677579, 0.065127, 2.240037, 6.900000, J
2.501958, 0.656257, 0.064760, 2.240037, 6.930000, J
2.501958, 0.645125, 0.067805, 2.240037, 6.940000, J
2.501958, 0.641534, 0.068437, 2.240037, 7.070000, J
2.501958, 0.627874, 0.068575, 2.240037, 7.000000, J
2.501958, 0.615916, 0.066377, 2.240037, 6.950000, J
2.501958, 0.592680, 0.066716, 2.240037, 6.920000, J
2.501958, 0.569076, 0.062042, 2.240037, 6.940000, J
2.501958, 0.552967, 0.060390, 2.240037, 6.890000, J
2.501958, 0.538044, 0.058969, 2.240037, 6.890000, J
2.501958, 0.527838, 0.060024, 2.240037, 6.870000, J
2.501958, 0.509687, 0.058474, 2.240037, 7.080000, J
2.501958, 0.495593, 0.055226, 2.240037, 7.000000, J
2.501958, 0.474893, 0.054288, 2.240037, 7.020000, J
2.501958, 0.455789, 0.051200, 2.240037, 7.030000, J
2.501958, 0.446372, 0.048329, 2.240037, 6.910000, J
2.501958, 0.432796, 0.041935, 2.240037, 6.890000, J
2.501958, 0.416369, 0.040311, 2.240037, 6.750000, J
2.501958, 0.402031, 0.036222, 2.240037, 6.680000, J
2.501958, 0.394166, 0.039266, 2.240037, 6.760000, J
2.501958, 0.384432, 0.038170, 2.240037, 6.830000, J
2.501958, 0.376336, 0.038867, 2.240037, 6.970000, J
2.501958, 0.367627, 0.042103, 2.240037, 6.850000, J
2.501958, 0.346568, 0.039604, 2.240037, 7.000000, J
2.501958, 0.328213, 0.039280, 2.240037, 6.990000, J
2.501958, 0.313275, 0.038386, 2.240037, 6.930000, J
2.501958, 0.296012, 0.036704, 2.240037, 6.910000, J
2.501958, 0.284312, 0.035778, 2.240037, 6.870000, J
2.501958, 0.274170, 0.035107, 2.240037, 6.870000, J
2.501958, 0.266815, 0.033867, 2.240037, 6.850000, J
2.501958, 0.265638, 0.035564, 2.240037, 6.880000, J
2.501958, 0.266044, 0.035014, 2.240037, 6.850000, J
2.501958, 0.264707, 0.033441, 2.240037, 6.930000, J
2.501958, 0.259722, 0.030247, 2.240037, 6.870000, J
2.501958, 0.252042, 0.027030, 2.240037, 6.910000, J
2.501958, 0.241263, 0.023790, 2.240037, 6.990000, J
