amount produced/need, avg price, sd, consumption_rate, avg def comm, char
 year: 1
0.387918, 3.157405, 1.052074, 2.978407, 9.250000, A
1.044679, 3.032122, 1.086951, 1.912332, 9.250000, B
1.464701, 3.222291, 0.956980, 2.021896, 9.250000, C
1.168551, 3.275981, 1.069065, 2.585320, 9.250000, D
1.127113, 3.235321, 1.078733, 2.509260, 9.250000, E
0.671035, 3.177690, 1.039077, 4.986297, 9.250000, F
0.772478, 3.129325, 1.006092, 2.632789, 9.250000, G
0.516535, 3.133444, 1.143562, 4.087576, 9.250000, H
0.637623, 3.076140, 1.017886, 4.042147, 9.250000, I
2.501958, 3.180637, 1.038190, 2.240037, 9.250000, J
amount produced/need, avg price, sd, consumption_rate, avg def comm, char
 year: 2
0.387918, 3.193229, 0.893905, 2.978407, 8.850000, A
1.044679, 3.107428, 0.961632, 1.912332, 8.850000, B
1.464701, 3.354384, 0.918393, 2.021896, 8.850000, C
1.168551, 3.310740, 0.908588, 2.585320, 8.850000, D
1.127113, 3.238055, 0.893208, 2.509260, 8.850000, E
0.671035, 3.298768, 0.913039, 4.986297, 8.850000, F
0.772478, 3.213412, 0.887818, 2.632789, 8.850000, G
0.516535, 3.287404, 1.060257, 4.087576, 8.850000, H
0.637623, 3.260790, 0.977843, 4.042147, 8.850000, I
2.501958, 3.171804, 0.850454, 2.240037, 8.850000, J
amount produced/need, avg price, sd, consumption_rate, avg def comm, char
 year: 3
0.387918, 3.243488, 0.795803, 2.978407, 8.590000, A
1.044679, 3.160758, 0.858036, 1.912332, 8.590000, B
1.464701, 3.321187, 0.760616, 2.021896, 8.590000, C
1.168551, 3.319522, 0.740997, 2.585320, 8.590000, D
1.127113, 3.234670, 0.760883, 2.509260, 8.590000, E
0.671035, 3.389977, 0.784867, 4.986297, 8.590000, F
0.772478, 3.180881, 0.706138, 2.632789, 8.590000, G
0.516535, 3.356998, 0.951577, 4.087576, 8.590000, H
0.637623, 3.441225, 0.900092, 4.042147, 8.590000, I
2.501958, 3.140445, 0.673008, 2.240037, 8.590000, J
amount produced/need, avg price, sd, consumption_rate, avg def comm, char
 year: 4
0.387918, 3.331857, 0.678343, 2.978407, 8.420000, A
1.044679, 3.082270, 0.691272, 1.912332, 8.420000, B
1.464701, 3.279402, 0.633206, 2.021896, 8.420000, C
1.168551, 3.376825, 0.636336, 2.585320, 8.420000, D
1.127113, 3.254029, 0.641086, 2.509260, 8.420000, E
0.671035, 3.420397, 0.677912, 4.986297, 8.420000, F
0.772478, 3.198176, 0.598764, 2.632789, 8.420000, G
0.516535, 3.348781, 0.782816, 4.087576, 8.420000, H
0.637623, 3.502893, 0.779876, 4.042147, 8.420000, I
2.501958, 3.192617, 0.583139, 2.240037, 8.420000, J
amount produced/need, avg price, sd, consumption_rate, avg def comm, char
 year: 5
0.387918, 3.435500, 0.629802, 2.978407, 8.280000, A
1.044679, 3.074345, 0.569805, 1.912332, 8.280000, B
1.464701, 3.295903, 0.519471, 2.021896, 8.280000, C
1.168551, 3.342827, 0.526516, 2.585320, 8.280000, D
1.127113, 3.311643, 0.592481, 2.509260, 8.280000, E
0.671035, 3.454857, 0.580045, 4.986297, 8.280000, F
0.772478, 3.228604, 0.527901, 2.632789, 8.280000, G
0.516535, 3.352787, 0.665936, 4.087576, 8.280000, H
0.637623, 3.521427, 0.658912, 4.042147, 8.280000, I
2.501958, 3.257308, 0.510036, 2.240037, 8.280000, J
amount produced/need, avg price, sd, consumption_rate, avg def comm, char
 year: 6
0.387918, 3.387577, 0.513086, 2.978407, 8.260000, A
1.044679, 3.007790, 0.484805, 1.912332, 8.260000, B
1.464701, 3.279325, 0.442601, 2.021896, 8.260000, C
1.168551, 3.343250, 0.465008, 2.585320, 8.260000, D
1.127113, 3.397291, 0.533384, 2.509260, 8.260000, E
0.671035, 3.463110, 0.486459, 4.986297, 8.260000, F
0.772478, 3.286213, 0.459062, 2.632789, 8.260000, G
0.516535, 3.353391, 0.552692, 4.087576, 8.260000, H
0.637623, 3.418943, 0.516735, 4.042147, 8.260000, I
2.501958, 3.338967, 0.462553, 2.240037, 8.260000, J
amount produced/need, avg price, sd, consumption_rate, avg def comm, char
 year: 7
0.387918, 3.336168, 0.434722, 2.978407, 8.100000, A
1.044679, 3.012080, 0.431604, 1.912332, 8.100000, B
1.464701, 3.255472, 0.381825, 2.021896, 8.100000, C
1.168551, 3.365813, 0.402380, 2.585320, 8.100000, D
1.127113, 3.409219, 0.463163, 2.509260, 8.100000, E
0.671035, 3.550504, 0.430436, 4.986297, 8.100000, F
0.772478, 3.363365, 0.396371, 2.632789, 8.100000, G
0.516535, 3.360886, 0.465174, 4.087576, 8.100000, H
0.637623, 3.330967, 0.429004, 4.042147, 8.100000, I
2.501958, 3.300380, 0.394019, 2.240037, 8.100000, J
amount produced/need, avg price, sd, consumption_rate, avg def comm, char
 year: 8
0.387918, 3.239937, 0.353081, 2.978407, 8.030000, A
1.044679, 2.982747, 0.376977, 1.912332, 8.030000, B
1.464701, 3.230364, 0.331951, 2.021896, 8.030000, C
1.168551, 3.354043, 0.340908, 2.585320, 8.030000, D
1.127113, 3.327436, 0.387648, 2.509260, 8.030000, E
0.671035, 3.462345, 0.356316, 4.986297, 8.030000, F
0.772478, 3.429017, 0.393744, 2.632789, 8.030000, G
0.516535, 3.420444, 0.420417, 4.087576, 8.030000, H
0.637623, 3.345314, 0.387921, 4.042147, 8.030000, I
2.501958, 3.270453, 0.353967, 2.240037, 8.030000, J
amount produced/need, avg price, sd, consumption_rate, avg def comm, char
 year: 9
0.387918, 3.297360, 0.350154, 2.978407, 7.920000, A
1.044679, 3.012130, 0.346375, 1.912332, 7.920000, B
1.464701, 3.244171, 0.338969, 2.021896, 7.920000, C
1.168551, 3.308857, 0.296414, 2.585320, 7.920000, D
1.127113, 3.246705, 0.339293, 2.509260, 7.920000, E
0.671035, 3.378288, 0.327227, 4.986297, 7.920000, F
0.772478, 3.367138, 0.365105, 2.632789, 7.920000, G
0.516535, 3.393952, 0.374405, 4.087576, 7.920000, H
0.637623, 3.363039, 0.346666, 4.042147, 7.920000, I
2.501958, 3.192703, 0.313424, 2.240037, 7.920000, J
amount produced/need, avg price, sd, consumption_rate, avg def comm, char
 year: 10
0.387918, 3.276146, 0.340797, 2.978407, 7.700000, A
1.044679, 3.108507, 0.325999, 1.912332, 7.700000, B
1.464701, 3.224497, 0.335231, 2.021896, 7.700000, C
1.168551, 3.247775, 0.257982, 2.585320, 7.700000, D
1.127113, 3.170400, 0.302287, 2.509260, 7.700000, E
0.671035, 3.325254, 0.307789, 4.986297, 7.700000, F
0.772478, 3.284126, 0.318690, 2.632789, 7.700000, G
0.516535, 3.291695, 0.341585, 4.087576, 7.700000, H
0.637623, 3.325328, 0.321593, 4.042147, 7.700000, I
2.501958, 3.164472, 0.319104, 2.240037, 7.700000, J
amount produced/need, avg price, sd, consumption_rate, avg def comm, char
 year: 11
0.387918, 3.221811, 0.309857, 2.978407, 7.650000, A
1.044679, 3.196423, 0.340835, 1.912332, 7.650000, B
1.464701, 3.158072, 0.314100, 2.021896, 7.650000, C
1.168551, 3.151262, 0.240625, 2.585320, 7.650000, D
1.127113, 3.126890, 0.297577, 2.509260, 7.650000, E
0.671035, 3.303614, 0.295542, 4.986297, 7.650000, F
0.772478, 3.155504, 0.294613, 2.632789, 7.650000, G
0.516535, 3.218755, 0.307726, 4.087576, 7.650000, H
0.637623, 3.298859, 0.305578, 4.042147, 7.650000, I
2.501958, 3.105498, 0.306484, 2.240037, 7.650000, J
amount produced/need, avg price, sd, consumption_rate, avg def comm, char
 year: 12
0.387918, 3.149610, 0.269161, 2.978407, 7.430000, A
1.044679, 3.109012, 0.270275, 1.912332, 7.430000, B
1.464701, 3.112816, 0.293305, 2.021896, 7.430000, C
1.168551, 3.126014, 0.254062, 2.585320, 7.430000, D
1.127113, 3.052646, 0.300206, 2.509260, 7.430000, E
0.671035, 3.239723, 0.281980, 4.986297, 7.430000, F
0.772478, 3.038956, 0.274105, 2.632789, 7.430000, G
0.516535, 3.149876, 0.300643, 4.087576, 7.430000, H
0.637623, 3.239751, 0.287456, 4.042147, 7.430000, I
2.501958, 3.109195, 0.319821, 2.240037, 7.430000, J
amount produced/need, avg price, sd, consumption_rate, avg def comm, char
 year: 13
0.387918, 3.077824, 0.251098, 2.978407, 7.280000, A
1.044679, 3.032506, 0.232966, 1.912332, 7.280000, B
1.464701, 3.067843, 0.279086, 2.021896, 7.280000, C
1.168551, 3.049733, 0.263305, 2.585320, 7.280000, D
1.127113, 2.980379, 0.272936, 2.509260, 7.280000, E
0.671035, 3.155024, 0.251457, 4.986297, 7.280000, F
0.772478, 2.954241, 0.270033, 2.632789, 7.280000, G
0.516535, 3.068774, 0.274275, 4.087576, 7.280000, H
0.637623, 3.128540, 0.257833, 4.042147, 7.280000, I
2.501958, 3.097429, 0.322451, 2.240037, 7.280000, J
amount produced/need, avg price, sd, consumption_rate, avg def comm, char
 year: 14
0.387918, 2.992592, 0.237027, 2.978407, 7.310000, A
1.044679, 2.934662, 0.227574, 1.912332, 7.310000, B
1.464701, 2.979494, 0.259796, 2.021896, 7.310000, C
1.168551, 2.954837, 0.265856, 2.585320, 7.310000, D
1.127113, 2.933345, 0.279775, 2.509260, 7.310000, E
0.671035, 3.056803, 0.233142, 4.986297, 7.310000, F
0.772478, 2.925908, 0.270121, 2.632789, 7.310000, G
0.516535, 3.008106, 0.261829, 4.087576, 7.310000, H
0.637623, 3.053769, 0.277269, 4.042147, 7.310000, I
2.501958, 2.994955, 0.305363, 2.240037, 7.310000, J
amount produced/need, avg price, sd, consumption_rate, avg def comm, char
 year: 15
0.387918, 2.901847, 0.225898, 2.978407, 7.210000, A
1.044679, 2.846139, 0.225896, 1.912332, 7.210000, B
1.464701, 2.887040, 0.257704, 2.021896, 7.210000, C
1.168551, 2.871678, 0.266448, 2.585320, 7.210000, D
1.127113, 2.858323, 0.275520, 2.509260, 7.210000, E
0.671035, 2.987331, 0.223967, 4.986297, 7.210000, F
0.772478, 2.883786, 0.271669, 2.632789, 7.210000, G
0.516535, 2.988564, 0.258840, 4.087576, 7.210000, H
0.637623, 2.973216, 0.246238, 4.042147, 7.210000, I
2.501958, 2.870550, 0.285707, 2.240037, 7.210000, J
amount produced/need, avg price, sd, consumption_rate, avg def comm, char
 year: 16
0.387918, 2.827927, 0.250132, 2.978407, 7.330000, A
1.044679, 2.759888, 0.224379, 1.912332, 7.330000, B
1.464701, 2.783664, 0.246167, 2.021896, 7.330000, C
1.168551, 2.781384, 0.252343, 2.585320, 7.330000, D
1.127113, 2.796063, 0.267460, 2.509260, 7.330000, E
0.671035, 2.964479, 0.237187, 4.986297, 7.330000, F
0.772478, 2.825253, 0.248714, 2.632789, 7.330000, G
0.516535, 2.907972, 0.221182, 4.087576, 7.330000, H
0.637623, 2.897887, 0.225693, 4.042147, 7.330000, I
2.501958, 2.753751, 0.268342, 2.240037, 7.330000, J
amount produced/need, avg price, sd, consumption_rate, avg def comm, char
 year: 17
0.387918, 2.778994, 0.241908, 2.978407, 7.220000, A
1.044679, 2.698321, 0.227749, 1.912332, 7.220000, B
1.464701, 2.701515, 0.247117, 2.021896, 7.220000, C
1.168551, 2.674667, 0.236163, 2.585320, 7.220000, D
1.127113, 2.731173, 0.255982, 2.509260, 7.220000, E
0.671035, 2.827770, 0.208534, 4.986297, 7.220000, F
0.772478, 2.759028, 0.251321, 2.632789, 7.220000, G
0.516535, 2.842795, 0.207205, 4.087576, 7.220000, H
0.637623, 2.859185, 0.256770, 4.042147, 7.220000, I
2.501958, 2.681528, 0.256694, 2.240037, 7.220000, J
amount produced/need, avg price, sd, consumption_rate, avg def comm, char
 year: 18
0.387918, 2.730644, 0.242638, 2.978407, 7.200000, A
1.044679, 2.636859, 0.215334, 1.912332, 7.200000, B
1.464701, 2.619130, 0.249385, 2.021896, 7.200000, C
1.168551, 2.592281, 0.237009, 2.585320, 7.200000, D
1.127113, 2.656762, 0.246051, 2.509260, 7.200000, E
0.671035, 2.719064, 0.212938, 4.986297, 7.200000, F
0.772478, 2.707410, 0.241953, 2.632789, 7.200000, G
0.516535, 2.757090, 0.202284, 4.087576, 7.200000, H
0.637623, 2.764116, 0.244071, 4.042147, 7.200000, I
2.501958, 2.617365, 0.267749, 2.240037, 7.200000, J
amount produced/need, avg price, sd, consumption_rate, avg def comm, char
 year: 19
0.387918, 2.643308, 0.227181, 2.978407, 7.230000, A
1.044679, 2.580693, 0.225885, 1.912332, 7.230000, B
1.464701, 2.565735, 0.251690, 2.021896, 7.230000, C
1.168551, 2.542066, 0.229169, 2.585320, 7.230000, D
1.127113, 2.615689, 0.255160, 2.509260, 7.230000, E
0.671035, 2.660118, 0.214591, 4.986297, 7.230000, F
0.772478, 2.631361, 0.245417, 2.632789, 7.230000, G
0.516535, 2.651674, 0.200899, 4.087576, 7.230000, H
0.637623, 2.744320, 0.247243, 4.042147, 7.230000, I
2.501958, 2.535223, 0.258574, 2.240037, 7.230000, J
amount produced/need, avg price, sd, consumption_rate, avg def comm, char
 year: 20
0.387918, 2.560324, 0.212728, 2.978407, 7.260000, A
1.044679, 2.514762, 0.229425, 1.912332, 7.260000, B
1.464701, 2.503204, 0.250848, 2.021896, 7.260000, C
1.168551, 2.516143, 0.234125, 2.585320, 7.260000, D
1.127113, 2.527328, 0.235745, 2.509260, 7.260000, E
0.671035, 2.619355, 0.214461, 4.986297, 7.260000, F
0.772478, 2.544659, 0.242690, 2.632789, 7.260000, G
0.516535, 2.549507, 0.193656, 4.087576, 7.260000, H
0.637623, 2.614339, 0.234827, 4.042147, 7.260000, I
2.501958, 2.501380, 0.269295, 2.240037, 7.260000, J
amount produced/need, avg price, sd, consumption_rate, avg def comm, char
 year: 21
0.387918, 2.471828, 0.207780, 2.978407, 7.340000, A
1.044679, 2.450035, 0.223584, 1.912332, 7.340000, B
1.464701, 2.445433, 0.245564, 2.021896, 7.340000, C
1.168551, 2.472052, 0.235726, 2.585320, 7.340000, D
1.127113, 2.455972, 0.221140, 2.509260, 7.340000, E
0.671035, 2.594128, 0.210489, 4.986297, 7.340000, F
0.772478, 2.447230, 0.224152, 2.632789, 7.340000, G
0.516535, 2.476009, 0.200786, 4.087576, 7.340000, H
0.637623, 2.480943, 0.222515, 4.042147, 7.340000, I
2.501958, 2.475476, 0.250921, 2.240037, 7.340000, J
amount produced/need, avg price, sd, consumption_rate, avg def comm, char
 year: 22
0.387918, 2.391510, 0.206053, 2.978407, 7.180000, A
1.044679, 2.399280, 0.231815, 1.912332, 7.180000, B
1.464701, 2.357673, 0.240028, 2.021896, 7.180000, C
1.168551, 2.430590, 0.227444, 2.585320, 7.180000, D
1.127113, 2.397434, 0.213341, 2.509260, 7.180000, E
0.671035, 2.512370, 0.199734, 4.986297, 7.180000, F
0.772478, 2.371468, 0.213261, 2.632789, 7.180000, G
0.516535, 2.428970, 0.202776, 4.087576, 7.180000, H
0.637623, 2.402906, 0.224425, 4.042147, 7.180000, I
2.501958, 2.430819, 0.235196, 2.240037, 7.180000, J
amount produced/need, avg price, sd, consumption_rate, avg def comm, char
 year: 23
0.387918, 2.392429, 0.201245, 2.978407, 7.230000, A
1.044679, 2.336891, 0.230036, 1.912332, 7.230000, B
1.464701, 2.275925, 0.232651, 2.021896, 7.230000, C
1.168551, 2.349636, 0.219461, 2.585320, 7.230000, D
1.127113, 2.305423, 0.192129, 2.509260, 7.230000, E
0.671035, 2.415327, 0.184879, 4.986297, 7.230000, F
0.772478, 2.311201, 0.209779, 2.632789, 7.230000, G
0.516535, 2.402901, 0.216037, 4.087576, 7.230000, H
0.637623, 2.359288, 0.224565, 4.042147, 7.230000, I
2.501958, 2.325484, 0.219346, 2.240037, 7.230000, J
amount produced/need, avg price, sd, consumption_rate, avg def comm, char
 year: 24
0.387918, 2.307629, 0.186517, 2.978407, 7.170000, A
1.044679, 2.270411, 0.234720, 1.912332, 7.170000, B
1.464701, 2.224276, 0.233820, 2.021896, 7.170000, C
1.168551, 2.247753, 0.203772, 2.585320, 7.170000, D
1.127113, 2.243716, 0.207889, 2.509260, 7.170000, E
0.671035, 2.378188, 0.197342, 4.986297, 7.170000, F
0.772478, 2.251076, 0.205850, 2.632789, 7.170000, G
0.516535, 2.385073, 0.211889, 4.087576, 7.170000, H
0.637623, 2.332659, 0.225470, 4.042147, 7.170000, I
2.501958, 2.257731, 0.214944, 2.240037, 7.170000, J
amount produced/need, avg price, sd, consumption_rate, avg def comm, char
 year: 25
0.387918, 2.213488, 0.188307, 2.978407, 7.080000, A
1.044679, 2.207616, 0.237624, 1.912332, 7.080000, B
1.464701, 2.186903, 0.238492, 2.021896, 7.080000, C
1.168551, 2.193160, 0.209419, 2.585320, 7.080000, D
1.127113, 2.188754, 0.202305, 2.509260, 7.080000, E
0.671035, 2.282893, 0.190266, 4.986297, 7.080000, F
0.772478, 2.222481, 0.205676, 2.632789, 7.080000, G
0.516535, 2.300031, 0.195033, 4.087576, 7.080000, H
0.637623, 2.296665, 0.211962, 4.042147, 7.080000, I
2.501958, 2.165427, 0.205501, 2.240037, 7.080000, J
amount produced/need, avg price, sd, consumption_rate, avg def comm, char
 year: 26
0.387918, 2.140998, 0.193404, 2.978407, 7.150000, A
1.044679, 2.140822, 0.222120, 1.912332, 7.150000, B
1.464701, 2.132976, 0.220843, 2.021896, 7.150000, C
1.168551, 2.148818, 0.203341, 2.585320, 7.150000, D
1.127113, 2.152766, 0.205243, 2.509260, 7.150000, E
0.671035, 2.229049, 0.190638, 4.986297, 7.150000, F
0.772478, 2.198998, 0.208041, 2.632789, 7.150000, G
0.516535, 2.232726, 0.178415, 4.087576, 7.150000, H
0.637623, 2.216516, 0.195245, 4.042147, 7.150000, I
2.501958, 2.092175, 0.209551, 2.240037, 7.150000, J
amount produced/need, avg price, sd, consumption_rate, avg def comm, char
 year: 27
0.387918, 2.071374, 0.197319, 2.978407, 7.150000, A
1.044679, 2.052091, 0.214044, 1.912332, 7.150000, B
1.464701, 2.074096, 0.218399, 2.021896, 7.150000, C
1.168551, 2.105262, 0.210832, 2.585320, 7.150000, D
1.127113, 2.133343, 0.203798, 2.509260, 7.150000, E
0.671035, 2.182573, 0.187244, 4.986297, 7.150000, F
0.772478, 2.155276, 0.186735, 2.632789, 7.150000, G
0.516535, 2.133352, 0.179623, 4.087576, 7.150000, H
0.637623, 2.141548, 0.182577, 4.042147, 7.150000, I
2.501958, 2.035726, 0.205699, 2.240037, 7.150000, J
amount produced/need, avg price, sd, consumption_rate, avg def comm, char
 year: 28
0.387918, 2.038401, 0.201675, 2.978407, 7.210000, A
1.044679, 1.994887, 0.213219, 1.912332, 7.210000, B
1.464701, 2.028768, 0.212427, 2.021896, 7.210000, C
1.168551, 2.047180, 0.206459, 2.585320, 7.210000, D
1.127113, 2.089874, 0.188501, 2.509260, 7.210000, E
0.671035, 2.123720, 0.197576, 4.986297, 7.210000, F
0.772478, 2.084442, 0.175832, 2.632789, 7.210000, G
0.516535, 2.074412, 0.177314, 4.087576, 7.210000, H
0.637623, 2.100180, 0.200583, 4.042147, 7.210000, I
2.501958, 2.011255, 0.215664, 2.240037, 7.210000, J
amount produced/need, avg price, sd, consumption_rate, avg def comm, char
 year: 29
0.387918, 2.021523, 0.198788, 2.978407, 7.040000, A
1.044679, 1.922557, 0.211472, 1.912332, 7.040000, B
1.464701, 1.980674, 0.192791, 2.021896, 7.040000, C
1.168551, 1.978679, 0.198630, 2.585320, 7.040000, D
1.127113, 2.013883, 0.164330, 2.509260, 7.040000, E
0.671035, 2.061551, 0.189493, 4.986297, 7.040000, F
0.772478, 1.982640, 0.164158, 2.632789, 7.040000, G
0.516535, 2.044384, 0.180261, 4.087576, 7.040000, H
0.637623, 2.049314, 0.197747, 4.042147, 7.040000, I
2.501958, 1.980644, 0.206955, 2.240037, 7.040000, J
amount produced/need, avg price, sd, consumption_rate, avg def comm, char
 year: 30
0.387918, 1.975318, 0.189289, 2.978407, 7.020000, A
1.044679, 1.852621, 0.210848, 1.912332, 7.020000, B
1.464701, 1.919542, 0.191637, 2.021896, 7.020000, C
1.168551, 1.946305, 0.192946, 2.585320, 7.020000, D
1.127113, 1.940079, 0.167260, 2.509260, 7.020000, E
0.671035, 1.993335, 0.191489, 4.986297, 7.020000, F
0.772478, 1.905905, 0.166869, 2.632789, 7.020000, G
0.516535, 1.994722, 0.184378, 4.087576, 7.020000, H
0.637623, 1.972861, 0.195695, 4.042147, 7.020000, I
2.501958, 1.940961, 0.205708, 2.240037, 7.020000, J
amount produced/need, avg price, sd, consumption_rate, avg def comm, char
 year: 31
0.387918, 1.908364, 0.169771, 2.978407, 7.090000, A
1.044679, 1.810281, 0.213396, 1.912332, 7.090000, B
1.464701, 1.860457, 0.189270, 2.021896, 7.090000, C
1.168551, 1.862377, 0.182221, 2.585320, 7.090000, D
1.127113, 1.894468, 0.181793, 2.509260, 7.090000, E
0.671035, 1.972141, 0.194893, 4.986297, 7.090000, F
0.772478, 1.895758, 0.168103, 2.632789, 7.090000, G
0.516535, 1.929204, 0.166427, 4.087576, 7.090000, H
0.637623, 1.928617, 0.183667, 4.042147, 7.090000, I
2.501958, 1.891186, 0.192793, 2.240037, 7.090000, J
amount produced/need, avg price, sd, consumption_rate, avg def comm, char
 year: 32
0.387918, 1.867717, 0.166999, 2.978407, 7.140000, A
1.044679, 1.767565, 0.217472, 1.912332, 7.140000, B
1.464701, 1.793196, 0.195921, 2.021896, 7.140000, C
1.168551, 1.795112, 0.178121, 2.585320, 7.140000, D
1.127113, 1.849849, 0.193812, 2.509260, 7.140000, E
0.671035, 1.910862, 0.188832, 4.986297, 7.140000, F
0.772478, 1.858112, 0.180210, 2.632789, 7.140000, G
0.516535, 1.856739, 0.159782, 4.087576, 7.140000, H
0.637623, 1.894444, 0.180881, 4.042147, 7.140000, I
2.501958, 1.833468, 0.183992, 2.240037, 7.140000, J
amount produced/need, avg price, sd, consumption_rate, avg def comm, char
 year: 33
0.387918, 1.811805, 0.165331, 2.978407, 7.130000, A
1.044679, 1.736528, 0.215833, 1.912332, 7.130000, B
1.464701, 1.730155, 0.197140, 2.021896, 7.130000, C
1.168551, 1.732166, 0.185190, 2.585320, 7.130000, D
1.127113, 1.780249, 0.195071, 2.509260, 7.130000, E
0.671035, 1.863970, 0.188111, 4.986297, 7.130000, F
0.772478, 1.809290, 0.184968, 2.632789, 7.130000, G
0.516535, 1.808023, 0.169582, 4.087576, 7.130000, H
0.637623, 1.827184, 0.165832, 4.042147, 7.130000, I
2.501958, 1.778391, 0.165934, 2.240037, 7.130000, J
amount produced/need, avg price, sd, consumption_rate, avg def comm, char
 year: 34
0.387918, 1.729076, 0.157342, 2.978407, 7.010000, A
1.044679, 1.715039, 0.208748, 1.912332, 7.010000, B
1.464701, 1.686293, 0.199721, 2.021896, 7.010000, C
1.168551, 1.706887, 0.180655, 2.585320, 7.010000, D
1.127113, 1.726606, 0.190151, 2.509260, 7.010000, E
0.671035, 1.771551, 0.167044, 4.986297, 7.010000, F
0.772478, 1.771599, 0.178746, 2.632789, 7.010000, G
0.516535, 1.769302, 0.169733, 4.087576, 7.010000, H
0.637623, 1.777363, 0.152859, 4.042147, 7.010000, I
2.501958, 1.708804, 0.148025, 2.240037, 7.010000, J
amount produced/need, avg price, sd, consumption_rate, avg def comm, char
 year: 35
0.387918, 1.668780, 0.158624, 2.978407, 6.980000, A
1.044679, 1.666897, 0.195242, 1.912332, 6.980000, B
1.464701, 1.629737, 0.191749, 2.021896, 6.980000, C
1.168551, 1.657586, 0.174878, 2.585320, 6.980000, D
1.127113, 1.660277, 0.193686, 2.509260, 6.980000, E
0.671035, 1.717941, 0.165067, 4.986297, 6.980000, F
0.772478, 1.717775, 0.171346, 2.632789, 6.980000, G
0.516535, 1.728446, 0.168913, 4.087576, 6.980000, H
0.637623, 1.738958, 0.150493, 4.042147, 6.980000, I
2.501958, 1.660890, 0.144976, 2.240037, 6.980000, J
amount produced/need, avg price, sd, consumption_rate, avg def comm, char
 year: 36
0.387918, 1.606273, 0.155125, 2.978407, 6.920000, A
1.044679, 1.612480, 0.176298, 1.912332, 6.920000, B
1.464701, 1.582802, 0.176194, 2.021896, 6.920000, C
1.168551, 1.615924, 0.167833, 2.585320, 6.920000, D
1.127113, 1.589270, 0.175524, 2.509260, 6.920000, E
0.671035, 1.664675, 0.160346, 4.986297, 6.920000, F
0.772478, 1.632539, 0.158927, 2.632789, 6.920000, G
0.516535, 1.664916, 0.160652, 4.087576, 6.920000, H
0.637623, 1.674827, 0.148515, 4.042147, 6.920000, I
2.501958, 1.616153, 0.138998, 2.240037, 6.920000, J
amount produced/need, avg price, sd, consumption_rate, avg def comm, char
 year: 37
0.387918, 1.556961, 0.158662, 2.978407, 7.070000, A
1.044679, 1.566593, 0.162519, 1.912332, 7.070000, B
1.464701, 1.545090, 0.175972, 2.021896, 7.070000, C
1.168551, 1.585303, 0.171567, 2.585320, 7.070000, D
1.127113, 1.534635, 0.166012, 2.509260, 7.070000, E
0.671035, 1.632523, 0.154901, 4.986297, 7.070000, F
0.772478, 1.562295, 0.149084, 2.632789, 7.070000, G
0.516535, 1.602987, 0.161073, 4.087576, 7.070000, H
0.637623, 1.601995, 0.149349, 4.042147, 7.070000, I
2.501958, 1.553451, 0.145114, 2.240037, 7.070000, J
amount produced/need, avg price, sd, consumption_rate, avg def comm, char
 year: 38
0.387918, 1.519296, 0.154947, 2.978407, 6.980000, A
1.044679, 1.522528, 0.162291, 1.912332, 6.980000, B
1.464701, 1.508848, 0.175561, 2.021896, 6.980000, C
1.168551, 1.538265, 0.155478, 2.585320, 6.980000, D
1.127113, 1.493624, 0.151535, 2.509260, 6.980000, E
0.671035, 1.606795, 0.149455, 4.986297, 6.980000, F
0.772478, 1.484965, 0.151602, 2.632789, 6.980000, G
0.516535, 1.544343, 0.141415, 4.087576, 6.980000, H
0.637623, 1.559000, 0.146945, 4.042147, 6.980000, I
2.501958, 1.492489, 0.137893, 2.240037, 6.980000, J
amount produced/need, avg price, sd, consumption_rate, avg def comm, char
 year: 39
0.387918, 1.484094, 0.139245, 2.978407, 7.040000, A
1.044679, 1.466175, 0.158756, 1.912332, 7.040000, B
1.464701, 1.483986, 0.168323, 2.021896, 7.040000, C
1.168551, 1.485541, 0.148742, 2.585320, 7.040000, D
1.127113, 1.478237, 0.142441, 2.509260, 7.040000, E
0.671035, 1.550375, 0.147316, 4.986297, 7.040000, F
0.772478, 1.443847, 0.155140, 2.632789, 7.040000, G
0.516535, 1.505815, 0.150364, 4.087576, 7.040000, H
0.637623, 1.520302, 0.153201, 4.042147, 7.040000, I
2.501958, 1.439249, 0.145875, 2.240037, 7.040000, J
amount produced/need, avg price, sd, consumption_rate, avg def comm, char
 year: 40
0.387918, 1.459647, 0.141091, 2.978407, 7.150000, A
1.044679, 1.387504, 0.146514, 1.912332, 7.150000, B
1.464701, 1.437640, 0.153559, 2.021896, 7.150000, C
1.168551, 1.423144, 0.134376, 2.585320, 7.150000, D
1.127113, 1.480094, 0.126327, 2.509260, 7.150000, E
0.671035, 1.482486, 0.135820, 4.986297, 7.150000, F
0.772478, 1.426720, 0.147268, 2.632789, 7.150000, G
0.516535, 1.468349, 0.144865, 4.087576, 7.150000, H
0.637623, 1.474886, 0.145005, 4.042147, 7.150000, I
2.501958, 1.412004, 0.140754, 2.240037, 7.150000, J
amount produced/need, avg price, sd, consumption_rate, avg def comm, char
 year: 41
0.387918, 1.408875, 0.154377, 2.978407, 7.140000, A
1.044679, 1.327128, 0.143479, 1.912332, 7.140000, B
1.464701, 1.395893, 0.138602, 2.021896, 7.140000, C
1.168551, 1.377870, 0.137915, 2.585320, 7.140000, D
1.127113, 1.440216, 0.118864, 2.509260, 7.140000, E
0.671035, 1.444174, 0.141480, 4.986297, 7.140000, F
0.772478, 1.413081, 0.150806, 2.632789, 7.140000, G
0.516535, 1.428819, 0.140509, 4.087576, 7.140000, H
0.637623, 1.458474, 0.141409, 4.042147, 7.140000, I
2.501958, 1.385154, 0.144124, 2.240037, 7.140000, J
amount produced/need, avg price, sd, consumption_rate, avg def comm, char
 year: 42
0.387918, 1.359384, 0.148862, 2.978407, 7.120000, A
1.044679, 1.289911, 0.144364, 1.912332, 7.120000, B
1.464701, 1.359201, 0.130269, 2.021896, 7.120000, C
1.168551, 1.347047, 0.142217, 2.585320, 7.120000, D
1.127113, 1.400249, 0.118240, 2.509260, 7.120000, E
0.671035, 1.402524, 0.132798, 4.986297, 7.120000, F
0.772478, 1.398498, 0.151305, 2.632789, 7.120000, G
0.516535, 1.387410, 0.138049, 4.087576, 7.120000, H
0.637623, 1.418104, 0.134220, 4.042147, 7.120000, I
2.501958, 1.369245, 0.144618, 2.240037, 7.120000, J
amount produced/need, avg price, sd, consumption_rate, avg def comm, char
 year: 43
0.387918, 1.313238, 0.145205, 2.978407, 7.180000, A
1.044679, 1.261036, 0.144746, 1.912332, 7.180000, B
1.464701, 1.319550, 0.134627, 2.021896, 7.180000, C
1.168551, 1.335563, 0.138396, 2.585320, 7.180000, D
1.127113, 1.358219, 0.116700, 2.509260, 7.180000, E
0.671035, 1.386315, 0.133005, 4.986297, 7.180000, F
0.772478, 1.352589, 0.135759, 2.632789, 7.180000, G
0.516535, 1.361483, 0.138556, 4.087576, 7.180000, H
0.637623, 1.370462, 0.135390, 4.042147, 7.180000, I
2.501958, 1.336552, 0.146090, 2.240037, 7.180000, J
amount produced/need, avg price, sd, consumption_rate, avg def comm, char
 year: 44
0.387918, 1.278079, 0.147259, 2.978407, 7.090000, A
1.044679, 1.229202, 0.140475, 1.912332, 7.090000, B
1.464701, 1.274010, 0.126485, 2.021896, 7.090000, C
1.168551, 1.343370, 0.132420, 2.585320, 7.090000, D
1.127113, 1.293938, 0.118743, 2.509260, 7.090000, E
0.671035, 1.372504, 0.134141, 4.986297, 7.090000, F
0.772478, 1.315104, 0.126290, 2.632789, 7.090000, G
0.516535, 1.348455, 0.139395, 4.087576, 7.090000, H
0.637623, 1.311157, 0.126369, 4.042147, 7.090000, I
2.501958, 1.281380, 0.139833, 2.240037, 7.090000, J
amount produced/need, avg price, sd, consumption_rate, avg def comm, char
 year: 45
0.387918, 1.265745, 0.146230, 2.978407, 7.110000, A
1.044679, 1.212127, 0.139701, 1.912332, 7.110000, B
1.464701, 1.232314, 0.122195, 2.021896, 7.110000, C
1.168551, 1.306538, 0.123548, 2.585320, 7.110000, D
1.127113, 1.247064, 0.124422, 2.509260, 7.110000, E
0.671035, 1.317786, 0.132139, 4.986297, 7.110000, F
0.772478, 1.287805, 0.128388, 2.632789, 7.110000, G
0.516535, 1.309687, 0.124689, 4.087576, 7.110000, H
0.637623, 1.266885, 0.128391, 4.042147, 7.110000, I
2.501958, 1.255747, 0.143993, 2.240037, 7.110000, J
amount produced/need, avg price, sd, consumption_rate, avg def comm, char
 year: 46
0.387918, 1.231211, 0.135661, 2.978407, 7.070000, A
1.044679, 1.199002, 0.126398, 1.912332, 7.070000, B
1.464701, 1.197930, 0.121080, 2.021896, 7.070000, C
1.168551, 1.276907, 0.109594, 2.585320, 7.070000, D
1.127113, 1.197645, 0.119733, 2.509260, 7.070000, E
0.671035, 1.277082, 0.117824, 4.986297, 7.070000, F
0.772478, 1.246932, 0.126282, 2.632789, 7.070000, G
0.516535, 1.272303, 0.120066, 4.087576, 7.070000, H
0.637623, 1.249577, 0.134901, 4.042147, 7.070000, I
2.501958, 1.224893, 0.139333, 2.240037, 7.070000, J
amount produced/need, avg price, sd, consumption_rate, avg def comm, char
 year: 47
0.387918, 1.191269, 0.119519, 2.978407, 7.070000, A
1.044679, 1.175761, 0.130141, 1.912332, 7.070000, B
1.464701, 1.168129, 0.121970, 2.021896, 7.070000, C
1.168551, 1.213543, 0.105478, 2.585320, 7.070000, D
1.127113, 1.174416, 0.127339, 2.509260, 7.070000, E
0.671035, 1.241181, 0.111024, 4.986297, 7.070000, F
0.772478, 1.198538, 0.120152, 2.632789, 7.070000, G
0.516535, 1.251672, 0.117003, 4.087576, 7.070000, H
0.637623, 1.217971, 0.133863, 4.042147, 7.070000, I
2.501958, 1.179680, 0.125585, 2.240037, 7.070000, J
amount produced/need, avg price, sd, consumption_rate, avg def comm, char
 year: 48
0.387918, 1.169475, 0.118548, 2.978407, 7.010000, A
1.044679, 1.152844, 0.133492, 1.912332, 7.010000, B
1.464701, 1.138694, 0.118501, 2.021896, 7.010000, C
1.168551, 1.163129, 0.109655, 2.585320, 7.010000, D
1.127113, 1.155509, 0.130886, 2.509260, 7.010000, E
0.671035, 1.227132, 0.120793, 4.986297, 7.010000, F
0.772478, 1.166223, 0.129365, 2.632789, 7.010000, G
0.516535, 1.187573, 0.110071, 4.087576, 7.010000, H
0.637623, 1.182667, 0.118243, 4.042147, 7.010000, I
2.501958, 1.141648, 0.123516, 2.240037, 7.010000, J
amount produced/need, avg price, sd, consumption_rate, avg def comm, char
 year: 49
0.387918, 1.171093, 0.124720, 2.978407, 6.930000, A
1.044679, 1.128792, 0.128418, 1.912332, 6.930000, B
1.464701, 1.124627, 0.124224, 2.021896, 6.930000, C
1.168551, 1.114190, 0.110889, 2.585320, 6.930000, D
1.127113, 1.136664, 0.128482, 2.509260, 6.930000, E
0.671035, 1.176815, 0.111993, 4.986297, 6.930000, F
0.772478, 1.127918, 0.128208, 2.632789, 6.930000, G
0.516535, 1.137728, 0.109998, 4.087576, 6.930000, H
0.637623, 1.153450, 0.118549, 4.042147, 6.930000, I
2.501958, 1.117353, 0.126125, 2.240037, 6.930000, J
amount produced/need, avg price, sd, consumption_rate, avg def comm, char
 year: 50
0.387918, 1.136640, 0.119712, 2.978407, 7.060000, A
1.044679, 1.092638, 0.120935, 1.912332, 7.060000, B
1.464701, 1.097761, 0.129994, 2.021896, 7.060000, C
1.168551, 1.063709, 0.111989, 2.585320, 7.060000, D
1.127113, 1.093555, 0.119777, 2.509260, 7.060000, E
0.671035, 1.122746, 0.106610, 4.986297, 7.060000, F
0.772478, 1.111117, 0.121049, 2.632789, 7.060000, G
0.516535, 1.087929, 0.110348, 4.087576, 7.060000, H
0.637623, 1.126731, 0.115791, 4.042147, 7.060000, I
2.501958, 1.093795, 0.122218, 2.240037, 7.060000, J
amount produced/need, avg price, sd, consumption_rate, avg def comm, char
 year: 51
0.387918, 1.087721, 0.116277, 2.978407, 7.070000, A
1.044679, 1.053954, 0.120105, 1.912332, 7.070000, B
1.464701, 1.071620, 0.129497, 2.021896, 7.070000, C
1.168551, 1.027771, 0.109973, 2.585320, 7.070000, D
1.127113, 1.059340, 0.112733, 2.509260, 7.070000, E
0.671035, 1.085671, 0.104479, 4.986297, 7.070000, F
0.772478, 1.095367, 0.115546, 2.632789, 7.070000, G
0.516535, 1.051647, 0.107540, 4.087576, 7.070000, H
0.637623, 1.093688, 0.103776, 4.042147, 7.070000, I
2.501958, 1.064116, 0.121401, 2.240037, 7.070000, J
amount produced/need, avg price, sd, consumption_rate, avg def comm, char
 year: 52
0.387918, 1.038360, 0.104008, 2.978407, 7.000000, A
1.044679, 1.016789, 0.114747, 1.912332, 7.000000, B
1.464701, 1.024745, 0.119370, 2.021896, 7.000000, C
1.168551, 1.013255, 0.114832, 2.585320, 7.000000, D
1.127113, 1.026329, 0.100359, 2.509260, 7.000000, E
0.671035, 1.062045, 0.102500, 4.986297, 7.000000, F
0.772478, 1.046888, 0.109163, 2.632789, 7.000000, G
0.516535, 1.061490, 0.104965, 4.087576, 7.000000, H
0.637623, 1.070040, 0.101735, 4.042147, 7.000000, I
2.501958, 1.026880, 0.115143, 2.240037, 7.000000, J
amount produced/need, avg price, sd, consumption_rate, avg def comm, char
 year: 53
0.387918, 0.999065, 0.104704, 2.978407, 6.920000, A
1.044679, 0.987360, 0.111736, 1.912332, 6.920000, B
1.464701, 0.994207, 0.112276, 2.021896, 6.920000, C
1.168551, 0.997453, 0.109776, 2.585320, 6.920000, D
1.127113, 0.998289, 0.099716, 2.509260, 6.920000, E
0.671035, 1.044308, 0.096394, 4.986297, 6.920000, F
0.772478, 1.022366, 0.102314, 2.632789, 6.920000, G
0.516535, 1.050311, 0.102489, 4.087576, 6.920000, H
0.637623, 1.035365, 0.097045, 4.042147, 6.920000, I
2.501958, 1.003125, 0.114396, 2.240037, 6.920000, J
amount produced/need, avg price, sd, consumption_rate, avg def comm, char
 year: 54
0.387918, 0.981659, 0.102571, 2.978407, 6.970000, A
1.044679, 0.937822, 0.105378, 1.912332, 6.970000, B
1.464701, 0.954994, 0.109632, 2.021896, 6.970000, C
1.168551, 0.982918, 0.103917, 2.585320, 6.970000, D
1.127113, 0.986320, 0.097140, 2.509260, 6.970000, E
0.671035, 1.021812, 0.095657, 4.986297, 6.970000, F
0.772478, 0.982084, 0.099050, 2.632789, 6.970000, G
0.516535, 1.003281, 0.090705, 4.087576, 6.970000, H
0.637623, 1.027285, 0.097189, 4.042147, 6.970000, I
2.501958, 0.966188, 0.108939, 2.240037, 6.970000, J
amount produced/need, avg price, sd, consumption_rate, avg def comm, char
 year: 55
0.387918, 0.975992, 0.103350, 2.978407, 6.890000, A
1.044679, 0.904380, 0.101007, 1.912332, 6.890000, B
1.464701, 0.909788, 0.104109, 2.021896, 6.890000, C
1.168551, 0.960110, 0.096194, 2.585320, 6.890000, D
1.127113, 0.958214, 0.093784, 2.509260, 6.890000, E
0.671035, 0.993692, 0.091341, 4.986297, 6.890000, F
0.772478, 0.938388, 0.097084, 2.632789, 6.890000, G
0.516535, 0.977715, 0.088933, 4.087576, 6.890000, H
0.637623, 0.998781, 0.093845, 4.042147, 6.890000, I
2.501958, 0.928850, 0.102997, 2.240037, 6.890000, J
amount produced/need, avg price, sd, consumption_rate, avg def comm, char
 year: 56
0.387918, 0.955146, 0.103781, 2.978407, 6.890000, A
1.044679, 0.879761, 0.103993, 1.912332, 6.890000, B
1.464701, 0.877960, 0.101208, 2.021896, 6.890000, C
1.168551, 0.937084, 0.090401, 2.585320, 6.890000, D
1.127113, 0.941998, 0.097242, 2.509260, 6.890000, E
0.671035, 0.944267, 0.084047, 4.986297, 6.890000, F
0.772478, 0.898575, 0.096882, 2.632789, 6.890000, G
0.516535, 0.958428, 0.089206, 4.087576, 6.890000, H
0.637623, 0.968539, 0.093684, 4.042147, 6.890000, I
2.501958, 0.884733, 0.099827, 2.240037, 6.890000, J
amount produced/need, avg price, sd, consumption_rate, avg def comm, char
 year: 57
0.387918, 0.915797, 0.099246, 2.978407, 6.930000, A
1.044679, 0.864808, 0.104613, 1.912332, 6.930000, B
1.464701, 0.858995, 0.098198, 2.021896, 6.930000, C
1.168551, 0.906139, 0.086373, 2.585320, 6.930000, D
1.127113, 0.918425, 0.088844, 2.509260, 6.930000, E
0.671035, 0.901846, 0.081593, 4.986297, 6.930000, F
0.772478, 0.888832, 0.098349, 2.632789, 6.930000, G
0.516535, 0.932045, 0.078047, 4.087576, 6.930000, H
0.637623, 0.922743, 0.085600, 4.042147, 6.930000, I
2.501958, 0.853861, 0.089946, 2.240037, 6.930000, J
amount produced/need, avg price, sd, consumption_rate, avg def comm, char
 year: 58
0.387918, 0.879301, 0.093588, 2.978407, 7.070000, A
1.044679, 0.850414, 0.103210, 1.912332, 7.070000, B
1.464701, 0.852539, 0.101020, 2.021896, 7.070000, C
1.168551, 0.876806, 0.079704, 2.585320, 7.070000, D
1.127113, 0.883532, 0.083798, 2.509260, 7.070000, E
0.671035, 0.891809, 0.080196, 4.986297, 7.070000, F
0.772478, 0.874575, 0.098470, 2.632789, 7.070000, G
0.516535, 0.895067, 0.070925, 4.087576, 7.070000, H
0.637623, 0.885730, 0.081299, 4.042147, 7.070000, I
2.501958, 0.840483, 0.090144, 2.240037, 7.070000, J
amount produced/need, avg price, sd, consumption_rate, avg def comm, char
 year: 59
0.387918, 0.829611, 0.088838, 2.978407, 6.930000, A
1.044679, 0.821192, 0.098675, 1.912332, 6.930000, B
1.464701, 0.846260, 0.102506, 2.021896, 6.930000, C
1.168551, 0.855712, 0.079498, 2.585320, 6.930000, D
1.127113, 0.853008, 0.083102, 2.509260, 6.930000, E
0.671035, 0.882723, 0.078474, 4.986297, 6.930000, F
0.772478, 0.853094, 0.093875, 2.632789, 6.930000, G
0.516535, 0.873627, 0.073006, 4.087576, 6.930000, H
0.637623, 0.856196, 0.076301, 4.042147, 6.930000, I
2.501958, 0.829186, 0.090772, 2.240037, 6.930000, J
amount produced/need, avg price, sd, consumption_rate, avg def comm, char
 year: 60
0.387918, 0.794252, 0.085422, 2.978407, 6.980000, A
1.044679, 0.801930, 0.100888, 1.912332, 6.980000, B
1.464701, 0.817568, 0.098515, 2.021896, 6.980000, C
1.168551, 0.845756, 0.075556, 2.585320, 6.980000, D
1.127113, 0.820278, 0.074683, 2.509260, 6.980000, E
0.671035, 0.849583, 0.070831, 4.986297, 6.980000, F
0.772478, 0.826041, 0.090904, 2.632789, 6.980000, G
0.516535, 0.845546, 0.073482, 4.087576, 6.980000, H
0.637623, 0.824912, 0.075319, 4.042147, 6.980000, I
2.501958, 0.818962, 0.089897, 2.240037, 6.980000, J
amount produced/need, avg price, sd, consumption_rate, avg def comm, char
 year: 61
0.387918, 0.762380, 0.084568, 2.978407, 6.950000, A
1.044679, 0.777944, 0.094519, 1.912332, 6.950000, B
1.464701, 0.787153, 0.095528, 2.021896, 6.950000, C
1.168551, 0.808439, 0.072742, 2.585320, 6.950000, D
1.127113, 0.797898, 0.073707, 2.509260, 6.950000, E
0.671035, 0.817765, 0.069256, 4.986297, 6.950000, F
0.772478, 0.797012, 0.087841, 2.632789, 6.950000, G
0.516535, 0.808713, 0.071366, 4.087576, 6.950000, H
0.637623, 0.814556, 0.073607, 4.042147, 6.950000, I
2.501958, 0.806941, 0.086618, 2.240037, 6.950000, J
amount produced/need, avg price, sd, consumption_rate, avg def comm, char
 year: 62
0.387918, 0.758377, 0.083153, 2.978407, 6.990000, A
1.044679, 0.757227, 0.086274, 1.912332, 6.990000, B
1.464701, 0.755727, 0.093462, 2.021896, 6.990000, C
1.168551, 0.777166, 0.071687, 2.585320, 6.990000, D
1.127113, 0.780135, 0.076399, 2.509260, 6.990000, E
0.671035, 0.809114, 0.072509, 4.986297, 6.990000, F
0.772478, 0.776144, 0.086841, 2.632789, 6.990000, G
0.516535, 0.784980, 0.067053, 4.087576, 6.990000, H
0.637623, 0.792556, 0.067709, 4.042147, 6.990000, I
2.501958, 0.775385, 0.080315, 2.240037, 6.990000, J
amount produced/need, avg price, sd, consumption_rate, avg def comm, char
 year: 63
0.387918, 0.760165, 0.081405, 2.978407, 6.950000, A
1.044679, 0.732229, 0.080045, 1.912332, 6.950000, B
1.464701, 0.720466, 0.089828, 2.021896, 6.950000, C
1.168551, 0.760592, 0.072277, 2.585320, 6.950000, D
1.127113, 0.747150, 0.077445, 2.509260, 6.950000, E
0.671035, 0.777832, 0.072301, 4.986297, 6.950000, F
0.772478, 0.740739, 0.080936, 2.632789, 6.950000, G
0.516535, 0.779619, 0.072048, 4.087576, 6.950000, H
0.637623, 0.768039, 0.065731, 4.042147, 6.950000, I
2.501958, 0.741646, 0.072071, 2.240037, 6.950000, J
amount produced/need, avg price, sd, consumption_rate, avg def comm, char
 year: 64
0.387918, 0.751024, 0.078980, 2.978407, 6.920000, A
1.044679, 0.721404, 0.083114, 1.912332, 6.920000, B
1.464701, 0.690489, 0.088707, 2.021896, 6.920000, C
1.168551, 0.734659, 0.073114, 2.585320, 6.920000, D
1.127113, 0.722025, 0.078445, 2.509260, 6.920000, E
0.671035, 0.758284, 0.071277, 4.986297, 6.920000, F
0.772478, 0.717512, 0.086680, 2.632789, 6.920000, G
0.516535, 0.765207, 0.071871, 4.087576, 6.920000, H
0.637623, 0.740961, 0.066224, 4.042147, 6.920000, I
2.501958, 0.705472, 0.067262, 2.240037, 6.920000, J
amount produced/need, avg price, sd, consumption_rate, avg def comm, char
 year: 65
0.387918, 0.731352, 0.078475, 2.978407, 6.900000, A
1.044679, 0.699069, 0.076601, 1.912332, 6.900000, B
1.464701, 0.671603, 0.088027, 2.021896, 6.900000, C
1.168551, 0.703762, 0.071752, 2.585320, 6.900000, D
1.127113, 0.692978, 0.070322, 2.509260, 6.900000, E
0.671035, 0.742127, 0.068510, 4.986297, 6.900000, F
0.772478, 0.698820, 0.091285, 2.632789, 6.900000, G
0.516535, 0.730047, 0.067988, 4.087576, 6.900000, H
0.637623, 0.722733, 0.069657, 4.042147, 6.900000, I
2.501958, 0.677579, 0.065127, 2.240037, 6.900000, J
amount produced/need, avg price, sd, consumption_rate, avg def comm, char
 year: 66
0.387918, 0.715965, 0.080089, 2.978407, 6.930000, A
1.044679, 0.688281, 0.073041, 1.912332, 6.930000, B
1.464701, 0.661241, 0.089175, 2.021896, 6.930000, C
1.168551, 0.679560, 0.076003, 2.585320, 6.930000, D
1.127113, 0.680435, 0.077553, 2.509260, 6.930000, E
0.671035, 0.707921, 0.065775, 4.986297, 6.930000, F
0.772478, 0.676151, 0.085443, 2.632789, 6.930000, G
0.516535, 0.696800, 0.070565, 4.087576, 6.930000, H
0.637623, 0.711110, 0.067334, 4.042147, 6.930000, I
2.501958, 0.656257, 0.064760, 2.240037, 6.930000, J
amount produced/need, avg price, sd, consumption_rate, avg def comm, char
 year: 67
0.387918, 0.679596, 0.073960, 2.978407, 6.940000, A
1.044679, 0.672032, 0.072050, 1.912332, 6.940000, B
1.464701, 0.652526, 0.085107, 2.021896, 6.940000, C
1.168551, 0.658248, 0.075026, 2.585320, 6.940000, D
1.127113, 0.655717, 0.072353, 2.509260, 6.940000, E
0.671035, 0.690784, 0.070562, 4.986297, 6.940000, F
0.772478, 0.654724, 0.078381, 2.632789, 6.940000, G
0.516535, 0.664600, 0.070950, 4.087576, 6.940000, H
0.637623, 0.694539, 0.066583, 4.042147, 6.940000, I
2.501958, 0.645125, 0.067805, 2.240037, 6.940000, J
amount produced/need, avg price, sd, consumption_rate, avg def comm, char
 year: 68
0.387918, 0.642006, 0.070427, 2.978407, 7.070000, A
1.044679, 0.649213, 0.066631, 1.912332, 7.070000, B
1.464701, 0.639093, 0.082203, 2.021896, 7.070000, C
1.168551, 0.637705, 0.069399, 2.585320, 7.070000, D
1.127113, 0.645751, 0.076253, 2.509260, 7.070000, E
0.671035, 0.660004, 0.064451, 4.986297, 7.070000, F
0.772478, 0.643430, 0.073772, 2.632789, 7.070000, G
0.516535, 0.650348, 0.071353, 4.087576, 7.070000, H
0.637623, 0.669606, 0.064145, 4.042147, 7.070000, I
2.501958, 0.641534, 0.068437, 2.240037, 7.070000, J
amount produced/need, avg price, sd, consumption_rate, avg def comm, char
 year: 69
0.387918, 0.611255, 0.068215, 2.978407, 7.000000, A
1.044679, 0.621033, 0.067292, 1.912332, 7.000000, B
1.464701, 0.620366, 0.074354, 2.021896, 7.000000, C
1.168551, 0.618725, 0.067725, 2.585320, 7.000000, D
1.127113, 0.631862, 0.076606, 2.509260, 7.000000, E
0.671035, 0.648284, 0.067116, 4.986297, 7.000000, F
0.772478, 0.628314, 0.074747, 2.632789, 7.000000, G
0.516535, 0.651807, 0.072025, 4.087576, 7.000000, H
0.637623, 0.642503, 0.056362, 4.042147, 7.000000, I
2.501958, 0.627874, 0.068575, 2.240037, 7.000000, J
amount produced/need, avg price, sd, consumption_rate, avg def comm, char
 year: 70
0.387918, 0.591252, 0.066306, 2.978407, 6.950000, A
1.044679, 0.597336, 0.069414, 1.912332, 6.950000, B
1.464701, 0.595751, 0.066671, 2.021896, 6.950000, C
1.168551, 0.609121, 0.065307, 2.585320, 6.950000, D
1.127113, 0.613944, 0.072455, 2.509260, 6.950000, E
0.671035, 0.628039, 0.062890, 4.986297, 6.950000, F
0.772478, 0.612677, 0.070289, 2.632789, 6.950000, G
0.516535, 0.644897, 0.063720, 4.087576, 6.950000, H
0.637623, 0.615941, 0.053470, 4.042147, 6.950000, I
2.501958, 0.615916, 0.066377, 2.240037, 6.950000, J
amount produced/need, avg price, sd, consumption_rate, avg def comm, char
 year: 71
0.387918, 0.580195, 0.073101, 2.978407, 6.920000, A
1.044679, 0.571821, 0.065324, 1.912332, 6.920000, B
1.464701, 0.574183, 0.060601, 2.021896, 6.920000, C
1.168551, 0.603075, 0.069633, 2.585320, 6.920000, D
1.127113, 0.601984, 0.072659, 2.509260, 6.920000, E
0.671035, 0.610490, 0.063078, 4.986297, 6.920000, F
0.772478, 0.592968, 0.067365, 2.632789, 6.920000, G
0.516535, 0.620956, 0.056353, 4.087576, 6.920000, H
0.637623, 0.607721, 0.058875, 4.042147, 6.920000, I
2.501958, 0.592680, 0.066716, 2.240037, 6.920000, J
amount produced/need, avg price, sd, consumption_rate, avg def comm, char
 year: 72
0.387918, 0.572963, 0.073045, 2.978407, 6.940000, A
1.044679, 0.547373, 0.062436, 1.912332, 6.940000, B
1.464701, 0.555859, 0.058620, 2.021896, 6.940000, C
1.168551, 0.585823, 0.068987, 2.585320, 6.940000, D
1.127113, 0.585027, 0.064939, 2.509260, 6.940000, E
0.671035, 0.599556, 0.066435, 4.986297, 6.940000, F
0.772478, 0.578032, 0.064775, 2.632789, 6.940000, G
0.516535, 0.587086, 0.054693, 4.087576, 6.940000, H
0.637623, 0.591952, 0.059851, 4.042147, 6.940000, I
2.501958, 0.569076, 0.062042, 2.240037, 6.940000, J
amount produced/need, avg price, sd, consumption_rate, avg def comm, char
 year: 73
0.387918, 0.561866, 0.071641, 2.978407, 6.890000, A
1.044679, 0.529889, 0.063121, 1.912332, 6.890000, B
1.464701, 0.541329, 0.059002, 2.021896, 6.890000, C
1.168551, 0.569268, 0.064092, 2.585320, 6.890000, D
1.127113, 0.568302, 0.058901, 2.509260, 6.890000, E
0.671035, 0.587169, 0.061276, 4.986297, 6.890000, F
0.772478, 0.563079, 0.062330, 2.632789, 6.890000, G
0.516535, 0.556548, 0.049705, 4.087576, 6.890000, H
0.637623, 0.561693, 0.054776, 4.042147, 6.890000, I
2.501958, 0.552967, 0.060390, 2.240037, 6.890000, J
amount produced/need, avg price, sd, consumption_rate, avg def comm, char
 year: 74
0.387918, 0.548960, 0.064336, 2.978407, 6.890000, A
1.044679, 0.515985, 0.063251, 1.912332, 6.890000, B
1.464701, 0.527008, 0.057563, 2.021896, 6.890000, C
1.168551, 0.555387, 0.060156, 2.585320, 6.890000, D
1.127113, 0.543142, 0.053940, 2.509260, 6.890000, E
0.671035, 0.565913, 0.057046, 4.986297, 6.890000, F
0.772478, 0.549854, 0.059346, 2.632789, 6.890000, G
0.516535, 0.534088, 0.049299, 4.087576, 6.890000, H
0.637623, 0.545729, 0.051936, 4.042147, 6.890000, I
2.501958, 0.538044, 0.058969, 2.240037, 6.890000, J
amount produced/need, avg price, sd, consumption_rate, avg def comm, char
 year: 75
0.387918, 0.531687, 0.058996, 2.978407, 6.870000, A
1.044679, 0.501502, 0.064545, 1.912332, 6.870000, B
1.464701, 0.508371, 0.057683, 2.021896, 6.870000, C
1.168551, 0.532459, 0.056261, 2.585320, 6.870000, D
1.127113, 0.519523, 0.049942, 2.509260, 6.870000, E
0.671035, 0.540259, 0.054687, 4.986297, 6.870000, F
0.772478, 0.531702, 0.051645, 2.632789, 6.870000, G
0.516535, 0.522250, 0.054791, 4.087576, 6.870000, H
0.637623, 0.533305, 0.049225, 4.042147, 6.870000, I
2.501958, 0.527838, 0.060024, 2.240037, 6.870000, J
amount produced/need, avg price, sd, consumption_rate, avg def comm, char
 year: 76
0.387918, 0.508597, 0.055330, 2.978407, 7.080000, A
1.044679, 0.485611, 0.060287, 1.912332, 7.080000, B
1.464701, 0.490155, 0.055990, 2.021896, 7.080000, C
1.168551, 0.507524, 0.053428, 2.585320, 7.080000, D
1.127113, 0.504909, 0.050859, 2.509260, 7.080000, E
0.671035, 0.515893, 0.052176, 4.986297, 7.080000, F
0.772478, 0.510274, 0.046500, 2.632789, 7.080000, G
0.516535, 0.521324, 0.054994, 4.087576, 7.080000, H
0.637623, 0.524861, 0.052092, 4.042147, 7.080000, I
2.501958, 0.509687, 0.058474, 2.240037, 7.080000, J
amount produced/need, avg price, sd, consumption_rate, avg def comm, char
 year: 77
0.387918, 0.488404, 0.050530, 2.978407, 7.000000, A
1.044679, 0.482361, 0.064773, 1.912332, 7.000000, B
1.464701, 0.479929, 0.055527, 2.021896, 7.000000, C
1.168551, 0.482542, 0.051670, 2.585320, 7.000000, D
1.127113, 0.498267, 0.053709, 2.509260, 7.000000, E
0.671035, 0.498772, 0.052001, 4.986297, 7.000000, F
0.772478, 0.497837, 0.047981, 2.632789, 7.000000, G
0.516535, 0.514254, 0.050412, 4.087576, 7.000000, H
0.637623, 0.506293, 0.048108, 4.042147, 7.000000, I
2.501958, 0.495593, 0.055226, 2.240037, 7.000000, J
amount produced/need, avg price, sd, consumption_rate, avg def comm, char
 year: 78
0.387918, 0.478272, 0.051962, 2.978407, 7.020000, A
1.044679, 0.473798, 0.065465, 1.912332, 7.020000, B
1.464701, 0.477417, 0.056547, 2.021896, 7.020000, C
1.168551, 0.465803, 0.053289, 2.585320, 7.020000, D
1.127113, 0.484444, 0.052496, 2.509260, 7.020000, E
0.671035, 0.489105, 0.049808, 4.986297, 7.020000, F
0.772478, 0.478210, 0.049295, 2.632789, 7.020000, G
0.516535, 0.492095, 0.047816, 4.087576, 7.020000, H
0.637623, 0.482753, 0.044933, 4.042147, 7.020000, I
2.501958, 0.474893, 0.054288, 2.240037, 7.020000, J
amount produced/need, avg price, sd, consumption_rate, avg def comm, char
 year: 79
0.387918, 0.462845, 0.052689, 2.978407, 7.030000, A
1.044679, 0.455052, 0.058508, 1.912332, 7.030000, B
1.464701, 0.464164, 0.053443, 2.021896, 7.030000, C
1.168551, 0.448625, 0.050244, 2.585320, 7.030000, D
1.127113, 0.472708, 0.049991, 2.509260, 7.030000, E
0.671035, 0.475289, 0.049696, 4.986297, 7.030000, F
0.772478, 0.467372, 0.050949, 2.632789, 7.030000, G
0.516535, 0.476081, 0.046787, 4.087576, 7.030000, H
0.637623, 0.469892, 0.044345, 4.042147, 7.030000, I
2.501958, 0.455789, 0.051200, 2.240037, 7.030000, J
amount produced/need, avg price, sd, consumption_rate, avg def comm, char
 year: 80
0.387918, 0.449827, 0.051515, 2.978407, 6.910000, A
1.044679, 0.438635, 0.055412, 1.912332, 6.910000, B
1.464701, 0.445277, 0.049814, 2.021896, 6.910000, C
1.168551, 0.435175, 0.045670, 2.585320, 6.910000, D
1.127113, 0.455359, 0.046556, 2.509260, 6.910000, E
0.671035, 0.459877, 0.045694, 4.986297, 6.910000, F
0.772478, 0.448293, 0.046728, 2.632789, 6.910000, G
0.516535, 0.457667, 0.044480, 4.087576, 6.910000, H
0.637623, 0.458867, 0.043695, 4.042147, 6.910000, I
2.501958, 0.446372, 0.048329, 2.240037, 6.910000, J
amount produced/need, avg price, sd, consumption_rate, avg def comm, char
 year: 81
0.387918, 0.436037, 0.046374, 2.978407, 6.890000, A
1.044679, 0.419019, 0.049213, 1.912332, 6.890000, B
1.464701, 0.427314, 0.046085, 2.021896, 6.890000, C
1.168551, 0.437093, 0.046459, 2.585320, 6.890000, D
1.127113, 0.441362, 0.048083, 2.509260, 6.890000, E
0.671035, 0.447427, 0.045651, 4.986297, 6.890000, F
0.772478, 0.430225, 0.045055, 2.632789, 6.890000, G
0.516535, 0.440537, 0.042866, 4.087576, 6.890000, H
0.637623, 0.445619, 0.044625, 4.042147, 6.890000, I
2.501958, 0.432796, 0.041935, 2.240037, 6.890000, J
amount produced/need, avg price, sd, consumption_rate, avg def comm, char
 year: 82
0.387918, 0.425889, 0.044701, 2.978407, 6.750000, A
1.044679, 0.400771, 0.047712, 1.912332, 6.750000, B
1.464701, 0.411676, 0.041332, 2.021896, 6.750000, C
1.168551, 0.427460, 0.044438, 2.585320, 6.750000, D
1.127113, 0.424929, 0.045558, 2.509260, 6.750000, E
0.671035, 0.427525, 0.042305, 4.986297, 6.750000, F
0.772478, 0.415181, 0.044358, 2.632789, 6.750000, G
0.516535, 0.439391, 0.043181, 4.087576, 6.750000, H
0.637623, 0.435299, 0.044490, 4.042147, 6.750000, I
2.501958, 0.416369, 0.040311, 2.240037, 6.750000, J
amount produced/need, avg price, sd, consumption_rate, avg def comm, char
 year: 83
0.387918, 0.412714, 0.044565, 2.978407, 6.680000, A
1.044679, 0.386994, 0.046882, 1.912332, 6.680000, B
1.464701, 0.396522, 0.039867, 2.021896, 6.680000, C
1.168551, 0.411223, 0.041699, 2.585320, 6.680000, D
1.127113, 0.406479, 0.044103, 2.509260, 6.680000, E
0.671035, 0.416696, 0.041142, 4.986297, 6.680000, F
0.772478, 0.399032, 0.043876, 2.632789, 6.680000, G
0.516535, 0.428579, 0.038090, 4.087576, 6.680000, H
0.637623, 0.416232, 0.040801, 4.042147, 6.680000, I
2.501958, 0.402031, 0.036222, 2.240037, 6.680000, J
amount produced/need, avg price, sd, consumption_rate, avg def comm, char
 year: 84
0.387918, 0.402319, 0.044688, 2.978407, 6.760000, A
1.044679, 0.371857, 0.045133, 1.912332, 6.760000, B
1.464701, 0.387872, 0.040745, 2.021896, 6.760000, C
1.168551, 0.396660, 0.043405, 2.585320, 6.760000, D
1.127113, 0.392717, 0.044528, 2.509260, 6.760000, E
0.671035, 0.410179, 0.038816, 4.986297, 6.760000, F
0.772478, 0.393581, 0.046863, 2.632789, 6.760000, G
0.516535, 0.408090, 0.035466, 4.087576, 6.760000, H
0.637623, 0.398830, 0.040566, 4.042147, 6.760000, I
2.501958, 0.394166, 0.039266, 2.240037, 6.760000, J
amount produced/need, avg price, sd, consumption_rate, avg def comm, char
 year: 85
0.387918, 0.389329, 0.042948, 2.978407, 6.830000, A
1.044679, 0.359655, 0.044403, 1.912332, 6.830000, B
1.464701, 0.372327, 0.038193, 2.021896, 6.830000, C
1.168551, 0.383450, 0.042372, 2.585320, 6.830000, D
1.127113, 0.372692, 0.041411, 2.509260, 6.830000, E
0.671035, 0.413563, 0.041434, 4.986297, 6.830000, F
0.772478, 0.379721, 0.042773, 2.632789, 6.830000, G
0.516535, 0.385400, 0.034218, 4.087576, 6.830000, H
0.637623, 0.385165, 0.039038, 4.042147, 6.830000, I
2.501958, 0.384432, 0.038170, 2.240037, 6.830000, J
amount produced/need, avg price, sd, consumption_rate, avg def comm, char
 year: 86
0.387918, 0.376066, 0.040691, 2.978407, 6.970000, A
1.044679, 0.353137, 0.044203, 1.912332, 6.970000, B
1.464701, 0.358781, 0.038091, 2.021896, 6.970000, C
1.168551, 0.374329, 0.040969, 2.585320, 6.970000, D
1.127113, 0.361260, 0.040025, 2.509260, 6.970000, E
0.671035, 0.392284, 0.037935, 4.986297, 6.970000, F
0.772478, 0.372771, 0.043734, 2.632789, 6.970000, G
0.516535, 0.369201, 0.034349, 4.087576, 6.970000, H
0.637623, 0.382096, 0.041867, 4.042147, 6.970000, I
2.501958, 0.376336, 0.038867, 2.240037, 6.970000, J
amount produced/need, avg price, sd, consumption_rate, avg def comm, char
 year: 87
0.387918, 0.366113, 0.040486, 2.978407, 6.850000, A
1.044679, 0.348042, 0.043426, 1.912332, 6.850000, B
1.464701, 0.348368, 0.038129, 2.021896, 6.850000, C
1.168551, 0.359938, 0.039847, 2.585320, 6.850000, D
1.127113, 0.352933, 0.041705, 2.509260, 6.850000, E
0.671035, 0.372074, 0.036803, 4.986297, 6.850000, F
0.772478, 0.365444, 0.043496, 2.632789, 6.850000, G
0.516535, 0.357202, 0.035568, 4.087576, 6.850000, H
0.637623, 0.374401, 0.038943, 4.042147, 6.850000, I
2.501958, 0.367627, 0.042103, 2.240037, 6.850000, J
amount produced/need, avg price, sd, consumption_rate, avg def comm, char
 year: 88
0.387918, 0.353867, 0.037037, 2.978407, 7.000000, A
1.044679, 0.344189, 0.043268, 1.912332, 7.000000, B
1.464701, 0.340401, 0.039142, 2.021896, 7.000000, C
1.168551, 0.345989, 0.037368, 2.585320, 7.000000, D
1.127113, 0.347478, 0.042642, 2.509260, 7.000000, E
0.671035, 0.356583, 0.036447, 4.986297, 7.000000, F
0.772478, 0.351317, 0.042419, 2.632789, 7.000000, G
0.516535, 0.354799, 0.037470, 4.087576, 7.000000, H
0.637623, 0.366949, 0.037514, 4.042147, 7.000000, I
2.501958, 0.346568, 0.039604, 2.240037, 7.000000, J
amount produced/need, avg price, sd, consumption_rate, avg def comm, char
 year: 89
0.387918, 0.342907, 0.035674, 2.978407, 6.990000, A
1.044679, 0.335233, 0.040493, 1.912332, 6.990000, B
1.464701, 0.333014, 0.038424, 2.021896, 6.990000, C
1.168551, 0.336843, 0.037345, 2.585320, 6.990000, D
1.127113, 0.344426, 0.040990, 2.509260, 6.990000, E
0.671035, 0.342185, 0.036216, 4.986297, 6.990000, F
0.772478, 0.340365, 0.041114, 2.632789, 6.990000, G
0.516535, 0.350369, 0.037637, 4.087576, 6.990000, H
0.637623, 0.357826, 0.034828, 4.042147, 6.990000, I
2.501958, 0.328213, 0.039280, 2.240037, 6.990000, J
amount produced/need, avg price, sd, consumption_rate, avg def comm, char
 year: 90
0.387918, 0.330176, 0.032910, 2.978407, 6.930000, A
1.044679, 0.324045, 0.039592, 1.912332, 6.930000, B
1.464701, 0.329399, 0.038749, 2.021896, 6.930000, C
1.168551, 0.331667, 0.037688, 2.585320, 6.930000, D
1.127113, 0.335920, 0.037803, 2.509260, 6.930000, E
0.671035, 0.337791, 0.036087, 4.986297, 6.930000, F
0.772478, 0.328735, 0.040662, 2.632789, 6.930000, G
0.516535, 0.350247, 0.035813, 4.087576, 6.930000, H
0.637623, 0.336958, 0.032491, 4.042147, 6.930000, I
2.501958, 0.313275, 0.038386, 2.240037, 6.930000, J
amount produced/need, avg price, sd, consumption_rate, avg def comm, char
 year: 91
0.387918, 0.316526, 0.032246, 2.978407, 6.910000, A
1.044679, 0.314735, 0.036559, 1.912332, 6.910000, B
1.464701, 0.326188, 0.036538, 2.021896, 6.910000, C
1.168551, 0.325242, 0.036807, 2.585320, 6.910000, D
1.127113, 0.325326, 0.036350, 2.509260, 6.910000, E
0.671035, 0.334612, 0.037898, 4.986297, 6.910000, F
0.772478, 0.317559, 0.037775, 2.632789, 6.910000, G
0.516535, 0.334937, 0.032958, 4.087576, 6.910000, H
0.637623, 0.322038, 0.034229, 4.042147, 6.910000, I
2.501958, 0.296012, 0.036704, 2.240037, 6.910000, J
amount produced/need, avg price, sd, consumption_rate, avg def comm, char
 year: 92
0.387918, 0.311974, 0.032575, 2.978407, 6.870000, A
1.044679, 0.305741, 0.036876, 1.912332, 6.870000, B
1.464701, 0.318444, 0.033732, 2.021896, 6.870000, C
1.168551, 0.317244, 0.033184, 2.585320, 6.870000, D
1.127113, 0.316484, 0.035262, 2.509260, 6.870000, E
0.671035, 0.321367, 0.034671, 4.986297, 6.870000, F
0.772478, 0.309418, 0.036467, 2.632789, 6.870000, G
0.516535, 0.318943, 0.032090, 4.087576, 6.870000, H
0.637623, 0.309568, 0.034088, 4.042147, 6.870000, I
2.501958, 0.284312, 0.035778, 2.240037, 6.870000, J
amount produced/need, avg price, sd, consumption_rate, avg def comm, char
 year: 93
0.387918, 0.306514, 0.030945, 2.978407, 6.870000, A
1.044679, 0.299577, 0.036598, 1.912332, 6.870000, B
1.464701, 0.306490, 0.033371, 2.021896, 6.870000, C
1.168551, 0.309767, 0.031609, 2.585320, 6.870000, D
1.127113, 0.305420, 0.033414, 2.509260, 6.870000, E
0.671035, 0.312173, 0.032481, 4.986297, 6.870000, F
0.772478, 0.301239, 0.032958, 2.632789, 6.870000, G
0.516535, 0.302864, 0.030189, 4.087576, 6.870000, H
0.637623, 0.302651, 0.032814, 4.042147, 6.870000, I
2.501958, 0.274170, 0.035107, 2.240037, 6.870000, J
amount produced/need, avg price, sd, consumption_rate, avg def comm, char
 year: 94
0.387918, 0.297966, 0.028019, 2.978407, 6.850000, A
1.044679, 0.288806, 0.035780, 1.912332, 6.850000, B
1.464701, 0.289722, 0.031806, 2.021896, 6.850000, C
1.168551, 0.297734, 0.030526, 2.585320, 6.850000, D
1.127113, 0.293715, 0.032458, 2.509260, 6.850000, E
0.671035, 0.301703, 0.030781, 4.986297, 6.850000, F
0.772478, 0.297271, 0.031648, 2.632789, 6.850000, G
0.516535, 0.290534, 0.030031, 4.087576, 6.850000, H
0.637623, 0.299139, 0.031257, 4.042147, 6.850000, I
2.501958, 0.266815, 0.033867, 2.240037, 6.850000, J
amount produced/need, avg price, sd, consumption_rate, avg def comm, char
 year: 95
0.387918, 0.286131, 0.026472, 2.978407, 6.880000, A
1.044679, 0.276191, 0.033040, 1.912332, 6.880000, B
1.464701, 0.277846, 0.030155, 2.021896, 6.880000, C
1.168551, 0.280947, 0.028239, 2.585320, 6.880000, D
1.127113, 0.283909, 0.032578, 2.509260, 6.880000, E
0.671035, 0.292944, 0.030802, 4.986297, 6.880000, F
0.772478, 0.288476, 0.029150, 2.632789, 6.880000, G
0.516535, 0.287171, 0.030558, 4.087576, 6.880000, H
0.637623, 0.296486, 0.028753, 4.042147, 6.880000, I
2.501958, 0.265638, 0.035564, 2.240037, 6.880000, J
amount produced/need, avg price, sd, consumption_rate, avg def comm, char
 year: 96
0.387918, 0.275145, 0.026524, 2.978407, 6.850000, A
1.044679, 0.263085, 0.031886, 1.912332, 6.850000, B
1.464701, 0.267632, 0.030286, 2.021896, 6.850000, C
1.168551, 0.264787, 0.028177, 2.585320, 6.850000, D
1.127113, 0.270155, 0.031974, 2.509260, 6.850000, E
0.671035, 0.283018, 0.028976, 4.986297, 6.850000, F
0.772478, 0.279500, 0.028846, 2.632789, 6.850000, G
0.516535, 0.283777, 0.029676, 4.087576, 6.850000, H
0.637623, 0.286377, 0.025881, 4.042147, 6.850000, I
2.501958, 0.266044, 0.035014, 2.240037, 6.850000, J
amount produced/need, avg price, sd, consumption_rate, avg def comm, char
 year: 97
0.387918, 0.266620, 0.025835, 2.978407, 6.930000, A
1.044679, 0.253987, 0.030925, 1.912332, 6.930000, B
1.464701, 0.259061, 0.028156, 2.021896, 6.930000, C
1.168551, 0.253182, 0.027904, 2.585320, 6.930000, D
1.127113, 0.259383, 0.029784, 2.509260, 6.930000, E
0.671035, 0.276100, 0.029154, 4.986297, 6.930000, F
0.772478, 0.267615, 0.027258, 2.632789, 6.930000, G
0.516535, 0.278496, 0.027209, 4.087576, 6.930000, H
0.637623, 0.274639, 0.023673, 4.042147, 6.930000, I
2.501958, 0.264707, 0.033441, 2.240037, 6.930000, J
amount produced/need, avg price, sd, consumption_rate, avg def comm, char
 year: 98
0.387918, 0.258740, 0.026172, 2.978407, 6.870000, A
1.044679, 0.243726, 0.030472, 1.912332, 6.870000, B
1.464701, 0.252875, 0.029270, 2.021896, 6.870000, C
1.168551, 0.244202, 0.028244, 2.585320, 6.870000, D
1.127113, 0.254240, 0.030204, 2.509260, 6.870000, E
0.671035, 0.267798, 0.028514, 4.986297, 6.870000, F
0.772478, 0.255140, 0.026408, 2.632789, 6.870000, G
0.516535, 0.267230, 0.024043, 4.087576, 6.870000, H
0.637623, 0.268115, 0.025089, 4.042147, 6.870000, I
2.501958, 0.259722, 0.030247, 2.240037, 6.870000, J
amount produced/need, avg price, sd, consumption_rate, avg def comm, char
 year: 99
0.387918, 0.251283, 0.026792, 2.978407, 6.910000, A
1.044679, 0.235975, 0.028121, 1.912332, 6.910000, B
1.464701, 0.248058, 0.027610, 2.021896, 6.910000, C
1.168551, 0.235722, 0.027471, 2.585320, 6.910000, D
1.127113, 0.248916, 0.029700, 2.509260, 6.910000, E
0.671035, 0.255483, 0.025542, 4.986297, 6.910000, F
0.772478, 0.245967, 0.026570, 2.632789, 6.910000, G
0.516535, 0.259314, 0.023000, 4.087576, 6.910000, H
0.637623, 0.257641, 0.023474, 4.042147, 6.910000, I
2.501958, 0.252042, 0.027030, 2.240037, 6.910000, J
amount produced/need, avg price, sd, consumption_rate, avg def comm, char
 year: 100
0.387918, 0.239630, 0.025428, 2.978407, 6.990000, A
1.044679, 0.230853, 0.028284, 1.912332, 6.990000, B
1.464701, 0.240128, 0.026551, 2.021896, 6.990000, C
1.168551, 0.237159, 0.028916, 2.585320, 6.990000, D
1.127113, 0.246485, 0.028722, 2.509260, 6.990000, E
0.671035, 0.248583, 0.025632, 4.986297, 6.990000, F
0.772478, 0.237961, 0.026529, 2.632789, 6.990000, G
0.516535, 0.247892, 0.023084, 4.087576, 6.990000, H
0.637623, 0.245636, 0.023440, 4.042147, 6.990000, I
2.501958, 0.241263, 0.023790, 2.240037, 6.990000, J
