amtProduced_need, avg_price, sd, consumption_rate, consumed, char
1.690001, 2.979698, 0.770105, 1.912332, 6515949375380906.000000, B
1.690001, 3.207645, 0.516557, 1.912332, 1471267348229.862300, B
1.690001, 3.284911, 0.434467, 1.912332, 0.000000, B
1.690001, 3.089825, 0.402220, 1.912332, 0.000000, B
1.690001, 2.894795, 0.336922, 1.912332, 13241457546554373000000000.000000, B
1.690001, 3.120890, 0.433324, 1.912332, 88792679714353760.000000, B
1.690001, 4.085597, 0.630631, 1.912332, 6002.572090, B
1.690001, 4.903810, 0.830592, 1.912332, 5619788729.840776, B
1.690001, 3.760531, 0.476034, 1.912332, 0.000000, B
1.690001, 2.969290, 0.387642, 1.912332, 0.000000, B
1.690001, 2.380874, 0.350502, 1.912332, 0.000000, B
1.690001, 2.000765, 0.310150, 1.912332, 0.000000, B
1.690001, 1.854090, 0.260800, 1.912332, 10992296.274696, B
1.690001, 2.256502, 0.345965, 1.912332, 9749592328.502592, B
1.690001, 3.012491, 0.497496, 1.912332, 209.168157, B
1.690001, 3.329175, 0.489015, 1.912332, 6750011594880.625000, B
1.690001, 2.325926, 0.281425, 1.912332, 0.000000, B
1.690001, 1.632635, 0.208717, 1.912332, 0.000000, B
1.690001, 1.160138, 0.176092, 1.912332, 0.000000, B
1.690001, 0.831885, 0.157199, 1.912332, 0.000000, B
1.690001, 0.601481, 0.129854, 1.912332, 0.000000, B
1.690001, 0.436158, 0.105198, 1.912332, 0.000000, B
1.690001, 0.323651, 0.087147, 1.912332, 0.000000, B
1.690001, 0.247742, 0.071140, 1.912332, 0.000000, B
1.690001, 0.190696, 0.054558, 1.912332, 0.000000, B
1.690001, 0.153475, 0.043724, 1.912332, 0.000000, B
1.690001, 0.128574, 0.032357, 1.912332, 261430.821619, B
1.690001, 0.121820, 0.023168, 1.912332, 5664814038663242.000000, B
1.690001, 0.124892, 0.022486, 1.912332, 62536466517906808.000000, B
1.690001, 0.147105, 0.024355, 1.912332, 44003913.847562, B
1.690001, 0.207330, 0.030064, 1.912332, 7.212696, B
1.690001, 0.309608, 0.051573, 1.912332, 0.000000, B
1.690001, 0.415803, 0.069981, 1.912332, 0.066572, B
1.690001, 0.290415, 0.046742, 1.912332, 0.000000, B
1.690001, 0.204117, 0.037404, 1.912332, 0.000000, B
1.690001, 0.146050, 0.029798, 1.912332, 0.000000, B
1.690001, 0.104052, 0.023928, 1.912332, 0.000000, B
1.690001, 0.074762, 0.019405, 1.912332, 0.000000, B
1.690001, 0.054589, 0.016087, 1.912332, 0.000000, B
1.690001, 0.040137, 0.012615, 1.912332, 0.000000, B
1.690001, 0.029827, 0.010072, 1.912332, 0.000000, B
1.690001, 0.022738, 0.008101, 1.912332, 0.000000, B
1.690001, 0.017343, 0.006444, 1.912332, 0.000000, B
1.690001, 0.013687, 0.005150, 1.912332, 0.000000, B
1.690001, 0.010998, 0.003848, 1.912332, 0.000000, B
1.690001, 0.009310, 0.002848, 1.912332, 0.000000, B
1.690001, 0.008360, 0.002064, 1.912332, 2.711952, B
1.690001, 0.008516, 0.001890, 1.912332, 312693726911547650.000000, B
1.690001, 0.010071, 0.002024, 1.912332, 4508.239062, B
1.690001, 0.013083, 0.002222, 1.912332, 1366406.471643, B
1.690001, 0.013759, 0.002186, 1.912332, 115072862088207.270000, B
1.690001, 0.010283, 0.001414, 1.912332, 0.000000, B
1.690001, 0.007726, 0.001121, 1.912332, 0.000000, B
1.690001, 0.005817, 0.000973, 1.912332, 0.000000, B
1.690001, 0.004497, 0.000856, 1.912332, 0.000000, B
1.690001, 0.003471, 0.000721, 1.912332, 0.000000, B
1.690001, 0.002726, 0.000622, 1.912332, 0.000000, B
1.690001, 0.002223, 0.000517, 1.912332, 20777177471.584960, B
1.690001, 0.001907, 0.000433, 1.912332, 0.000000, B
1.690001, 0.001798, 0.000343, 1.912332, 36350711816462352.000000, B
1.690001, 0.002468, 0.000490, 1.912332, 779.496087, B
1.690001, 0.003674, 0.000734, 1.912332, 0.000000, B
1.690001, 0.005474, 0.001117, 1.912332, 0.000000, B
1.690001, 0.004080, 0.000637, 1.912332, 0.000000, B
1.690001, 0.003033, 0.000418, 1.912332, 0.000000, B
1.690001, 0.002308, 0.000320, 1.912332, 0.000000, B
1.690001, 0.001780, 0.000300, 1.912332, 0.000000, B
1.690001, 0.001401, 0.000262, 1.912332, 0.000000, B
1.690001, 0.001126, 0.000226, 1.912332, 0.000000, B
1.690001, 0.000930, 0.000183, 1.912332, 0.000000, B
1.690001, 0.000815, 0.000153, 1.912332, 0.000000, B
1.690001, 0.000763, 0.000141, 1.912332, 14856045023539948.000000, B
1.690001, 0.000821, 0.000147, 1.912332, 258341575.084895, B
1.690001, 0.000840, 0.000135, 1.912332, 3013.587905, B
1.690001, 0.000643, 0.000089, 1.912332, 0.000000, B
1.690001, 0.000494, 0.000071, 1.912332, 0.000000, B
1.690001, 0.000392, 0.000060, 1.912332, 0.000000, B
1.690001, 0.000308, 0.000053, 1.912332, 0.000000, B
1.690001, 0.000250, 0.000046, 1.912332, 0.000000, B
1.690001, 0.000212, 0.000039, 1.912332, 0.000000, B
1.690001, 0.000193, 0.000032, 1.912332, 439609.800361, B
1.690001, 0.000227, 0.000036, 1.912332, 12281635511239.676000, B
1.690001, 0.000266, 0.000049, 1.912332, 0.000000, B
1.690001, 0.000217, 0.000033, 1.912332, 0.000000, B
1.690001, 0.000174, 0.000024, 1.912332, 0.000000, B
1.690001, 0.000134, 0.000019, 1.912332, 0.000000, B
1.690001, 0.000103, 0.000016, 1.912332, 0.000000, B
1.690001, 0.000081, 0.000014, 1.912332, 0.000000, B
1.690001, 0.000063, 0.000013, 1.912332, 0.000000, B
1.690001, 0.000050, 0.000011, 1.912332, 0.000000, B
1.690001, 0.000041, 0.000009, 1.912332, 0.000000, B
1.690001, 0.000035, 0.000007, 1.912332, 0.000000, B
1.690001, 0.000032, 0.000006, 1.912332, 1208334276257316500000000.000000, B
1.690001, 0.000040, 0.000007, 1.912332, 66283618.576514, B
1.690001, 0.000051, 0.000008, 1.912332, 2435689.548618, B
1.690001, 0.000035, 0.000005, 1.912332, 0.000000, B
1.690001, 0.000024, 0.000004, 1.912332, 0.000000, B
1.690001, 0.000017, 0.000003, 1.912332, 0.000000, B
1.690001, 0.000012, 0.000002, 1.912332, 0.000000, B
1.690001, 0.000008, 0.000002, 1.912332, 0.000000, B
