amtProduced_need, avg_price, sd, consumption_rate, consumed, char
0.724490, 3.393271, 0.937383, 2.632789, 16948753676698.092000, G
0.724490, 3.883546, 0.966962, 2.632789, 1833444564515.593800, G
0.724490, 4.416746, 0.875022, 2.632789, 909708886311666.100000, G
0.724490, 4.831797, 0.904187, 2.632789, 22639511461559684.000000, G
0.724490, 5.484946, 1.027842, 2.632789, 0.102325, G
0.724490, 6.065206, 1.084661, 2.632789, 204164302798.105870, G
0.724490, 6.416446, 0.884956, 2.632789, 3794184.101800, G
0.724490, 7.104218, 1.041503, 2.632789, 6476200201469368.000000, G
0.724490, 7.493466, 1.304056, 2.632789, 5659877913641327.000000, G
0.724490, 8.187315, 1.166721, 2.632789, 3754894588244948.000000, G
0.724490, 9.206258, 1.458752, 2.632789, 4544671.030467, G
0.724490, 9.797253, 1.457288, 2.632789, 86364390325.358220, G
0.724490, 10.945380, 1.632486, 2.632789, 117609822712149232.000000, G
0.724490, 11.992899, 1.872171, 2.632789, 2121995244.717457, G
0.724490, 13.347490, 2.215561, 2.632789, 24125727.448939, G
0.724490, 13.810032, 2.087590, 2.632789, 1582234022221.452400, G
0.724490, 15.410172, 2.608217, 2.632789, 221176316.287221, G
0.724490, 16.741591, 2.379079, 2.632789, 0.000000, G
0.724490, 18.825450, 2.625612, 2.632789, 260745301745758656.000000, G
0.724490, 20.488398, 3.216969, 2.632789, 698064952909.076400, G
0.724490, 22.146851, 3.591259, 2.632789, 463.157063, G
0.724490, 23.417888, 3.646767, 2.632789, 7161899107.090139, G
0.724490, 24.665009, 3.692252, 2.632789, 49409486430.057020, G
0.724490, 26.663671, 3.879860, 2.632789, 51809601612229224.000000, G
0.724490, 28.958194, 4.365811, 2.632789, 15019702195059280.000000, G
0.724490, 29.943620, 3.940262, 2.632789, 3754894466810142.500000, G
0.724490, 33.351311, 4.533363, 2.632789, 691216328855137.600000, G
0.724490, 37.755117, 6.260068, 2.632789, 58670227362627.800000, G
0.724490, 41.966841, 7.158839, 2.632789, 3162207129728.495000, G
0.724490, 46.178783, 8.005339, 2.632789, 437127.247780, G
0.724490, 49.445677, 7.890210, 2.632789, 348543.441632, G
0.724490, 50.078757, 7.913082, 2.632789, 69984121857031376.000000, G
0.724490, 53.218849, 8.134910, 2.632789, 1778063874514082820.000000, G
0.724490, 59.034440, 8.410465, 2.632789, 0.452302, G
0.724490, 62.110595, 8.647177, 2.632789, 7531897831532022.000000, G
0.724490, 66.746727, 9.684303, 2.632789, 343289809181145150.000000, G
0.724490, 72.682954, 11.926035, 2.632789, 60078312594596744.000000, G
0.724490, 77.014886, 10.663950, 2.632789, 1897092.165652, G
0.724490, 86.274674, 12.802371, 2.632789, 3131997.364704, G
0.724490, 93.035937, 12.731472, 2.632789, 3238100554782754.500000, G
0.724490, 99.692106, 14.069738, 2.632789, 65183561824386240.000000, G
0.724490, 114.244366, 17.162385, 2.632789, 29335113021954.320000, G
0.724490, 124.407799, 21.285573, 2.632789, 107295.248818, G
0.724490, 130.261510, 19.682278, 2.632789, 116709315054863.770000, G
0.724490, 136.649965, 17.718437, 2.632789, 6074994758754468900.000000, G
0.724490, 149.115464, 22.387827, 2.632789, 275779140908387136.000000, G
0.724490, 161.481283, 25.700445, 2.632789, 3553924029421977.500000, G
0.724490, 170.873119, 23.815319, 2.632789, 84338752.409665, G
0.724490, 190.997852, 29.738728, 2.632789, 0.000000, G
0.724490, 215.688983, 35.186678, 2.632789, 1135833608226493.000000, G
0.724490, 233.007645, 33.430899, 2.632789, 1287.503260, G
0.724490, 254.207557, 37.223878, 2.632789, 497311110108.930600, G
0.724490, 279.941365, 42.356717, 2.632789, 254623288375772.470000, G
0.724490, 299.621675, 46.644587, 2.632789, 335934871327568.700000, G
0.724490, 331.419810, 52.153812, 2.632789, 9414772387453794.000000, G
0.724490, 362.962906, 57.022995, 2.632789, 248655555054.465300, G
0.724490, 407.661168, 59.997598, 2.632789, 13263306554321396000.000000, G
0.724490, 449.025819, 63.520544, 2.632789, 181116551024927712.000000, G
0.724490, 500.801169, 74.629437, 2.632789, 0.000000, G
0.724490, 531.603207, 73.392970, 2.632789, 69724832209574.160000, G
0.724490, 586.001016, 86.824281, 2.632789, 0.000000, G
0.724490, 638.170594, 89.153559, 2.632789, 14870364583947300.000000, G
0.724490, 701.144220, 97.085703, 2.632789, 23604.937935, G
0.724490, 748.165888, 115.566468, 2.632789, 171644904590572640.000000, G
0.724490, 830.380945, 122.631495, 2.632789, 223809199.918540, G
0.724490, 921.352063, 147.790854, 2.632789, 6231324889.474077, G
0.724490, 1021.908526, 150.826463, 2.632789, 6863.297439, G
0.724490, 1142.721435, 183.952292, 2.632789, 12920.615267, G
0.724490, 1238.914196, 204.774072, 2.632789, 15019577867264130.000000, G
0.724490, 1375.797700, 253.458423, 2.632789, 353750137072962.600000, G
0.724490, 1500.525563, 271.367825, 2.632789, 1130829792427.013700, G
0.724490, 1628.289319, 279.957892, 2.632789, 304.912419, G
0.724490, 1772.985949, 297.855801, 2.632789, 2813163983397.012700, G
0.724490, 2023.959981, 312.191537, 2.632789, 48251451.614971, G
0.724490, 2125.196350, 296.657907, 2.632789, 1877496644209380.500000, G
0.724490, 2261.691068, 334.099092, 2.632789, 1413081207663.298800, G
0.724490, 2432.371798, 346.004463, 2.632789, 1989244440435.722400, G
0.724490, 2684.296237, 366.482263, 2.632789, 60706922.620719, G
0.724490, 2982.998620, 504.203369, 2.632789, 6476200201469368.000000, G
0.724490, 3183.524713, 435.742013, 2.632789, 3238100100735906.000000, G
0.724490, 3484.049291, 463.712694, 2.632789, 120156713462400720.000000, G
0.724490, 3784.799164, 589.537918, 2.632789, 51849863942424800.000000, G
0.724490, 4061.663677, 620.234453, 2.632789, 23318620834872488000.000000, G
0.724490, 4333.578789, 616.055910, 2.632789, 5460624045.947169, G
0.724490, 4950.403487, 731.731255, 2.632789, 4308653518187993.500000, G
0.724490, 5345.524893, 749.837848, 2.632789, 1010105212280729980.000000, G
0.724490, 5702.022290, 804.221889, 2.632789, 1545150412.325637, G
0.724490, 6239.079567, 927.681799, 2.632789, 15176753.663265, G
0.724490, 6705.722411, 1168.693240, 2.632789, 210068345379714752.000000, G
0.724490, 7233.161018, 1259.748184, 2.632789, 1567141.965461, G
0.724490, 7860.860964, 1378.478111, 2.632789, 1349455570.689498, G
0.724490, 8311.417427, 1363.359368, 2.632789, 345644535676.238950, G
0.724490, 8951.131457, 1339.022088, 2.632789, 12558.141946, G
0.724490, 9639.390651, 1491.512613, 2.632789, 3500159.238092, G
0.724490, 10357.210064, 1407.055120, 2.632789, 1472.517443, G
0.724490, 11245.077704, 1639.469818, 2.632789, 554648422106.139900, G
0.724490, 12235.198815, 1654.934058, 2.632789, 754572.384286, G
0.724490, 13472.739289, 2158.929683, 2.632789, 711629623520689.600000, G
0.724490, 14151.451693, 1956.356397, 2.632789, 109929088035533888.000000, G
0.724490, 15854.210008, 2403.787847, 2.632789, 62188031738.808914, G
