amtProduced_need, avg_price, sd, consumption_rate, consumed, char
0.736620, 3.095922, 0.832239, 4.087576, 1350521602515.057600, H
0.736620, 3.313535, 0.671716, 4.087576, 1007725975360.259500, H
0.736620, 3.530025, 0.552159, 4.087576, 67164266318514.380000, H
0.736620, 3.744168, 0.605837, 4.087576, 136820834423146.450000, H
0.736620, 4.005625, 0.630289, 4.087576, 34381277264901072.000000, H
0.736620, 4.210477, 0.609566, 4.087576, 125077.752815, H
0.736620, 4.344825, 0.621484, 4.087576, 484905597684449.700000, H
0.736620, 4.606501, 0.619922, 4.087576, 423611.548776, H
0.736620, 4.902459, 0.788102, 4.087576, 18633165906048610000.000000, H
0.736620, 5.255689, 0.789683, 4.087576, 106239206181499616.000000, H
0.736620, 5.379778, 0.732390, 4.087576, 1413054.761135, H
0.736620, 5.829601, 0.778802, 4.087576, 257913198530949536.000000, H
0.736620, 6.007031, 0.861143, 4.087576, 683102150453382400.000000, H
0.736620, 6.668502, 0.889282, 4.087576, 4003859.479131, H
0.736620, 7.148387, 1.073163, 4.087576, 51830988534593.560000, H
0.736620, 7.606921, 1.036498, 4.087576, 12266556510314.893000, H
0.736620, 7.899623, 1.043759, 4.087576, 3913071484087898600.000000, H
0.736620, 8.458280, 1.142262, 4.087576, 916667122541682820.000000, H
0.736620, 9.031922, 1.364489, 4.087576, 582286433166771710.000000, H
0.736620, 9.713693, 1.423530, 4.087576, 131924817073996096.000000, H
0.736620, 10.444804, 1.688152, 4.087576, 755391589587808.400000, H
0.736620, 11.188755, 1.687341, 4.087576, 129873544347658160.000000, H
0.736620, 12.005441, 1.787430, 4.087576, 13268731357632218.000000, H
0.736620, 12.660190, 1.920824, 4.087576, 6107393466319246300.000000, H
0.736620, 13.880016, 2.134999, 4.087576, 1376980791882928640.000000, H
0.736620, 14.362620, 2.251256, 4.087576, 1302.746289, H
0.736620, 15.595416, 2.727958, 4.087576, 45801548775640.960000, H
0.736620, 17.040144, 2.845553, 4.087576, 322482940231789760.000000, H
0.736620, 17.499256, 2.306090, 4.087576, 275409957164654496.000000, H
0.736620, 19.024958, 2.926704, 4.087576, 218545503799.598080, H
0.736620, 20.250861, 3.305292, 4.087576, 315928980547165250.000000, H
0.736620, 22.120795, 3.307601, 4.087576, 521179955087.854550, H
0.736620, 23.089156, 4.217963, 4.087576, 6671352417.250136, H
0.736620, 24.723546, 3.977897, 4.087576, 3890425311860250.000000, H
0.736620, 25.709605, 4.397323, 4.087576, 466369.697873, H
0.736620, 27.145996, 6.016915, 4.087576, 2209104.131335, H
0.736620, 28.850288, 5.043032, 4.087576, 545159101818.253300, H
0.736620, 30.744775, 5.102952, 4.087576, 2542845970766439900.000000, H
0.736620, 32.497815, 5.384716, 4.087576, 722138874322919.500000, H
0.736620, 34.927862, 5.001522, 4.087576, 6085485404769886200.000000, H
0.736620, 38.249581, 5.574191, 4.087576, 67476335359967.140000, H
0.736620, 41.589246, 5.304469, 4.087576, 81062386.460086, H
0.736620, 44.318100, 6.358811, 4.087576, 178912305548.931200, H
0.736620, 46.632527, 6.220596, 4.087576, 697403509974818.500000, H
0.736620, 50.137530, 7.650331, 4.087576, 67992141803954936.000000, H
0.736620, 54.174318, 7.946853, 4.087576, 798338304715051.500000, H
0.736620, 59.444350, 9.013020, 4.087576, 1498711328164901.500000, H
0.736620, 63.691031, 9.276297, 4.087576, 341248.125606, H
0.736620, 67.689647, 9.177085, 4.087576, 1832.580000, H
0.736620, 74.942969, 12.001343, 4.087576, 537246380475086.500000, H
0.736620, 80.894878, 13.062583, 4.087576, 6634528606764271.000000, H
0.736620, 89.045585, 16.157680, 4.087576, 6801580288854372.000000, H
0.736620, 96.365938, 18.263021, 4.087576, 255472973255936832.000000, H
0.736620, 98.883637, 18.846779, 4.087576, 5176180831932610000000.000000, H
0.736620, 105.509725, 18.884584, 4.087576, 28678771428165296.000000, H
0.736620, 115.835606, 19.399244, 4.087576, 6676750.005356, H
0.736620, 119.043173, 16.549257, 4.087576, 853693416.899028, H
0.736620, 129.235733, 19.679565, 4.087576, 3450001035263772.000000, H
0.736620, 137.173970, 21.926625, 4.087576, 89767065367294870000.000000, H
0.736620, 154.339557, 25.469871, 4.087576, 13831.556181, H
0.736620, 164.325910, 26.085909, 4.087576, 1862692624554.481400, H
0.736620, 176.744278, 23.450736, 4.087576, 71275218040000.360000, H
0.736620, 188.433735, 24.228145, 4.087576, 77176275399731296.000000, H
0.736620, 195.613522, 26.414532, 4.087576, 1334189250376429.800000, H
0.736620, 200.638190, 25.159716, 4.087576, 916646275981761540.000000, H
0.736620, 210.800952, 28.182852, 4.087576, 6568914542.513905, H
0.736620, 226.549059, 37.130333, 4.087576, 0.000000, H
0.736620, 239.766389, 35.927335, 4.087576, 197719509.510910, H
0.736620, 260.065968, 38.347649, 4.087576, 38565550004539.470000, H
0.736620, 276.004457, 43.673006, 4.087576, 163295208555.620000, H
0.736620, 294.969553, 44.875770, 4.087576, 98937411.885186, H
0.736620, 303.942022, 47.768769, 4.087576, 29246433078548.100000, H
0.736620, 322.328981, 47.009463, 4.087576, 3317183165784633.000000, H
0.736620, 347.851834, 52.560222, 4.087576, 260585176286.784700, H
0.736620, 364.718266, 49.958789, 4.087576, 37055.977629, H
0.736620, 387.680415, 54.422905, 4.087576, 326765136161.064450, H
0.736620, 402.729978, 54.774407, 4.087576, 763804640671894400.000000, H
0.736620, 428.179834, 54.418790, 4.087576, 1440966872458366.000000, H
0.736620, 467.861397, 64.427322, 4.087576, 116047907087626176.000000, H
0.736620, 515.623381, 81.744996, 4.087576, 849198806942069760.000000, H
0.736620, 549.685459, 96.618536, 4.087576, 602586709112.512100, H
0.736620, 602.962516, 102.174129, 4.087576, 8710036417941773.000000, H
0.736620, 658.764712, 118.664723, 4.087576, 12957745472439.775000, H
0.736620, 697.850245, 117.010825, 4.087576, 343286250044683140.000000, H
0.736620, 749.352776, 147.125774, 4.087576, 381840647742661760.000000, H
0.736620, 816.723231, 124.661765, 4.087576, 684934990941916160.000000, H
0.736620, 906.151931, 133.344646, 4.087576, 1222.517258, H
0.736620, 949.564932, 135.564509, 4.087576, 4939276067927843800.000000, H
0.736620, 980.836765, 130.044878, 4.087576, 27112829304.744747, H
0.736620, 1063.621580, 144.718137, 4.087576, 12687618397108318.000000, H
0.736620, 1112.919560, 142.254719, 4.087576, 21738659780196745000.000000, H
0.736620, 1216.107810, 193.992576, 4.087576, 8393825903204.135000, H
0.736620, 1255.300717, 194.706771, 4.087576, 3580650791378249.500000, H
0.736620, 1335.255254, 186.835079, 4.087576, 1748364034905.886200, H
0.736620, 1413.848724, 211.365486, 4.087576, 20871652722513.605000, H
0.736620, 1529.883324, 239.787033, 4.087576, 847600475729.200400, H
0.736620, 1610.757680, 234.788717, 4.087576, 39660013916142360.000000, H
0.736620, 1798.571893, 267.725782, 4.087576, 42693754721981160.000000, H
0.736620, 1938.227010, 310.721896, 4.087576, 9415480816.585167, H
0.736620, 2044.146556, 337.508211, 4.087576, 2468195160524728.500000, H
