0.883466, 2.781534, 0.714643, 2.978407, 11235579135264490.000000, A
1.690001, 2.883645, 0.829689, 1.912332, 20488327268089675000000.000000, B
0.793129, 3.441090, 0.865425, 2.021896, 185794072807646.100000, C
1.124094, 3.039063, 0.834219, 2.585320, 413948148858171460.000000, D
1.412168, 2.853254, 0.706609, 2.509260, 77088.201789, E
0.453340, 3.478504, 1.000236, 4.986297, 4302626916.310671, F
0.724490, 3.393271, 0.937383, 2.632789, 16948753676698.092000, G
0.736620, 3.095922, 0.832239, 4.087576, 1350521602515.057600, H
0.688203, 3.148942, 0.846476, 4.042147, 44524446493713112.000000, I
0.726488, 3.280900, 0.796826, 2.240037, 37229868804724704.000000, J
0.883466, 2.812142, 0.545003, 2.978407, 15355071347670900000.000000, A
1.690001, 2.856754, 0.578619, 1.912332, 0.000000, B
0.793129, 3.818592, 0.796821, 2.021896, 1384273.713884, C
1.124094, 3.032120, 0.566756, 2.585320, 181643523010.012540, D
1.412168, 2.724099, 0.566864, 2.509260, 0.000000, E
0.453340, 4.092272, 0.874264, 4.986297, 1213772950.334312, F
0.724490, 3.883546, 0.966962, 2.632789, 1833444564515.593800, G
0.736620, 3.313535, 0.671716, 4.087576, 1007725975360.259500, H
0.688203, 3.442319, 0.685204, 4.042147, 912370911677085.900000, I
0.726488, 3.672677, 0.739560, 2.240037, 13427787586465052.000000, J
0.883466, 2.916543, 0.545648, 2.978407, 287697819436939580000.000000, A
1.690001, 2.914359, 0.539991, 1.912332, 0.000000, B
0.793129, 4.315683, 0.896616, 2.021896, 323.252120, C
1.124094, 3.012040, 0.484366, 2.585320, 3673588208448739800.000000, D
1.412168, 2.570867, 0.452069, 2.509260, 1944768.557688, E
0.453340, 4.795216, 0.841316, 4.986297, 3281639338.427651, F
0.724490, 4.416746, 0.875022, 2.632789, 909708886311666.100000, G
0.736620, 3.530025, 0.552159, 4.087576, 67164266318514.380000, H
0.688203, 3.663393, 0.664050, 4.042147, 4308.385160, I
0.726488, 4.059151, 0.644967, 2.240037, 10575427364.205364, J
0.883466, 3.016322, 0.576422, 2.978407, 14858502059876516.000000, A
1.690001, 2.978150, 0.477162, 1.912332, 0.000000, B
0.793129, 4.693153, 0.665075, 2.021896, 177709732061818.900000, C
1.124094, 2.968006, 0.412885, 2.585320, 58934610060739990000.000000, D
1.412168, 2.334819, 0.364725, 2.509260, 6336116402269877000000.000000, E
0.453340, 5.592739, 0.793258, 4.986297, 3050246156.293281, F
0.724490, 4.831797, 0.904187, 2.632789, 22639511461559684.000000, G
0.736620, 3.744168, 0.605837, 4.087576, 136820834423146.450000, H
0.688203, 4.024785, 0.669043, 4.042147, 51735534918592728.000000, I
0.726488, 4.534160, 0.752905, 2.240037, 17646131657.418297, J
0.883466, 3.106743, 0.427783, 2.978407, 504404118856729170000.000000, A
1.690001, 2.956142, 0.414159, 1.912332, 6924696174.595185, B
0.793129, 5.256220, 0.806200, 2.021896, 2789915.570010, C
1.124094, 2.830074, 0.490271, 2.585320, 1122053630751617.200000, D
1.412168, 2.166956, 0.314820, 2.509260, 75.288444, E
0.453340, 6.738008, 1.091435, 4.986297, 24713067693.203957, F
0.724490, 5.484946, 1.027842, 2.632789, 0.102325, G
0.736620, 4.005625, 0.630289, 4.087576, 34381277264901072.000000, H
0.688203, 4.315347, 0.754259, 4.042147, 51902636262595.000000, I
0.726488, 4.925715, 0.712132, 2.240037, 4764905337537701900.000000, J
0.883466, 3.203536, 0.458153, 2.978407, 68791988988216.580000, A
1.690001, 3.019119, 0.441581, 1.912332, 0.000000, B
0.793129, 5.899749, 0.871486, 2.021896, 355419639171459.000000, C
1.124094, 2.768414, 0.411738, 2.585320, 1356994485384298500000000.000000, D
1.412168, 2.063629, 0.299475, 2.509260, 2612835819805955000000000.000000, E
0.453340, 7.977731, 1.312413, 4.986297, 14003359.617998, F
0.724490, 6.065206, 1.084661, 2.632789, 204164302798.105870, G
0.736620, 4.210477, 0.609566, 4.087576, 125077.752815, H
0.688203, 4.668788, 0.670877, 4.042147, 527897814.660317, I
0.726488, 5.221111, 0.759224, 2.240037, 409663475604876030.000000, J
0.883466, 3.355492, 0.490661, 2.978407, 5459425963788.289000, A
1.690001, 2.940424, 0.458880, 1.912332, 39483.152250, B
0.793129, 6.652472, 1.098720, 2.021896, 11471936661116.322000, C
1.124094, 2.687500, 0.409945, 2.585320, 0.000000, D
1.412168, 1.995879, 0.307869, 2.509260, 2514571550828399000000.000000, E
0.453340, 9.640513, 1.619575, 4.986297, 810586983.941418, F
0.724490, 6.416446, 0.884956, 2.632789, 3794184.101800, G
0.736620, 4.344825, 0.621484, 4.087576, 484905597684449.700000, H
0.688203, 5.187565, 0.789756, 4.042147, 2732549794.019284, I
0.726488, 5.792227, 0.844226, 2.240037, 4169596986418735.500000, J
0.883466, 3.449822, 0.485380, 2.978407, 4464082881592.653000, A
1.690001, 2.897095, 0.403027, 1.912332, 36394548.882231, B
0.793129, 7.155864, 1.309432, 2.021896, 3017966758882.960000, C
1.124094, 2.602073, 0.392423, 2.585320, 561026824779708.300000, D
1.412168, 1.845632, 0.327616, 2.509260, 281752732578983680.000000, E
0.453340, 11.684745, 1.975255, 4.986297, 268861278.341923, F
0.724490, 7.104218, 1.041503, 2.632789, 6476200201469368.000000, G
0.736620, 4.606501, 0.619922, 4.087576, 423611.548776, H
0.688203, 5.390575, 0.763575, 4.042147, 5060848274269.765000, I
0.726488, 6.243914, 0.959961, 2.240037, 174511220668994.380000, J
0.883466, 3.604895, 0.479132, 2.978407, 841213243744997760.000000, A
1.690001, 2.809906, 0.416359, 1.912332, 74536035985.009770, B
0.793129, 8.071303, 1.477922, 2.021896, 1421677856494551.000000, C
1.124094, 2.571870, 0.439950, 2.585320, 9873437699439.447000, D
1.412168, 1.704949, 0.273474, 2.509260, 0.000000, E
0.453340, 13.642182, 2.220417, 4.986297, 18016905844.176025, F
0.724490, 7.493466, 1.304056, 2.632789, 5659877913641327.000000, G
0.736620, 4.902459, 0.788102, 4.087576, 18633165906048610000.000000, H
0.688203, 5.700766, 0.819994, 4.042147, 1001685028960595330.000000, I
0.726488, 6.779522, 1.102423, 2.240037, 66028319.082609, J
0.883466, 3.563858, 0.488956, 2.978407, 503793171719422200000000.000000, A
1.690001, 2.758303, 0.453422, 1.912332, 1.965609, B
0.793129, 8.869132, 1.349842, 2.021896, 216.607356, C
1.124094, 2.608698, 0.458110, 2.585320, 9628533000.556740, D
1.412168, 1.614180, 0.243789, 2.509260, 0.000000, E
0.453340, 16.105654, 2.584884, 4.986297, 37081831227.062370, F
0.724490, 8.187315, 1.166721, 2.632789, 3754894588244948.000000, G
0.736620, 5.255689, 0.789683, 4.087576, 106239206181499616.000000, H
0.688203, 6.250906, 0.905361, 4.042147, 35425947100818120.000000, I
0.726488, 7.444086, 1.165419, 2.240037, 9796.631188, J
0.883466, 3.685181, 0.528748, 2.978407, 126912691811171200000.000000, A
1.690001, 2.793866, 0.413303, 1.912332, 156313396938035296.000000, B
0.793129, 10.156097, 1.553632, 2.021896, 177709732064489.900000, C
1.124094, 2.589828, 0.410756, 2.585320, 58777411335161000000.000000, D
1.412168, 1.480762, 0.202460, 2.509260, 20667.344215, E
0.453340, 19.299329, 3.124162, 4.986297, 197082341.555360, F
0.724490, 9.206258, 1.458752, 2.632789, 4544671.030467, G
0.736620, 5.379778, 0.732390, 4.087576, 1413054.761135, H
0.688203, 6.730011, 1.072314, 4.042147, 199539457441.287780, I
0.726488, 8.198465, 1.305923, 2.240037, 1209074063152.769500, J
0.883466, 3.806267, 0.660733, 2.978407, 2.594712, A
1.690001, 2.700084, 0.412032, 1.912332, 0.000000, B
0.793129, 11.168461, 1.530355, 2.021896, 0.000000, C
1.124094, 2.555300, 0.365239, 2.585320, 393606370893.981570, D
1.412168, 1.412721, 0.202332, 2.509260, 16015.788552, E
0.453340, 22.583492, 3.508039, 4.986297, 451015259893.392640, F
0.724490, 9.797253, 1.457288, 2.632789, 86364390325.358220, G
0.736620, 5.829601, 0.778802, 4.087576, 257913198530949536.000000, H
0.688203, 7.245763, 1.202478, 4.042147, 438185996547226110.000000, I
0.726488, 9.035190, 1.375981, 2.240037, 2161279534265.817100, J
0.883466, 3.834540, 0.532615, 2.978407, 33594220001449550000.000000, A
1.690001, 2.771590, 0.466130, 1.912332, 0.000000, B
0.793129, 12.663727, 1.972227, 2.021896, 41376.271300, C
1.124094, 2.460316, 0.333498, 2.585320, 323532697053771710.000000, D
1.412168, 1.336820, 0.187587, 2.509260, 0.000000, E
0.453340, 27.008996, 4.549279, 4.986297, 5069246985.572701, F
0.724490, 10.945380, 1.632486, 2.632789, 117609822712149232.000000, G
0.736620, 6.007031, 0.861143, 4.087576, 683102150453382400.000000, H
0.688203, 7.612258, 1.130301, 4.042147, 465900870818820.500000, I
0.726488, 9.991644, 1.792311, 2.240037, 65109878406097.310000, J
0.883466, 4.064751, 0.556279, 2.978407, 3083.246199, A
1.690001, 2.821594, 0.399138, 1.912332, 2442396827156800.000000, B
0.793129, 14.310423, 2.394845, 2.021896, 82752.542599, C
1.124094, 2.460367, 0.401525, 2.585320, 30756635976412116000000.000000, D
1.412168, 1.237518, 0.180095, 2.509260, 662182611237491.600000, E
0.453340, 31.458877, 5.164662, 4.986297, 205559428889.114720, F
0.724490, 11.992899, 1.872171, 2.632789, 2121995244.717457, G
0.736620, 6.668502, 0.889282, 4.087576, 4003859.479131, H
0.688203, 8.085381, 1.199486, 4.042147, 356221523270783230.000000, I
0.726488, 10.705504, 1.669775, 2.240037, 74467969235565920.000000, J
0.883466, 4.115707, 0.521851, 2.978407, 863069.188504, A
1.690001, 2.891962, 0.454164, 1.912332, 0.000000, B
0.793129, 16.498643, 3.276668, 2.021896, 355419464123637.750000, C
1.124094, 2.442109, 0.372994, 2.585320, 1945033.108249, D
1.412168, 1.133696, 0.175162, 2.509260, 5606787807124547600.000000, E
0.453340, 37.182227, 6.452716, 4.986297, 238485932.161342, F
0.724490, 13.347490, 2.215561, 2.632789, 24125727.448939, G
0.736620, 7.148387, 1.073163, 4.087576, 51830988534593.560000, H
0.688203, 8.889399, 1.481702, 4.042147, 447611486605007.400000, I
0.726488, 11.976200, 1.943362, 2.240037, 390685602601.881160, J
0.883466, 3.973019, 0.520841, 2.978407, 1880992.394929, A
1.690001, 2.848326, 0.404784, 1.912332, 0.000000, B
0.793129, 19.092231, 3.449622, 2.021896, 103.672563, C
1.124094, 2.370411, 0.369078, 2.585320, 27043136567637758000.000000, D
1.412168, 1.078778, 0.171126, 2.509260, 1724225301605680700000.000000, E
0.453340, 44.181072, 6.531460, 4.986297, 6958477118.774830, F
0.724490, 13.810032, 2.087590, 2.632789, 1582234022221.452400, G
0.736620, 7.606921, 1.036498, 4.087576, 12266556510314.893000, H
0.688203, 9.394393, 1.515443, 4.042147, 331882441013552060.000000, I
0.726488, 13.326436, 2.092529, 2.240037, 491585.254792, J
0.883466, 3.975414, 0.509419, 2.978407, 2039511423.610515, A
1.690001, 2.838847, 0.404925, 1.912332, 0.000000, B
0.793129, 21.150134, 3.603272, 2.021896, 5296162.726337, C
1.124094, 2.307291, 0.352229, 2.585320, 1207197574.717377, D
1.412168, 1.015095, 0.177932, 2.509260, 1558048381556009300000000.000000, E
0.453340, 52.446968, 7.554062, 4.986297, 119760628726.754960, F
0.724490, 15.410172, 2.608217, 2.632789, 221176316.287221, G
0.736620, 7.899623, 1.043759, 4.087576, 3913071484087898600.000000, H
0.688203, 10.057801, 1.572737, 4.042147, 142416783279951376.000000, I
0.726488, 13.990977, 1.996354, 2.240037, 1080799337383918590.000000, J
0.883466, 4.237094, 0.649281, 2.978407, 246552535713.334260, A
1.690001, 2.786691, 0.447867, 1.912332, 0.000000, B
0.793129, 23.836198, 4.014999, 2.021896, 1335.518755, C
1.124094, 2.285503, 0.387737, 2.585320, 4.489918, D
1.412168, 0.960664, 0.170158, 2.509260, 0.000000, E
0.453340, 62.796237, 9.294851, 4.986297, 5729014587.207763, F
0.724490, 16.741591, 2.379079, 2.632789, 0.000000, G
0.736620, 8.458280, 1.142262, 4.087576, 916667122541682820.000000, H
0.688203, 10.796837, 1.449188, 4.042147, 12593744878353704.000000, I
0.726488, 15.351141, 2.403673, 2.240037, 71304035.509441, J
0.883466, 4.327348, 0.669769, 2.978407, 20422759193.828250, A
1.690001, 2.770675, 0.463516, 1.912332, 17704627526261336.000000, B
0.793129, 25.742602, 3.837014, 2.021896, 0.000000, C
1.124094, 2.294422, 0.370840, 2.585320, 0.000000, D
1.412168, 0.905442, 0.151722, 2.509260, 1969581680039.232400, E
0.453340, 74.727228, 12.771550, 4.986297, 2066115670.750528, F
0.724490, 18.825450, 2.625612, 2.632789, 260745301745758656.000000, G
0.736620, 9.031922, 1.364489, 4.087576, 582286433166771710.000000, H
0.688203, 11.469086, 1.583342, 4.042147, 1107051233289033.900000, I
0.726488, 16.292096, 2.466812, 2.240037, 16312240030749.588000, J
0.883466, 4.396743, 0.698593, 2.978407, 1885010738768446.000000, A
1.690001, 2.737195, 0.440584, 1.912332, 555.336743, B
0.793129, 27.859610, 4.230388, 2.021896, 175047821.243820, C
1.124094, 2.162505, 0.330356, 2.585320, 101.962555, D
1.412168, 0.847295, 0.129231, 2.509260, 2133039494244606700000000.000000, E
0.453340, 88.289709, 14.950812, 4.986297, 77090383.696673, F
0.724490, 20.488398, 3.216969, 2.632789, 698064952909.076400, G
0.736620, 9.713693, 1.423530, 4.087576, 131924817073996096.000000, H
0.688203, 12.070858, 1.619509, 4.042147, 20153316194964560.000000, I
0.726488, 17.778729, 2.766963, 2.240037, 544992920877848640.000000, J
0.883466, 4.547736, 0.722243, 2.978407, 8078800820246529.000000, A
1.690001, 2.713096, 0.408084, 1.912332, 631730.435996, B
0.793129, 31.139933, 4.368884, 2.021896, 21184656.122181, C
1.124094, 2.149576, 0.316398, 2.585320, 6.372660, D
1.412168, 0.808379, 0.146173, 2.509260, 540860072184588350000000.000000, E
0.453340, 103.074416, 14.277072, 4.986297, 6927695.506088, F
0.724490, 22.146851, 3.591259, 2.632789, 463.157063, G
0.736620, 10.444804, 1.688152, 4.087576, 755391589587808.400000, H
0.688203, 12.478497, 1.869698, 4.042147, 24612952354345.250000, I
0.726488, 19.817042, 3.188144, 2.240037, 8442417809.124507, J
0.883466, 4.613678, 0.710178, 2.978407, 6570326687553441.000000, A
1.690001, 2.642996, 0.437236, 1.912332, 15.724868, B
0.793129, 35.291149, 5.657475, 2.021896, 323.252120, C
1.124094, 2.154316, 0.402909, 2.585320, 52204.828314, D
1.412168, 0.747598, 0.122129, 2.509260, 0.000000, E
0.453340, 122.209302, 18.260673, 4.986297, 63731799415.366135, F
0.724490, 23.417888, 3.646767, 2.632789, 7161899107.090139, G
0.736620, 11.188755, 1.687341, 4.087576, 129873544347658160.000000, H
0.688203, 13.384695, 1.619653, 4.042147, 6005166277.792223, I
0.726488, 22.014662, 3.607216, 2.240037, 135001425278.440500, J
0.883466, 4.894792, 0.851298, 2.978407, 67281578192156552.000000, A
1.690001, 2.654117, 0.519247, 1.912332, 0.000000, B
0.793129, 40.225952, 6.518509, 2.021896, 165588.554504, C
1.124094, 2.071463, 0.387012, 2.585320, 0.000000, D
1.412168, 0.711046, 0.099389, 2.509260, 504449216503326.800000, E
0.453340, 144.427084, 22.789331, 4.986297, 18272400.900159, F
0.724490, 24.665009, 3.692252, 2.632789, 49409486430.057020, G
0.736620, 12.005441, 1.787430, 4.087576, 13268731357632218.000000, H
0.688203, 14.569746, 2.035978, 4.042147, 678512319481122180.000000, I
0.726488, 23.384373, 3.528536, 2.240037, 78620182440447312.000000, J
0.883466, 5.064637, 0.895494, 2.978407, 8394698102939167.000000, A
1.690001, 2.626779, 0.506883, 1.912332, 625253587884050560.000000, B
0.793129, 46.042546, 8.879971, 2.021896, 2648081.363169, C
1.124094, 2.017625, 0.313461, 2.585320, 647065394107543420.000000, D
1.412168, 0.659679, 0.107931, 2.509260, 592634751516231.500000, E
0.453340, 172.574069, 26.744621, 4.986297, 55584711.947833, F
0.724490, 26.663671, 3.879860, 2.632789, 51809601612229224.000000, G
0.736620, 12.660190, 1.920824, 4.087576, 6107393466319246300.000000, H
0.688203, 15.575669, 2.414056, 4.042147, 369250369481.279850, I
0.726488, 26.065110, 3.578289, 2.240037, 1003592881409556.600000, J
0.883466, 5.193144, 0.764433, 2.978407, 25204706.721541, A
1.690001, 2.620781, 0.417514, 1.912332, 0.000000, B
0.793129, 49.560449, 8.677928, 2.021896, 22746845703912816.000000, C
1.124094, 1.988437, 0.298754, 2.585320, 521934281899500.800000, D
1.412168, 0.631023, 0.130497, 2.509260, 2541117231784016000000000.000000, E
0.453340, 201.132629, 28.562181, 4.986297, 5136421263.773062, F
0.724490, 28.958194, 4.365811, 2.632789, 15019702195059280.000000, G
0.736620, 13.880016, 2.134999, 4.087576, 1376980791882928640.000000, H
0.688203, 16.921150, 2.509913, 4.042147, 4055812654341.268000, I
0.726488, 28.152564, 4.056318, 2.240037, 235.434497, J
0.883466, 5.314223, 0.853993, 2.978407, 32510838493051286000.000000, A
1.690001, 2.582692, 0.401085, 1.912332, 0.000000, B
0.793129, 54.407517, 7.967009, 2.021896, 197829896943169120.000000, C
1.124094, 1.922665, 0.259726, 2.585320, 6949201258958.210000, D
1.412168, 0.578735, 0.106166, 2.509260, 0.000000, E
0.453340, 240.766892, 37.154349, 4.986297, 926491.490307, F
0.724490, 29.943620, 3.940262, 2.632789, 3754894466810142.500000, G
0.736620, 14.362620, 2.251256, 4.087576, 1302.746289, H
0.688203, 17.429675, 2.419498, 4.042147, 32989545427192924.000000, I
0.726488, 30.002135, 4.069264, 2.240037, 4322936749842467300.000000, J
0.883466, 5.453036, 0.754654, 2.978407, 205787354468684352.000000, A
1.690001, 2.495536, 0.409472, 1.912332, 290072617390265730000.000000, B
0.793129, 58.116782, 7.739393, 2.021896, 2586.016956, C
1.124094, 1.897713, 0.266551, 2.585320, 9198871034.578436, D
1.412168, 0.537236, 0.089129, 2.509260, 0.000000, E
0.453340, 285.055104, 44.104300, 4.986297, 11167758221.201360, F
0.724490, 33.351311, 4.533363, 2.632789, 691216328855137.600000, G
0.736620, 15.595416, 2.727958, 4.087576, 45801548775640.960000, H
0.688203, 19.285812, 2.833057, 4.042147, 276759661754586.440000, I
0.726488, 32.202281, 4.747020, 2.240037, 2084508577.079281, J
0.883466, 5.580527, 0.744759, 2.978407, 17.680383, A
1.690001, 2.492214, 0.330159, 1.912332, 0.000000, B
0.793129, 63.466913, 8.812389, 2.021896, 107.573274, C
1.124094, 1.825176, 0.236255, 2.585320, 6419055086582.400000, D
1.412168, 0.499996, 0.087055, 2.509260, 0.000000, E
0.453340, 335.755829, 48.780013, 4.986297, 3372104637.947505, F
0.724490, 37.755117, 6.260068, 2.632789, 58670227362627.800000, G
0.736620, 17.040144, 2.845553, 4.087576, 322482940231789760.000000, H
0.688203, 21.211877, 3.210586, 4.042147, 22301087413813380.000000, I
0.726488, 34.124958, 4.791923, 2.240037, 4322937531246095900.000000, J
0.883466, 5.545850, 0.706800, 2.978407, 861190114154170400000.000000, A
1.690001, 2.428861, 0.343199, 1.912332, 18564647512977007000000.000000, B
0.793129, 69.374533, 9.788216, 2.021896, 233449858277390432.000000, C
1.124094, 1.727705, 0.220346, 2.585320, 1931169302471914800000000.000000, D
1.412168, 0.473607, 0.067790, 2.509260, 1781147599141493800000000.000000, E
0.453340, 393.179288, 56.725808, 4.986297, 150041023709.841800, F
0.724490, 41.966841, 7.158839, 2.632789, 3162207129728.495000, G
0.736620, 17.499256, 2.306090, 4.087576, 275409957164654496.000000, H
0.688203, 22.501611, 3.296522, 4.042147, 70850468544826832.000000, I
0.726488, 37.538481, 6.024803, 2.240037, 7863409.202865, J
0.883466, 5.754495, 0.811439, 2.978407, 6276791715.838934, A
1.690001, 2.378074, 0.348046, 1.912332, 0.000000, B
0.793129, 77.541467, 10.815931, 2.021896, 890540536036.585600, C
1.124094, 1.673105, 0.197999, 2.585320, 128419460597994.780000, D
1.412168, 0.436170, 0.056514, 2.509260, 37816211527845550000000000.000000, E
0.453340, 460.166591, 65.541598, 4.986297, 3769684977.449968, F
0.724490, 46.178783, 8.005339, 2.632789, 437127.247780, G
0.736620, 19.024958, 2.926704, 4.087576, 218545503799.598080, H
0.688203, 24.153500, 3.727308, 4.042147, 218944501850631.380000, I
0.726488, 40.392410, 6.162540, 2.240037, 1062223461541902.500000, J
0.883466, 5.880384, 0.892594, 2.978407, 1582707.754037, A
1.690001, 2.365400, 0.416865, 1.912332, 0.000000, B
0.793129, 83.482747, 13.899296, 2.021896, 26000973664421.680000, C
1.124094, 1.645751, 0.216545, 2.585320, 104410.290368, D
1.412168, 0.419730, 0.053368, 2.509260, 8804772872925234.000000, E
0.453340, 550.948663, 76.204969, 4.986297, 91925862304.159930, F
0.724490, 49.445677, 7.890210, 2.632789, 348543.441632, G
0.736620, 20.250861, 3.305292, 4.087576, 315928980547165250.000000, H
0.688203, 25.297933, 3.612089, 4.042147, 19087828.534057, I
0.726488, 45.389219, 7.231598, 2.240037, 32750896923688.203000, J
0.883466, 5.969264, 0.813057, 2.978407, 130796517717857984.000000, A
1.690001, 2.315231, 0.394851, 1.912332, 16488719.290366, B
0.793129, 90.096891, 13.649906, 2.021896, 743176991421909.800000, C
1.124094, 1.633870, 0.245457, 2.585320, 0.000000, D
1.412168, 0.401253, 0.060382, 2.509260, 8804839194212023.000000, E
0.453340, 652.993428, 100.430568, 4.986297, 26763735551.315500, F
0.724490, 50.078757, 7.913082, 2.632789, 69984121857031376.000000, G
0.736620, 22.120795, 3.307601, 4.087576, 521179955087.854550, H
0.688203, 27.517616, 3.867462, 4.042147, 2841930212713756.000000, I
0.726488, 49.358869, 7.244625, 2.240037, 1886042912765.878400, J
0.883466, 6.034746, 0.878837, 2.978407, 2561049530390599000000.000000, A
1.690001, 2.344699, 0.368841, 1.912332, 0.000000, B
0.793129, 100.214136, 17.247087, 2.021896, 0.002466, C
1.124094, 1.574234, 0.252874, 2.585320, 617089647803.502400, D
1.412168, 0.379807, 0.054380, 2.509260, 0.000000, E
0.453340, 780.169808, 154.565462, 4.986297, 1409500926.294741, F
0.724490, 53.218849, 8.134910, 2.632789, 1778063874514082820.000000, G
0.736620, 23.089156, 4.217963, 4.087576, 6671352417.250136, H
0.688203, 30.375316, 5.017564, 4.042147, 1346427663904.999300, I
0.726488, 54.950513, 8.638666, 2.240037, 200031001712150.000000, J
0.883466, 6.112199, 0.796984, 2.978407, 0.000000, A
1.690001, 2.330794, 0.411000, 1.912332, 1106539220391333.500000, B
0.793129, 109.131987, 18.020378, 2.021896, 1355817657.942344, C
1.124094, 1.501226, 0.232620, 2.585320, 1068921255057765890.000000, D
1.412168, 0.366711, 0.055178, 2.509260, 484778352638045060.000000, E
0.453340, 910.305874, 195.946754, 4.986297, 8887210934.940931, F
0.724490, 59.034440, 8.410465, 2.632789, 0.452302, G
0.736620, 24.723546, 3.977897, 4.087576, 3890425311860250.000000, H
0.688203, 32.241392, 4.292295, 4.042147, 12467917.353068, I
0.726488, 61.498980, 9.551917, 2.240037, 69651092009617.140000, J
0.883466, 6.514020, 0.894279, 2.978407, 64630406574192224.000000, A
1.690001, 2.294250, 0.386397, 1.912332, 2014.952401, B
0.793129, 122.764292, 18.549753, 2.021896, 1367561.182386, C
1.124094, 1.435383, 0.204009, 2.585320, 0.000000, D
1.412168, 0.343359, 0.054375, 2.509260, 3557771123577076000000000.000000, E
0.453340, 1059.100662, 151.481842, 4.986297, 4647317799.823069, F
0.724490, 62.110595, 8.647177, 2.632789, 7531897831532022.000000, G
0.736620, 25.709605, 4.397323, 4.087576, 466369.697873, H
0.688203, 33.711877, 4.371828, 4.042147, 1642489283167082500.000000, I
0.726488, 66.031201, 9.829037, 2.240037, 2326456931.645846, J
0.883466, 6.906301, 0.915160, 2.978407, 130796509877501152.000000, A
1.690001, 2.360428, 0.418399, 1.912332, 0.000000, B
0.793129, 140.127283, 22.955582, 2.021896, 331010.170396, C
1.124094, 1.417400, 0.221714, 2.585320, 2914.586531, D
1.412168, 0.323769, 0.063337, 2.509260, 360166518.603420, E
0.453340, 1245.876201, 175.475469, 4.986297, 61642121777.420230, F
0.724490, 66.746727, 9.684303, 2.632789, 343289809181145150.000000, G
0.736620, 27.145996, 6.016915, 4.087576, 2209104.131335, H
0.688203, 36.916686, 5.402107, 4.042147, 2736792343.518704, I
0.726488, 72.310421, 11.067920, 2.240037, 4167032217803934.500000, J
0.883466, 7.345855, 0.964147, 2.978407, 33345200491153535000.000000, A
1.690001, 2.431509, 0.424817, 1.912332, 17289675318614.586000, B
0.793129, 149.940339, 22.890086, 2.021896, 224481194.076509, C
1.124094, 1.381775, 0.220160, 2.585320, 285460804686.438700, D
1.412168, 0.294511, 0.049120, 2.509260, 0.000000, E
0.453340, 1458.940540, 221.861188, 4.986297, 1167671853.946022, F
0.724490, 72.682954, 11.926035, 2.632789, 60078312594596744.000000, G
0.736620, 28.850288, 5.043032, 4.087576, 545159101818.253300, H
0.688203, 38.958164, 5.888112, 4.042147, 2869347083723544.000000, I
0.726488, 78.387670, 10.832041, 2.240037, 519301623348.602360, J
0.883466, 7.810514, 1.185456, 2.978407, 113406722710304896.000000, A
1.690001, 2.391225, 0.337825, 1.912332, 0.000000, B
0.793129, 169.409856, 25.787443, 2.021896, 1417496284.280023, C
1.124094, 1.374774, 0.208719, 2.585320, 0.000000, D
1.412168, 0.274225, 0.045058, 2.509260, 615952364404964.400000, E
0.453340, 1740.487886, 263.527451, 4.986297, 151027709109.086800, F
0.724490, 77.014886, 10.663950, 2.632789, 1897092.165652, G
0.736620, 30.744775, 5.102952, 4.087576, 2542845970766439900.000000, H
0.688203, 43.093027, 6.333888, 4.042147, 787483583160649.200000, I
0.726488, 87.192911, 14.902434, 2.240037, 546347631560022.250000, J
0.883466, 7.943329, 1.079347, 2.978407, 550154934874223150000.000000, A
1.690001, 2.385710, 0.339237, 1.912332, 9064769293445804000.000000, B
0.793129, 196.545426, 31.755111, 2.021896, 6279439109.103416, C
1.124094, 1.363318, 0.216728, 2.585320, 2527599195732591.500000, D
1.412168, 0.259978, 0.040727, 2.509260, 202957600.586756, E
0.453340, 2070.455751, 345.056436, 4.986297, 90844392918.851470, F
0.724490, 86.274674, 12.802371, 2.632789, 3131997.364704, G
0.736620, 32.497815, 5.384716, 4.087576, 722138874322919.500000, H
0.688203, 45.394964, 6.027639, 4.042147, 51611092827898704.000000, I
0.726488, 98.449752, 16.914120, 2.240037, 2563711164492706.000000, J
0.883466, 8.215638, 1.271305, 2.978407, 5615969841.798044, A
1.690001, 2.383473, 0.338637, 1.912332, 72789097.641611, B
0.793129, 218.412718, 31.696901, 2.021896, 0.000000, C
1.124094, 1.358572, 0.209985, 2.585320, 327907533949208100000.000000, D
1.412168, 0.239448, 0.037274, 2.509260, 377661967411108.250000, E
0.453340, 2461.036386, 384.426359, 4.986297, 19899114793.043926, F
0.724490, 93.035937, 12.731472, 2.632789, 3238100554782754.500000, G
0.736620, 34.927862, 5.001522, 4.087576, 6085485404769886200.000000, H
0.688203, 47.728969, 6.825514, 4.042147, 70850862088818456.000000, I
0.726488, 109.865481, 17.308854, 2.240037, 2296469462870.598000, J
0.883466, 8.577317, 1.533169, 2.978407, 5761908041487013.000000, A
1.690001, 2.343308, 0.334703, 1.912332, 116291536406057220000.000000, B
0.793129, 250.382380, 47.257823, 2.021896, 90987382815651296.000000, C
1.124094, 1.328892, 0.211072, 2.585320, 280211293485862980000000.000000, D
1.412168, 0.227436, 0.036298, 2.509260, 6187613674063459300.000000, E
0.453340, 2913.893830, 453.073211, 4.986297, 1730859096.249028, F
0.724490, 99.692106, 14.069738, 2.632789, 65183561824386240.000000, G
0.736620, 38.249581, 5.574191, 4.087576, 67476335359967.140000, H
0.688203, 51.992303, 7.519689, 4.042147, 77752808651604.050000, I
0.726488, 118.273564, 21.060576, 2.240037, 1042400856809007.600000, J
0.883466, 8.869945, 1.396319, 2.978407, 267871252232315700000.000000, A
1.690001, 2.355909, 0.343067, 1.912332, 9769587308627200.000000, B
0.793129, 281.801915, 49.908089, 2.021896, 1.320146, C
1.124094, 1.277810, 0.193621, 2.585320, 0.000000, D
1.412168, 0.215115, 0.036413, 2.509260, 0.000000, E
0.453340, 3405.771871, 484.467816, 4.986297, 481532821.294097, F
0.724490, 114.244366, 17.162385, 2.632789, 29335113021954.320000, G
0.736620, 41.589246, 5.304469, 4.087576, 81062386.460086, H
0.688203, 55.623850, 9.020336, 4.042147, 768660252311.684600, I
0.726488, 126.896331, 18.147388, 2.240037, 4544103232060.972000, J
0.883466, 8.995679, 1.244323, 2.978407, 132631702978206990000.000000, A
1.690001, 2.314651, 0.383404, 1.912332, 67574188762.159030, B
0.793129, 304.619157, 39.911937, 2.021896, 2.640293, C
1.124094, 1.256229, 0.184156, 2.585320, 14349953963125734.000000, D
1.412168, 0.204035, 0.035999, 2.509260, 23603872977901.895000, E
0.453340, 3957.471732, 537.384092, 4.986297, 1764517028.638044, F
0.724490, 124.407799, 21.285573, 2.632789, 107295.248818, G
0.736620, 44.318100, 6.358811, 4.087576, 178912305548.931200, H
0.688203, 59.139737, 8.538420, 4.042147, 25187459159322384.000000, I
0.726488, 137.332035, 20.970734, 2.240037, 37210753387900960.000000, J
0.883466, 9.369859, 1.473923, 2.978407, 32941621532226620000.000000, A
1.690001, 2.278949, 0.329377, 1.912332, 9064769293591381000.000000, B
0.793129, 345.248288, 49.477805, 2.021896, 0.000000, C
1.124094, 1.236119, 0.192260, 2.585320, 133615205780868704.000000, D
1.412168, 0.192119, 0.031719, 2.509260, 1154059189693680600000.000000, E
0.453340, 4660.733242, 748.970146, 4.986297, 67119659.654016, F
0.724490, 130.261510, 19.682278, 2.632789, 116709315054863.770000, G
0.736620, 46.632527, 6.220596, 4.087576, 697403509974818.500000, H
0.688203, 62.061570, 9.216640, 4.042147, 23811791736649.504000, I
0.726488, 149.917773, 25.782758, 2.240037, 68287333151871.300000, J
0.883466, 9.963731, 1.419169, 2.978407, 3796242899301870.500000, A
1.690001, 2.239021, 0.346752, 1.912332, 1055278051.937683, B
0.793129, 385.844502, 61.632034, 2.021896, 21693082527.077500, C
1.124094, 1.181735, 0.172789, 2.585320, 0.026470, D
1.412168, 0.179869, 0.027606, 2.509260, 0.000000, E
0.453340, 5613.216558, 911.181877, 4.986297, 10795356.683109, F
0.724490, 136.649965, 17.718437, 2.632789, 6074994758754468900.000000, G
0.736620, 50.137530, 7.650331, 4.087576, 67992141803954936.000000, H
0.688203, 67.405640, 9.624892, 4.042147, 1648752860403644.500000, I
0.726488, 168.341823, 26.676677, 2.240037, 1369857022932574.500000, J
0.883466, 10.201018, 1.467815, 2.978407, 1221330889772474.500000, A
1.690001, 2.255176, 0.353601, 1.912332, 17289675318614.586000, B
0.793129, 437.872317, 70.997133, 2.021896, 2903032408391.075000, C
1.124094, 1.176220, 0.162503, 2.585320, 7347176416895125500.000000, D
1.412168, 0.171232, 0.025341, 2.509260, 62.561674, E
0.453340, 6726.681254, 1194.295457, 4.986297, 120300411932.684310, F
0.724490, 149.115464, 22.387827, 2.632789, 275779140908387136.000000, G
0.736620, 54.174318, 7.946853, 4.087576, 798338304715051.500000, H
0.688203, 73.715732, 11.215306, 4.042147, 172189322765817.200000, I
0.726488, 181.042184, 21.302694, 2.240037, 515334218721.683400, J
0.883466, 10.530806, 1.370884, 2.978407, 60906871.416989, A
1.690001, 2.291578, 0.353705, 1.912332, 1250507175504281600.000000, B
0.793129, 472.582596, 75.518225, 2.021896, 89624484476.835630, C
1.124094, 1.118358, 0.156940, 2.585320, 0.184783, D
1.412168, 0.165532, 0.025122, 2.509260, 1087431514121.425200, E
0.453340, 8079.574417, 1468.089397, 4.986297, 384836110.862182, F
0.724490, 161.481283, 25.700445, 2.632789, 3553924029421977.500000, G
0.736620, 59.444350, 9.013020, 4.087576, 1498711328164901.500000, H
0.688203, 80.651818, 12.610194, 4.042147, 2162487898199128.200000, I
0.726488, 193.847297, 23.097826, 2.240037, 6693574515662902.000000, J
0.883466, 10.992835, 1.430421, 2.978407, 32830226121376600.000000, A
1.690001, 2.253060, 0.367373, 1.912332, 283274040420181376.000000, B
0.793129, 517.469539, 88.280422, 2.021896, 708748141.508660, C
1.124094, 1.117228, 0.173781, 2.585320, 0.000000, D
1.412168, 0.157255, 0.024526, 2.509260, 7048157254.344265, E
0.453340, 9599.321603, 1645.505200, 4.986297, 95348023.874000, F
0.724490, 170.873119, 23.815319, 2.632789, 84338752.409665, G
0.736620, 63.691031, 9.276297, 4.087576, 341248.125606, H
0.688203, 86.102921, 12.527660, 4.042147, 129767645798126.420000, I
0.726488, 210.840725, 25.866053, 2.240037, 410241704245638400.000000, J
0.883466, 11.201859, 1.574010, 2.978407, 4298085428704867800.000000, A
1.690001, 2.236682, 0.347129, 1.912332, 0.000000, B
0.793129, 558.669291, 79.517824, 2.021896, 45359881546.744950, C
1.124094, 1.089764, 0.169147, 2.585320, 13364436.118469, D
1.412168, 0.154403, 0.025632, 2.509260, 550298304411197.750000, E
0.453340, 11249.933142, 1524.902865, 4.986297, 77248896.664106, F
0.724490, 190.997852, 29.738728, 2.632789, 0.000000, G
0.736620, 67.689647, 9.177085, 4.087576, 1832.580000, H
0.688203, 91.314063, 13.212537, 4.042147, 622048571964480.200000, I
0.726488, 226.647861, 34.801448, 2.240037, 568016974214.981700, J
0.883466, 11.661272, 1.927478, 2.978407, 7582901889989.660000, A
1.690001, 2.225247, 0.371956, 1.912332, 0.000000, B
0.793129, 639.601661, 85.748130, 2.021896, 89713078641.028440, C
1.124094, 1.056127, 0.154650, 2.585320, 0.000000, D
1.412168, 0.144714, 0.024951, 2.509260, 1923419878.464553, E
0.453340, 13181.236035, 1830.201127, 4.986297, 417091649.483530, F
0.724490, 215.688983, 35.186678, 2.632789, 1135833608226493.000000, G
0.736620, 74.942969, 12.001343, 4.087576, 537246380475086.500000, H
0.688203, 98.559509, 14.538723, 4.042147, 5735354551903643.000000, I
0.726488, 242.339245, 44.014669, 2.240037, 349725151611.511100, J
0.883466, 12.051315, 2.045262, 2.978407, 4185492908147319300.000000, A
1.690001, 2.195096, 0.367441, 1.912332, 4303.234605, B
0.793129, 724.772332, 104.718125, 2.021896, 341890.295597, C
1.124094, 1.017466, 0.140276, 2.585320, 0.000000, D
1.412168, 0.135017, 0.020701, 2.509260, 38774371822876220000.000000, E
0.453340, 15406.028131, 2319.871167, 4.986297, 1997223471.137488, F
0.724490, 233.007645, 33.430899, 2.632789, 1287.503260, G
0.736620, 80.894878, 13.062583, 4.087576, 6634528606764271.000000, H
0.688203, 105.284505, 15.291664, 4.042147, 32391312200.845370, I
0.726488, 269.681734, 50.878792, 2.240037, 282338105679.262800, J
0.883466, 12.417357, 2.054920, 2.978407, 648830702580941180.000000, A
1.690001, 2.134307, 0.358830, 1.912332, 8644837659307.293000, B
0.793129, 786.081192, 100.416224, 2.021896, 1.634244, C
1.124094, 0.992852, 0.143568, 2.585320, 0.000000, D
1.412168, 0.126441, 0.020165, 2.509260, 188830983705549.900000, E
0.453340, 18190.231924, 2478.523615, 4.986297, 173286.581836, F
0.724490, 254.207557, 37.223878, 2.632789, 497311110108.930600, G
0.736620, 89.045585, 16.157680, 4.087576, 6801580288854372.000000, H
0.688203, 113.364526, 15.934335, 4.042147, 615421762588708990.000000, I
0.726488, 302.643847, 50.122716, 2.240037, 1065.535906, J
0.883466, 12.626919, 1.813641, 2.978407, 61969087797599000.000000, A
1.690001, 2.138088, 0.313460, 1.912332, 0.000000, B
0.793129, 911.444230, 126.785306, 2.021896, 2867983503269.007000, C
1.124094, 0.918120, 0.126830, 2.585320, 0.000000, D
1.412168, 0.121381, 0.018807, 2.509260, 1475242060200.029300, E
0.453340, 21522.239156, 3066.804699, 4.986297, 20845.902198, F
0.724490, 279.941365, 42.356717, 2.632789, 254623288375772.470000, G
0.736620, 96.365938, 18.263021, 4.087576, 255472973255936832.000000, H
0.688203, 124.291585, 17.016413, 4.042147, 15242631691409436.000000, I
0.726488, 329.032419, 48.810395, 2.240037, 7679.225036, J
0.883466, 12.775031, 1.796817, 2.978407, 116122595284391600000.000000, A
1.690001, 2.119874, 0.355644, 1.912332, 0.000000, B
0.793129, 1011.667525, 158.705833, 2.021896, 2849091679995662.000000, C
1.124094, 0.839139, 0.103975, 2.585320, 154695381300280520000000000.000000, D
1.412168, 0.114530, 0.017770, 2.509260, 1774449138858571600000.000000, E
0.453340, 25689.728099, 3953.539465, 4.986297, 69921219444.815700, F
0.724490, 299.621675, 46.644587, 2.632789, 335934871327568.700000, G
0.736620, 98.883637, 18.846779, 4.087576, 5176180831932610000000.000000, H
0.688203, 133.718366, 20.624609, 4.042147, 865291882538932990.000000, I
0.726488, 352.377900, 55.338766, 2.240037, 568012903970.770800, J
0.883466, 13.200558, 1.906662, 2.978407, 14701.548104, A
1.690001, 2.101224, 0.377295, 1.912332, 18634008996.252440, B
0.793129, 1192.336679, 201.128832, 2.021896, 253895525367513.280000, C
1.124094, 0.819775, 0.108902, 2.585320, 602628235.759903, D
1.412168, 0.106622, 0.015256, 2.509260, 7337.263525, E
0.453340, 30449.467176, 4454.278736, 4.986297, 18067726217.065933, F
0.724490, 331.419810, 52.153812, 2.632789, 9414772387453794.000000, G
0.736620, 105.509725, 18.884584, 4.087576, 28678771428165296.000000, H
0.688203, 141.220297, 21.481674, 4.042147, 155440363942740576.000000, I
0.726488, 386.892189, 59.321883, 2.240037, 76817762003222.560000, J
0.883466, 13.743751, 2.459211, 2.978407, 38906640459828.440000, A
1.690001, 2.101380, 0.308200, 1.912332, 0.075308, B
0.793129, 1350.693399, 211.650574, 2.021896, 2801427160.241906, C
1.124094, 0.788588, 0.118286, 2.585320, 0.463571, D
1.412168, 0.097446, 0.013077, 2.509260, 28881374740499472000.000000, E
0.453340, 36067.087918, 5783.949889, 4.986297, 51579314254.429510, F
0.724490, 362.962906, 57.022995, 2.632789, 248655555054.465300, G
0.736620, 115.835606, 19.399244, 4.087576, 6676750.005356, H
0.688203, 152.272860, 23.015694, 4.042147, 325096204572.033940, I
0.726488, 419.919079, 65.093070, 2.240037, 4888742083023.850000, J
0.883466, 14.103191, 2.019233, 2.978407, 617771875350.436600, A
1.690001, 2.072333, 0.325955, 1.912332, 0.000000, B
0.793129, 1425.847625, 216.495611, 2.021896, 11373422851956408.000000, C
1.124094, 0.765516, 0.110279, 2.585320, 6268608482.990625, D
1.412168, 0.090884, 0.012781, 2.509260, 1000.986785, E
0.453340, 43194.717907, 6524.911682, 4.986297, 4166354534.258229, F
0.724490, 407.661168, 59.997598, 2.632789, 13263306554321396000.000000, G
0.736620, 119.043173, 16.549257, 4.087576, 853693416.899028, H
0.688203, 164.464233, 23.893695, 4.042147, 14552570.468960, I
0.726488, 457.214366, 76.613211, 2.240037, 4269665373573163000.000000, J
0.883466, 14.286589, 1.742317, 2.978407, 512610375650552.000000, A
1.690001, 2.028189, 0.334013, 1.912332, 0.000000, B
0.793129, 1609.681483, 262.311217, 2.021896, 8142.155093, C
1.124094, 0.738894, 0.109133, 2.585320, 0.000000, D
1.412168, 0.084803, 0.012106, 2.509260, 1.050981, E
0.453340, 53163.152734, 8358.359060, 4.986297, 89180.412221, F
0.724490, 449.025819, 63.520544, 2.632789, 181116551024927712.000000, G
0.736620, 129.235733, 19.679565, 4.087576, 3450001035263772.000000, H
0.688203, 175.049149, 25.462175, 4.042147, 609849110716155.900000, I
0.726488, 472.927802, 68.875904, 2.240037, 160273439992907200000.000000, J
0.883466, 14.529234, 1.792091, 2.978407, 240305633309203744.000000, A
1.690001, 2.011340, 0.319155, 1.912332, 1006.391558, B
0.793129, 1759.586540, 283.107784, 2.021896, 165505.085198, C
1.124094, 0.715088, 0.099462, 2.585320, 410191587957349120.000000, D
1.412168, 0.081109, 0.011136, 2.509260, 144445791524.197360, E
0.453340, 62868.093802, 9047.657535, 4.986297, 270929464689.202240, F
0.724490, 500.801169, 74.629437, 2.632789, 0.000000, G
0.736620, 137.173970, 21.926625, 4.087576, 89767065367294870000.000000, H
0.688203, 182.583101, 24.163383, 4.042147, 155803725596801120.000000, I
0.726488, 535.256843, 79.059514, 2.240037, 26698059156.055560, J
0.883466, 15.260787, 2.163846, 2.978407, 960164243499369220.000000, A
1.690001, 2.025974, 0.274041, 1.912332, 10244154781731075000000.000000, B
0.793129, 1924.545316, 284.076274, 2.021896, 0.000000, C
1.124094, 0.697514, 0.098134, 2.585320, 27339393696689365000.000000, D
1.412168, 0.077205, 0.011941, 2.509260, 33044097275660880000.000000, E
0.453340, 73744.658910, 10520.790994, 4.986297, 2677794740964.701700, F
0.724490, 531.603207, 73.392970, 2.632789, 69724832209574.160000, G
0.736620, 154.339557, 25.469871, 4.087576, 13831.556181, H
0.688203, 190.350221, 25.021956, 4.042147, 4061101769.166236, I
0.726488, 587.578764, 86.510442, 2.240037, 139852456467250400.000000, J
0.883466, 15.506921, 2.144177, 2.978407, 402.881184, A
1.690001, 2.110732, 0.331664, 1.912332, 4884793654313600.000000, B
0.793129, 2124.549418, 323.162268, 2.021896, 448962387.748047, C
1.124094, 0.696268, 0.105253, 2.585320, 120417550599632610000000.000000, D
1.412168, 0.070950, 0.009338, 2.509260, 5297460889430349.000000, E
0.453340, 87745.169942, 12338.600268, 4.986297, 6711449552.533099, F
0.724490, 586.001016, 86.824281, 2.632789, 0.000000, G
0.736620, 164.325910, 26.085909, 4.087576, 1862692624554.481400, H
0.688203, 211.080303, 29.377745, 4.042147, 65028640884.521180, I
0.726488, 640.762519, 93.256554, 2.240037, 19545066644613500.000000, J
0.883466, 16.014553, 1.973460, 2.978407, 3370634096847283200.000000, A
1.690001, 2.117340, 0.383179, 1.912332, 614838389691.715600, B
0.793129, 2411.144896, 355.105803, 2.021896, 46448518372856.660000, C
1.124094, 0.666794, 0.093068, 2.585320, 12432516.858412, D
1.412168, 0.066549, 0.009899, 2.509260, 258157009966100640.000000, E
0.453340, 103717.603182, 15300.736003, 4.986297, 335077768.931479, F
0.724490, 638.170594, 89.153559, 2.632789, 14870364583947300.000000, G
0.736620, 176.744278, 23.450736, 4.087576, 71275218040000.360000, H
0.688203, 232.407588, 33.350671, 4.042147, 58298967489412.150000, I
0.726488, 711.343430, 115.745643, 2.240037, 17008656846.092590, J
0.883466, 16.594461, 2.039368, 2.978407, 8653127218268315600.000000, A
1.690001, 2.092281, 0.367881, 1.912332, 72789097.641611, B
0.793129, 2712.966625, 413.234003, 2.021896, 0.000000, C
1.124094, 0.647623, 0.086241, 2.585320, 0.000000, D
1.412168, 0.060999, 0.008324, 2.509260, 56782372443474290000000.000000, E
0.453340, 124807.791102, 16808.446331, 4.986297, 11474381920.610096, F
0.724490, 701.144220, 97.085703, 2.632789, 23604.937935, G
0.736620, 188.433735, 24.228145, 4.087576, 77176275399731296.000000, H
0.688203, 247.831374, 34.915357, 4.042147, 5911874526556456.000000, I
0.726488, 764.417496, 111.847784, 2.240037, 50007765050651.020000, J
0.883466, 17.528086, 2.727719, 2.978407, 532095449888748400000.000000, A
1.690001, 2.100637, 0.338974, 1.912332, 138317402548916.690000, B
0.793129, 2978.431652, 484.368863, 2.021896, 40.406515, C
1.124094, 0.624284, 0.085922, 2.585320, 17544623250140.516000, D
1.412168, 0.057765, 0.009178, 2.509260, 0.000000, E
0.453340, 144057.895991, 19589.506275, 4.986297, 17241742552.063550, F
0.724490, 748.165888, 115.566468, 2.632789, 171644904590572640.000000, G
0.736620, 195.613522, 26.414532, 4.087576, 1334189250376429.800000, H
0.688203, 270.335449, 39.504496, 4.042147, 28572815705023032.000000, I
0.726488, 829.914194, 121.507252, 2.240037, 250250.437541, J
0.883466, 17.764349, 2.557068, 2.978407, 152653575737112.880000, A
1.690001, 2.044784, 0.306986, 1.912332, 70818510105045344.000000, B
0.793129, 3379.361922, 493.447804, 2.021896, 38392382647564.560000, C
1.124094, 0.605381, 0.088307, 2.585320, 147125.636910, D
1.412168, 0.055464, 0.008794, 2.509260, 157876854.920264, E
0.453340, 169063.346845, 26302.649764, 4.986297, 2859214481.777291, F
0.724490, 830.380945, 122.631495, 2.632789, 223809199.918540, G
0.736620, 200.638190, 25.159716, 4.087576, 916646275981761540.000000, H
0.688203, 294.695516, 45.030781, 4.042147, 99372549496014208.000000, I
0.726488, 916.828138, 119.472498, 2.240037, 33762694069742240.000000, J
0.883466, 18.711499, 2.871383, 2.978407, 8394698102939455.000000, A
1.690001, 2.055558, 0.304494, 1.912332, 1.083572, B
0.793129, 3863.878874, 602.825279, 2.021896, 0.005095, C
1.124094, 0.575416, 0.082383, 2.585320, 1294130788215086850.000000, D
1.412168, 0.052856, 0.008384, 2.509260, 4846796483622199300.000000, E
0.453340, 202976.674140, 32898.176982, 4.986297, 315832971858.074200, F
0.724490, 921.352063, 147.790854, 2.632789, 6231324889.474077, G
0.736620, 210.800952, 28.182852, 4.087576, 6568914542.513905, H
0.688203, 314.726011, 44.506109, 4.042147, 6435244730782164.000000, I
0.726488, 1008.520460, 150.220935, 2.240037, 10366072325132802.000000, J
0.883466, 19.019215, 2.890188, 2.978407, 65038.397986, A
1.690001, 2.037576, 0.329733, 1.912332, 553269610195666.750000, B
0.793129, 4272.964553, 640.121656, 2.021896, 754283149484448.000000, C
1.124094, 0.555299, 0.081736, 2.585320, 25036107663412.360000, D
1.412168, 0.048324, 0.006998, 2.509260, 0.000000, E
0.453340, 245748.024661, 35825.574450, 4.986297, 467688347.666690, F
0.724490, 1021.908526, 150.826463, 2.632789, 6863.297439, G
0.736620, 226.549059, 37.130333, 4.087576, 0.000000, H
0.688203, 334.892599, 46.756005, 4.042147, 575735213862451200.000000, I
0.726488, 1070.830539, 159.872250, 2.240037, 4788.011270, J
0.883466, 19.587046, 3.109899, 2.978407, 73669235766338420000.000000, A
1.690001, 2.029348, 0.350327, 1.912332, 0.000000, B
0.793129, 4704.316719, 703.688580, 2.021896, 0.000000, C
1.124094, 0.538162, 0.076842, 2.585320, 6682218.024157, D
1.412168, 0.047110, 0.007502, 2.509260, 1584029100560403700000.000000, E
0.453340, 295790.147729, 49916.456600, 4.986297, 209759265426.908660, F
0.724490, 1142.721435, 183.952292, 2.632789, 12920.615267, G
0.736620, 239.766389, 35.927335, 4.087576, 197719509.510910, H
0.688203, 361.556438, 49.718521, 4.042147, 58820299763.901230, I
0.726488, 1133.864574, 171.935567, 2.240037, 4569210666953990700.000000, J
0.883466, 20.499342, 3.205820, 2.978407, 210614052714353248.000000, A
1.690001, 2.071673, 0.318122, 1.912332, 9769587374582078.000000, B
0.793129, 5429.120701, 916.683441, 2.021896, 2711635649.761910, C
1.124094, 0.521207, 0.065396, 2.585320, 0.000000, D
1.412168, 0.044782, 0.007731, 2.509260, 0.020964, E
0.453340, 350246.598937, 56087.718662, 4.986297, 112951090.873936, F
0.724490, 1238.914196, 204.774072, 2.632789, 15019577867264130.000000, G
0.736620, 260.065968, 38.347649, 4.087576, 38565550004539.470000, H
0.688203, 395.108947, 55.835329, 4.042147, 576708835326252.900000, I
0.726488, 1225.665554, 221.310671, 2.240037, 3974.845880, J
0.883466, 21.044826, 3.004082, 2.978407, 1174757744.479176, A
1.690001, 2.078376, 0.366096, 1.912332, 0.000000, B
0.793129, 5686.717061, 953.236968, 2.021896, 1503649334956518400.000000, C
1.124094, 0.502894, 0.056196, 2.585320, 121446580212278320.000000, D
1.412168, 0.042021, 0.006648, 2.509260, 0.000000, E
0.453340, 415488.758171, 69547.490635, 4.986297, 821294333.859452, F
0.724490, 1375.797700, 253.458423, 2.632789, 353750137072962.600000, G
0.736620, 276.004457, 43.673006, 4.087576, 163295208555.620000, H
0.688203, 410.504949, 49.860521, 4.042147, 34374657.237724, I
0.726488, 1355.554710, 233.849031, 2.240037, 1042430981234209.600000, J
0.883466, 21.485829, 3.043244, 2.978407, 524668631433697.940000, A
1.690001, 2.020729, 0.343856, 1.912332, 2213078440782667.000000, B
0.793129, 6385.333604, 1061.907846, 2.021896, 727842417078.223800, C
1.124094, 0.511244, 0.068348, 2.585320, 28029244869644.664000, D
1.412168, 0.039873, 0.006601, 2.509260, 2541117231784016000000000.000000, E
0.453340, 503058.895738, 77711.945660, 4.986297, 99291271170.733490, F
0.724490, 1500.525563, 271.367825, 2.632789, 1130829792427.013700, G
0.736620, 294.969553, 44.875770, 4.087576, 98937411.885186, H
0.688203, 449.542799, 65.269259, 4.042147, 1057009.587608, I
0.726488, 1421.589379, 215.717215, 2.240037, 59043725563.930626, J
0.883466, 21.453434, 2.709520, 2.978407, 2068179132335923970.000000, A
1.690001, 2.032897, 0.331497, 1.912332, 327812953015394400000000.000000, B
0.793129, 6820.845458, 1100.539175, 2.021896, 3398428257.863514, C
1.124094, 0.495769, 0.061394, 2.585320, 1592203.633380, D
1.412168, 0.036245, 0.005530, 2.509260, 35265085.737479, E
0.453340, 595698.749708, 89058.793896, 4.986297, 54603262180.385155, F
0.724490, 1628.289319, 279.957892, 2.632789, 304.912419, G
0.736620, 303.942022, 47.768769, 4.087576, 29246433078548.100000, H
0.688203, 491.164038, 69.108112, 4.042147, 2499838105245792.000000, I
0.726488, 1518.007098, 232.177321, 2.240037, 329521555.290976, J
0.883466, 22.259802, 3.080405, 2.978407, 51330677303494.250000, A
1.690001, 2.020444, 0.281968, 1.912332, 0.000000, B
0.793129, 7451.005847, 1013.017337, 2.021896, 177208403.539136, C
1.124094, 0.475802, 0.065090, 2.585320, 0.000000, D
1.412168, 0.033839, 0.004833, 2.509260, 1069535.040242, E
0.453340, 708208.474696, 103553.603191, 4.986297, 1246034777.443393, F
0.724490, 1772.985949, 297.855801, 2.632789, 2813163983397.012700, G
0.736620, 322.328981, 47.009463, 4.087576, 3317183165784633.000000, H
0.688203, 517.858005, 73.384155, 4.042147, 90785076348399568.000000, I
0.726488, 1673.966800, 229.770574, 2.240037, 6259.138491, J
0.883466, 22.115388, 3.166379, 2.978407, 36099620752.005470, A
1.690001, 1.964704, 0.272745, 1.912332, 0.000000, B
0.793129, 8177.360117, 1168.270315, 2.021896, 10684.071121, C
1.124094, 0.466063, 0.068715, 2.585320, 1640766351829392380.000000, D
1.412168, 0.032249, 0.004664, 2.509260, 65600820.472753, E
0.453340, 858667.482403, 126132.085056, 4.986297, 4729585940.879531, F
0.724490, 2023.959981, 312.191537, 2.632789, 48251451.614971, G
0.736620, 347.851834, 52.560222, 4.087576, 260585176286.784700, H
0.688203, 551.868420, 75.204919, 4.042147, 33238072.813393, I
0.726488, 1863.195057, 272.117655, 2.240037, 212170669540.670780, J
0.883466, 22.556503, 3.331607, 2.978407, 68834861243884420000.000000, A
1.690001, 1.976480, 0.298296, 1.912332, 0.000000, B
0.793129, 8703.173624, 1160.446694, 2.021896, 22213719253664.203000, C
1.124094, 0.462088, 0.057272, 2.585320, 3174547806.703365, D
1.412168, 0.030854, 0.004748, 2.509260, 331091305589399.200000, E
0.453340, 1004210.380982, 151962.145545, 4.986297, 32968939268.685127, F
0.724490, 2125.196350, 296.657907, 2.632789, 1877496644209380.500000, G
0.736620, 364.718266, 49.958789, 4.087576, 37055.977629, H
0.688203, 593.340204, 80.393487, 4.042147, 15091.386252, I
0.726488, 2023.856204, 321.852608, 2.240037, 17232548.995095, J
0.883466, 23.282717, 3.599060, 2.978407, 120383513.308870, A
1.690001, 1.991805, 0.341234, 1.912332, 0.000000, B
0.793129, 9850.959755, 1418.832132, 2.021896, 0.000000, C
1.124094, 0.447312, 0.058887, 2.585320, 1836794104223781380.000000, D
1.412168, 0.028763, 0.004460, 2.509260, 0.000000, E
0.453340, 1201232.490372, 204458.078042, 4.986297, 374200807366.419070, F
0.724490, 2261.691068, 334.099092, 2.632789, 1413081207663.298800, G
0.736620, 387.680415, 54.422905, 4.087576, 326765136161.064450, H
0.688203, 644.655310, 99.722603, 4.042147, 612121462624215170.000000, I
0.726488, 2186.517707, 307.434047, 2.240037, 1197944506087844860.000000, J
0.883466, 24.061438, 4.327171, 2.978407, 3285163403973015.000000, A
1.690001, 2.019943, 0.326943, 1.912332, 1.612281, B
0.793129, 10936.873099, 1474.936370, 2.021896, 5.216832, C
1.124094, 0.433042, 0.060553, 2.585320, 7964083962.572857, D
1.412168, 0.026658, 0.004217, 2.509260, 0.000000, E
0.453340, 1399337.319888, 216328.637548, 4.986297, 39998915863.936340, F
0.724490, 2432.371798, 346.004463, 2.632789, 1989244440435.722400, G
0.736620, 402.729978, 54.774407, 4.087576, 763804640671894400.000000, H
0.688203, 675.432745, 101.031147, 4.042147, 1384785367081.427200, I
0.726488, 2395.472747, 369.357130, 2.240037, 3869489806570295.500000, J
0.883466, 24.341970, 3.400744, 2.978407, 1693352781126539.500000, A
1.690001, 2.018035, 0.315594, 1.912332, 4641161878262885400000.000000, B
0.793129, 11889.058608, 1718.664318, 2.021896, 1061429.948347, C
1.124094, 0.410000, 0.062202, 2.585320, 0.000000, D
1.412168, 0.025336, 0.003834, 2.509260, 0.000000, E
0.453340, 1680693.904477, 273428.877493, 4.986297, 1182759.284073, F
0.724490, 2684.296237, 366.482263, 2.632789, 60706922.620719, G
0.736620, 428.179834, 54.418790, 4.087576, 1440966872458366.000000, H
0.688203, 734.995271, 115.530222, 4.042147, 8540596704619250.000000, I
0.726488, 2532.811646, 361.318027, 2.240037, 1141162926747050620.000000, J
0.883466, 24.992183, 3.561627, 2.978407, 4261214588310282.000000, A
1.690001, 1.987182, 0.330312, 1.912332, 0.000000, B
0.793129, 13392.743872, 1986.292832, 2.021896, 43761955.310955, C
1.124094, 0.402092, 0.057986, 2.585320, 0.000000, D
1.412168, 0.024072, 0.003746, 2.509260, 773451709257932420.000000, E
0.453340, 1975844.089150, 300066.427212, 4.986297, 22176768.909602, F
0.724490, 2982.998620, 504.203369, 2.632789, 6476200201469368.000000, G
0.736620, 467.861397, 64.427322, 4.087576, 116047907087626176.000000, H
0.688203, 788.723980, 135.682739, 4.042147, 18984737822.937378, I
0.726488, 2828.571027, 423.317806, 2.240037, 699848478.776221, J
0.883466, 25.498386, 3.725292, 2.978407, 1103213193955238200000.000000, A
1.690001, 2.067743, 0.355075, 1.912332, 0.000000, B
0.793129, 14887.426812, 2457.773412, 2.021896, 20.906786, C
1.124094, 0.389691, 0.059995, 2.585320, 283158354497051450000000.000000, D
1.412168, 0.023036, 0.003520, 2.509260, 1128482743.647294, E
0.453340, 2352778.535617, 357903.768820, 4.986297, 21730638045.262610, F
0.724490, 3183.524713, 435.742013, 2.632789, 3238100100735906.000000, G
0.736620, 515.623381, 81.744996, 4.087576, 849198806942069760.000000, H
0.688203, 878.956488, 146.414154, 4.042147, 1526137407153604.500000, I
0.726488, 3027.896047, 438.018095, 2.240037, 75480922806848064.000000, J
0.883466, 26.067966, 3.683022, 2.978407, 3379612326.811743, A
1.690001, 2.101831, 0.355409, 1.912332, 0.000000, B
0.793129, 16329.783662, 2477.994923, 2.021896, 3172200699684739.000000, C
1.124094, 0.379462, 0.051026, 2.585320, 1205253217.569633, D
1.412168, 0.021382, 0.003058, 2.509260, 9244530653446.336000, E
0.453340, 2755416.770276, 356998.254361, 4.986297, 447354552.362236, F
0.724490, 3484.049291, 463.712694, 2.632789, 120156713462400720.000000, G
0.736620, 549.685459, 96.618536, 4.087576, 602586709112.512100, H
0.688203, 957.280896, 152.040966, 4.042147, 90489074325037008.000000, I
0.726488, 3336.654691, 615.532492, 2.240037, 1083267589892772.000000, J
0.883466, 25.846256, 3.737430, 2.978407, 34384711115425575000.000000, A
1.690001, 2.095618, 0.334670, 1.912332, 0.000000, B
0.793129, 18854.220807, 3243.762768, 2.021896, 646.504239, C
1.124094, 0.372619, 0.059796, 2.585320, 0.012447, D
1.412168, 0.020035, 0.003103, 2.509260, 0.000000, E
0.453340, 3319792.835267, 474147.053883, 4.986297, 138017910202.838750, F
0.724490, 3784.799164, 589.537918, 2.632789, 51849863942424800.000000, G
0.736620, 602.962516, 102.174129, 4.087576, 8710036417941773.000000, H
0.688203, 1021.871107, 134.627882, 4.042147, 9313955577806.361000, I
0.726488, 3743.073118, 702.257444, 2.240037, 61912917207499408.000000, J
0.883466, 26.739655, 3.585342, 2.978407, 0.000000, A
1.690001, 2.025594, 0.319456, 1.912332, 283274040420181376.000000, B
0.793129, 20819.552503, 3653.278700, 2.021896, 11890910284173988.000000, C
1.124094, 0.373660, 0.057479, 2.585320, 662594963566124500000.000000, D
1.412168, 0.019119, 0.003047, 2.509260, 16346551921499187000.000000, E
0.453340, 3960152.378482, 578449.689323, 4.986297, 1621462294.818976, F
0.724490, 4061.663677, 620.234453, 2.632789, 23318620834872488000.000000, G
0.736620, 658.764712, 118.664723, 4.087576, 12957745472439.775000, H
0.688203, 1140.943065, 152.806434, 4.042147, 4620430340514391.000000, I
0.726488, 4144.282966, 668.242162, 2.240037, 944223312524699.500000, J
0.883466, 26.943377, 3.564872, 2.978407, 7226649182428085200.000000, A
1.690001, 2.001221, 0.303728, 1.912332, 0.000000, B
0.793129, 22969.769754, 3995.730967, 2.021896, 0.000000, C
1.124094, 0.359247, 0.050126, 2.585320, 57399815756993168.000000, D
1.412168, 0.017775, 0.002850, 2.509260, 21982.819739, E
0.453340, 4691820.944056, 777595.268848, 4.986297, 40151717413.402855, F
0.724490, 4333.578789, 616.055910, 2.632789, 5460624045.947169, G
0.736620, 697.850245, 117.010825, 4.087576, 343286250044683140.000000, H
0.688203, 1184.154272, 149.988923, 4.042147, 72105038889695.050000, I
0.726488, 4551.839904, 681.490850, 2.240037, 69930772328220112.000000, J
0.883466, 28.414849, 4.412810, 2.978407, 116122595284391600000.000000, A
1.690001, 1.927538, 0.301305, 1.912332, 4426156881934591.500000, B
0.793129, 25027.954159, 3908.289304, 2.021896, 46448518243287.790000, C
1.124094, 0.352577, 0.051202, 2.585320, 631899798933147.900000, D
1.412168, 0.016490, 0.002585, 2.509260, 45840854014896704.000000, E
0.453340, 5557710.577844, 836234.478672, 4.986297, 47713123610.882870, F
0.724490, 4950.403487, 731.731255, 2.632789, 4308653518187993.500000, G
0.736620, 749.352776, 147.125774, 4.087576, 381840647742661760.000000, H
0.688203, 1307.907700, 190.592635, 4.042147, 367.023436, I
0.726488, 4937.781802, 860.468090, 2.240037, 57578974569630.680000, J
0.883466, 30.016998, 4.607617, 2.978407, 1034086504991585790.000000, A
1.690001, 1.936667, 0.330870, 1.912332, 37129295025954013000000.000000, B
0.793129, 27438.105572, 4084.564348, 2.021896, 710838929272946.400000, C
1.124094, 0.347898, 0.059482, 2.585320, 0.003112, D
1.412168, 0.015546, 0.002259, 2.509260, 112871255.874179, E
0.453340, 6621107.938198, 943015.200474, 4.986297, 141432464.489876, F
0.724490, 5345.524893, 749.837848, 2.632789, 1010105212280729980.000000, G
0.736620, 816.723231, 124.661765, 4.087576, 684934990941916160.000000, H
0.688203, 1383.853180, 201.124982, 4.042147, 78075330822570.700000, I
0.726488, 5330.371014, 841.482560, 2.240037, 1756.499071, J
0.883466, 31.532816, 4.754607, 2.978407, 668916705753396480.000000, A
1.690001, 1.957524, 0.340232, 1.912332, 305299603394600.000000, B
0.793129, 29361.087869, 4282.584381, 2.021896, 0.000000, C
1.124094, 0.331302, 0.053061, 2.585320, 80883301688786336.000000, D
1.412168, 0.014774, 0.002362, 2.509260, 0.000000, E
0.453340, 7995924.809309, 1331454.797338, 4.986297, 3748368.923567, F
0.724490, 5702.022290, 804.221889, 2.632789, 1545150412.325637, G
0.736620, 906.151931, 133.344646, 4.087576, 1222.517258, H
0.688203, 1484.959022, 221.849808, 4.042147, 3015989870101.206000, I
0.726488, 6110.902739, 954.537508, 2.240037, 5961450.276064, J
0.883466, 32.809220, 5.158100, 2.978407, 8885.419788, A
1.690001, 1.995895, 0.370608, 1.912332, 85.141961, B
0.793129, 33140.638706, 5089.594555, 2.021896, 173719719280.666100, C
1.124094, 0.312101, 0.044237, 2.585320, 4275689956948242400.000000, D
1.412168, 0.014269, 0.002155, 2.509260, 28.661186, E
0.453340, 9566700.517867, 1660504.424248, 4.986297, 1507948185.704353, F
0.724490, 6239.079567, 927.681799, 2.632789, 15176753.663265, G
0.736620, 949.564932, 135.564509, 4.087576, 4939276067927843800.000000, H
0.688203, 1631.041284, 228.165965, 4.042147, 9251225425465350.000000, I
0.726488, 6509.400761, 1002.105941, 2.240037, 564676165471.267200, J
0.883466, 34.024314, 4.945915, 2.978407, 8272698507884813300.000000, A
1.690001, 2.028220, 0.358183, 1.912332, 4221112138.333639, B
0.793129, 37281.529160, 6452.943419, 2.021896, 5553429126931.840000, C
1.124094, 0.301021, 0.041702, 2.585320, 2588261576430173700.000000, D
1.412168, 0.013111, 0.001840, 2.509260, 0.000000, E
0.453340, 11157327.942532, 1439282.099734, 4.986297, 284521427.262173, F
0.724490, 6705.722411, 1168.693240, 2.632789, 210068345379714752.000000, G
0.736620, 980.836765, 130.044878, 4.087576, 27112829304.744747, H
0.688203, 1756.280392, 257.312107, 4.042147, 318375256453694850.000000, I
0.726488, 6947.918545, 930.013292, 2.240037, 139919552294413776.000000, J
0.883466, 35.220527, 5.544693, 2.978407, 432590866282.677700, A
1.690001, 1.947402, 0.310906, 1.912332, 0.000000, B
0.793129, 41560.076549, 6099.050144, 2.021896, 2776714563469.265000, C
1.124094, 0.289200, 0.036997, 2.585320, 0.000000, D
1.412168, 0.012736, 0.001680, 2.509260, 969556705276090110.000000, E
0.453340, 13364454.114462, 1812983.762767, 4.986297, 2023567140.819170, F
0.724490, 7233.161018, 1259.748184, 2.632789, 1567141.965461, G
0.736620, 1063.621580, 144.718137, 4.087576, 12687618397108318.000000, H
0.688203, 1904.050744, 278.161582, 4.042147, 1527198288477114620.000000, I
0.726488, 7498.608563, 1098.150280, 2.240037, 151.496802, J
0.883466, 36.699392, 5.355495, 2.978407, 12839428557694.290000, A
1.690001, 1.949884, 0.303595, 1.912332, 0.000000, B
0.793129, 45000.867271, 6388.498981, 2.021896, 716995881028.963600, C
1.124094, 0.281142, 0.041253, 2.585320, 2650379868278137000000.000000, D
1.412168, 0.012202, 0.001597, 2.509260, 117396.225584, E
0.453340, 15695056.558899, 2215877.791605, 4.986297, 51947590656.734380, F
0.724490, 7860.860964, 1378.478111, 2.632789, 1349455570.689498, G
0.736620, 1112.919560, 142.254719, 4.087576, 21738659780196745000.000000, H
0.688203, 2036.042054, 255.720488, 4.042147, 35071120070161460.000000, I
0.726488, 8101.867786, 1334.390016, 2.240037, 3328879966814921700.000000, J
0.883466, 36.896330, 5.613998, 2.978407, 24476386.004343, A
1.690001, 1.968042, 0.312214, 1.912332, 0.000000, B
0.793129, 51341.035012, 8411.126130, 2.021896, 0.000000, C
1.124094, 0.277077, 0.043202, 2.585320, 0.000000, D
1.412168, 0.011394, 0.001472, 2.509260, 2712299975388336100.000000, E
0.453340, 18327285.342876, 2406380.930421, 4.986297, 319512.045752, F
0.724490, 8311.417427, 1363.359368, 2.632789, 345644535676.238950, G
0.736620, 1216.107810, 193.992576, 4.087576, 8393825903204.135000, H
0.688203, 2238.518249, 305.881707, 4.042147, 254732664.876567, I
0.726488, 9227.082467, 1859.668659, 2.240037, 278195921430409.800000, J
0.883466, 37.560183, 5.598426, 2.978407, 630784371946761000000.000000, A
1.690001, 1.916896, 0.281166, 1.912332, 0.000000, B
0.793129, 58518.671734, 9629.707345, 2.021896, 1314.130819, C
1.124094, 0.272955, 0.044658, 2.585320, 108859844.822689, D
1.412168, 0.010785, 0.001789, 2.509260, 1388700647104179600000.000000, E
0.453340, 21398734.685040, 2680783.074114, 4.986297, 15688810.933220, F
0.724490, 8951.131457, 1339.022088, 2.632789, 12558.141946, G
0.736620, 1255.300717, 194.706771, 4.087576, 3580650791378249.500000, H
0.688203, 2388.608542, 331.630093, 4.042147, 82435505504786384.000000, I
0.726488, 9929.175263, 1827.120963, 2.240037, 48839575119.283005, J
0.883466, 38.226250, 6.124719, 2.978407, 118327078847531.880000, A
1.690001, 1.894219, 0.262804, 1.912332, 15.724868, B
0.793129, 64485.710446, 10392.873616, 2.021896, 93.570934, C
1.124094, 0.262497, 0.039404, 2.585320, 2038805494435.900400, D
1.412168, 0.010376, 0.001680, 2.509260, 34395084691774.273000, E
0.453340, 25230170.998631, 3560046.483294, 4.986297, 348108.863883, F
0.724490, 9639.390651, 1491.512613, 2.632789, 3500159.238092, G
0.736620, 1335.255254, 186.835079, 4.087576, 1748364034905.886200, H
0.688203, 2588.406713, 366.532468, 4.042147, 1159323309471259650.000000, I
0.726488, 10932.606849, 2001.958257, 2.240037, 14617963967544556.000000, J
0.883466, 39.722064, 5.664125, 2.978407, 1.120594, A
1.690001, 1.900791, 0.314533, 1.912332, 142166.206331, B
0.793129, 73822.210861, 14249.351804, 2.021896, 10846541263.600384, C
1.124094, 0.255585, 0.041771, 2.585320, 109481460107.790310, D
1.412168, 0.009852, 0.001428, 2.509260, 9526094614406204000000.000000, E
0.453340, 29732812.155568, 4780389.668497, 4.986297, 148327292068.921700, F
0.724490, 10357.210064, 1407.055120, 2.632789, 1472.517443, G
0.736620, 1413.848724, 211.365486, 4.087576, 20871652722513.605000, H
0.688203, 2770.659696, 400.192204, 4.042147, 711893714056123140.000000, I
0.726488, 11532.332578, 1730.841041, 2.240037, 1919.769565, J
0.883466, 40.551002, 5.505363, 2.978407, 15043.902968, A
1.690001, 1.909080, 0.286024, 1.912332, 2.169284, B
0.793129, 83096.872778, 16321.199332, 2.021896, 1696047.473601, C
1.124094, 0.249473, 0.042266, 2.585320, 391189182240.818100, D
1.412168, 0.009458, 0.001425, 2.509260, 485263038.070510, E
0.453340, 35274044.525180, 5358186.922445, 4.986297, 812833.243890, F
0.724490, 11245.077704, 1639.469818, 2.632789, 554648422106.139900, G
0.736620, 1529.883324, 239.787033, 4.087576, 847600475729.200400, H
0.688203, 3015.815568, 441.667795, 4.042147, 39796906848832008.000000, I
0.726488, 12535.827436, 1835.013475, 2.240037, 2541292767961416.500000, J
0.883466, 40.759284, 4.795485, 2.978407, 5484345.332373, A
1.690001, 1.891922, 0.275796, 1.912332, 5122077390865537000000.000000, B
0.793129, 97295.406857, 18569.068177, 2.021896, 2711635315.884687, C
1.124094, 0.233826, 0.034653, 2.585320, 0.000000, D
1.412168, 0.008702, 0.001211, 2.509260, 14155883637940945000000.000000, E
0.453340, 41902188.275559, 5833116.657081, 4.986297, 58983912307.479380, F
0.724490, 12235.198815, 1654.934058, 2.632789, 754572.384286, G
0.736620, 1610.757680, 234.788717, 4.087576, 39660013916142360.000000, H
0.688203, 3260.197251, 489.596983, 4.042147, 1114575228430371840.000000, I
0.726488, 14040.360323, 2089.893211, 2.240037, 5533679762911810.000000, J
0.883466, 42.624766, 5.693833, 2.978407, 1100309869748442600000.000000, A
1.690001, 1.881713, 0.296082, 1.912332, 0.000000, B
0.793129, 108140.924543, 19762.944123, 2.021896, 21184692.640002, C
1.124094, 0.221447, 0.032690, 2.585320, 2940244712206556.000000, D
1.412168, 0.008084, 0.001204, 2.509260, 396007275140061400000.000000, E
0.453340, 50165299.983904, 7184666.312088, 4.986297, 63989104831.959290, F
0.724490, 13472.739289, 2158.929683, 2.632789, 711629623520689.600000, G
0.736620, 1798.571893, 267.725782, 4.087576, 42693754721981160.000000, H
0.688203, 3532.994873, 624.350105, 4.042147, 153521828362457824.000000, I
0.726488, 15530.221224, 2575.718075, 2.240037, 479.942391, J
0.883466, 42.245574, 5.359701, 2.978407, 268027566239483270000.000000, A
1.690001, 1.841080, 0.261447, 1.912332, 9769587308627200.000000, B
0.793129, 120779.282730, 21233.439468, 2.021896, 0.000000, C
1.124094, 0.215940, 0.028511, 2.585320, 0.012447, D
1.412168, 0.007546, 0.001101, 2.509260, 99001820754597040000.000000, E
0.453340, 59285690.585604, 9929723.796775, 4.986297, 118735348721.102580, F
0.724490, 14151.451693, 1956.356397, 2.632789, 109929088035533888.000000, G
0.736620, 1938.227010, 310.721896, 4.087576, 9415480816.585167, H
0.688203, 3791.257048, 525.747879, 4.042147, 162234875736288576.000000, I
0.726488, 16621.133780, 2726.959030, 2.240037, 2860.946884, J
0.883466, 43.362737, 6.403980, 2.978407, 15270.054681, A
1.690001, 1.791852, 0.223162, 1.912332, 0.000000, B
0.793129, 136109.298242, 25199.662974, 2.021896, 42369301.810698, C
1.124094, 0.215723, 0.033800, 2.585320, 127425343401.165710, D
1.412168, 0.007076, 0.000959, 2.509260, 480854902.353325, E
0.453340, 71591518.823880, 11513551.409793, 4.986297, 39477224314.170670, F
0.724490, 15854.210008, 2403.787847, 2.632789, 62188031738.808914, G
0.736620, 2044.146556, 337.508211, 4.087576, 2468195160524728.500000, H
0.688203, 4072.697025, 480.234903, 4.042147, 153928573128801056.000000, I
0.726488, 18382.646453, 2846.090519, 2.240037, 66715395741909320.000000, J
