amtProduced_need, avg_price, sd, consumption_rate, consumed, char
0.724490, 3.237088, 0.839677, 2.632789, 2.012438, G
0.724490, 3.478209, 0.656624, 2.632789, 1.984730, G
0.724490, 3.844522, 0.590207, 2.632789, 1.736250, G
0.724490, 4.176378, 0.672316, 2.632789, 1.960632, G
0.724490, 4.579491, 0.619290, 2.632789, 1.715863, G
0.724490, 5.485758, 0.812001, 2.632789, 1.245936, G
0.724490, 6.513606, 0.946202, 2.632789, 1.311599, G
0.724490, 7.663434, 1.200239, 2.632789, 1.358787, G
0.724490, 7.426177, 1.060650, 2.632789, 2.290526, G
0.724490, 6.964721, 0.918028, 2.632789, 2.476065, G
0.724490, 6.736660, 0.962648, 2.632789, 2.199349, G
0.724490, 6.750309, 0.965306, 2.632789, 2.278950, G
0.724490, 7.042994, 1.125019, 2.632789, 2.050448, G
0.724490, 6.878038, 0.918488, 2.632789, 2.264816, G
0.724490, 6.638693, 0.900933, 2.632789, 2.423357, G
0.724490, 6.559454, 0.876658, 2.632789, 2.284901, G
0.724490, 6.572417, 1.106961, 2.632789, 2.222377, G
0.724490, 6.601595, 1.157795, 2.632789, 2.207824, G
0.724490, 6.403879, 0.909110, 2.632789, 2.413136, G
0.724490, 6.392168, 1.005058, 2.632789, 2.178576, G
0.724490, 6.654391, 1.053607, 2.632789, 1.974877, G
0.724490, 7.109674, 1.075889, 2.632789, 1.891889, G
0.724490, 7.392164, 1.192292, 2.632789, 2.023528, G
0.724490, 7.690847, 1.166453, 2.632789, 1.891889, G
0.724490, 8.510748, 1.413753, 2.632789, 1.774803, G
0.724490, 9.474305, 1.759583, 2.632789, 1.711313, G
0.724490, 10.508858, 1.980929, 2.632789, 1.695283, G
0.724490, 11.382173, 2.047728, 2.632789, 1.827459, G
0.724490, 11.381578, 2.253578, 2.632789, 2.264198, G
0.724490, 11.800800, 2.079150, 2.632789, 2.169722, G
0.724490, 12.279932, 2.151449, 2.632789, 2.007049, G
0.724490, 12.746904, 2.062593, 2.632789, 2.090738, G
0.724490, 13.217792, 2.193245, 2.632789, 1.996461, G
0.724490, 13.760464, 2.249834, 2.632789, 1.983074, G
0.724490, 15.325012, 2.898094, 2.632789, 1.736662, G
0.724490, 15.915328, 2.699462, 2.632789, 2.079903, G
0.724490, 16.908728, 2.673171, 2.632789, 1.972239, G
0.724490, 17.591845, 2.702797, 2.632789, 2.114576, G
0.724490, 18.584633, 2.749252, 2.632789, 1.834728, G
0.724490, 18.420937, 2.635525, 2.632789, 2.197600, G
0.724490, 17.236088, 2.496586, 2.632789, 2.501149, G
0.724490, 16.603534, 2.620294, 2.632789, 2.264198, G
0.724490, 16.085733, 2.735844, 2.632789, 2.380208, G
0.724490, 15.373193, 2.581806, 2.632789, 2.423853, G
0.724490, 14.797065, 2.201545, 2.632789, 2.380208, G
0.724490, 14.260302, 2.032250, 2.632789, 2.369510, G
0.724490, 13.716235, 1.861827, 2.632789, 2.460099, G
0.724490, 13.870388, 1.959051, 2.632789, 2.180541, G
0.724490, 14.020839, 1.995753, 2.632789, 2.129573, G
0.724490, 14.871291, 2.458366, 2.632789, 1.934580, G
0.724490, 15.787674, 2.697415, 2.632789, 1.987236, G
0.724490, 16.837651, 2.890214, 2.632789, 1.724408, G
0.724490, 18.608839, 3.181995, 2.632789, 1.658657, G
0.724490, 20.022849, 3.183262, 2.632789, 1.945911, G
0.724490, 21.723939, 3.848410, 2.632789, 1.842287, G
0.724490, 23.858601, 4.903296, 2.632789, 1.713000, G
0.724490, 24.558197, 4.620251, 2.632789, 2.000920, G
0.724490, 24.892166, 4.098171, 2.632789, 2.100010, G
0.724490, 24.626658, 4.158222, 2.632789, 2.225961, G
0.724490, 23.172094, 3.474845, 2.632789, 2.422088, G
0.724490, 21.880482, 3.061582, 2.632789, 2.417233, G
0.724490, 21.075669, 3.024431, 2.632789, 2.367744, G
0.724490, 20.235720, 2.815740, 2.632789, 2.339937, G
0.724490, 19.421659, 2.732785, 2.632789, 2.305996, G
0.724490, 19.000092, 2.519212, 2.632789, 2.261729, G
0.724490, 19.147583, 2.699634, 2.632789, 2.201744, G
0.724490, 19.474358, 2.536048, 2.632789, 2.123144, G
0.724490, 19.640422, 2.351521, 2.632789, 2.102556, G
0.724490, 20.882686, 2.763524, 2.632789, 1.890858, G
0.724490, 21.526676, 3.101520, 2.632789, 1.924476, G
0.724490, 22.854402, 3.430146, 2.632789, 1.818690, G
0.724490, 22.076190, 2.878778, 2.632789, 2.372866, G
0.724490, 20.042987, 2.384206, 2.632789, 2.517714, G
0.724490, 18.760868, 2.502810, 2.632789, 2.422166, G
0.724490, 17.230345, 2.522490, 2.632789, 2.492057, G
0.724490, 15.488592, 2.227339, 2.632789, 2.594551, G
0.724490, 14.994278, 2.266792, 2.632789, 2.395838, G
0.724490, 13.609645, 1.947353, 2.632789, 2.527477, G
0.724490, 12.225241, 1.789578, 2.632789, 2.527477, G
0.724490, 11.216757, 1.644781, 2.632789, 2.448494, G
0.724490, 10.381992, 1.652584, 2.632789, 2.448494, G
0.724490, 10.010367, 1.528163, 2.632789, 2.381316, G
0.724490, 9.973312, 1.522211, 2.632789, 2.351334, G
0.724490, 9.454147, 1.246682, 2.632789, 2.501149, G
0.724490, 9.444695, 1.404816, 2.632789, 2.211543, G
0.724490, 9.421243, 1.467484, 2.632789, 2.237871, G
0.724490, 9.808790, 1.541497, 2.632789, 1.988098, G
0.724490, 9.991039, 1.590634, 2.632789, 2.185215, G
0.724490, 11.107040, 1.977482, 2.632789, 1.790296, G
0.724490, 12.755952, 2.236658, 2.632789, 1.649564, G
0.724490, 14.366626, 2.398153, 2.632789, 1.596909, G
0.724490, 17.307177, 2.364291, 2.632789, 1.307302, G
0.724490, 20.925448, 3.175550, 2.632789, 1.168169, G
0.724490, 27.049867, 4.479244, 2.632789, 0.938711, G
0.724490, 36.164817, 6.275103, 2.632789, 0.565243, G
0.724490, 44.124841, 7.655727, 2.632789, 1.201990, G
0.724490, 46.705922, 7.806833, 2.632789, 2.040696, G
0.724490, 42.377160, 6.295724, 2.632789, 2.544713, G
0.724490, 38.019847, 5.654385, 2.632789, 2.553805, G
0.724490, 33.515220, 5.322362, 2.632789, 2.580133, G
