0.883466, 2.858720, 0.785769, 2.978407, 2.236349, A
1.690001, 2.868430, 0.891641, 1.912332, 1.633956, B
0.793129, 3.231180, 0.784715, 2.021896, 1.582173, C
1.124094, 3.022979, 0.795105, 2.585320, 2.164499, D
1.412168, 2.836639, 0.742402, 2.509260, 2.358705, E
0.453340, 3.342576, 0.914832, 4.986297, 2.597947, F
0.724490, 3.237088, 0.839677, 2.632789, 2.012438, G
0.736620, 3.327490, 0.841859, 4.087576, 2.311482, H
0.688203, 3.100050, 0.771646, 4.042147, 2.718742, I
0.726488, 3.604186, 0.961148, 2.240037, 1.121753, J
0.883466, 3.055890, 0.632145, 2.978407, 2.021550, A
1.690001, 2.925128, 0.696606, 1.912332, 1.568113, B
0.793129, 3.295739, 0.630174, 2.021896, 1.541735, C
1.124094, 2.951056, 0.595392, 2.585320, 2.244910, D
1.412168, 2.672082, 0.558108, 2.509260, 2.312952, E
0.453340, 3.631110, 0.675651, 4.986297, 3.027507, F
0.724490, 3.478209, 0.656624, 2.632789, 1.984730, G
0.736620, 4.138441, 0.876233, 4.087576, 1.599447, H
0.688203, 3.261458, 0.559307, 4.042147, 2.982692, I
0.726488, 4.357478, 1.034710, 2.240037, 1.033562, J
0.883466, 3.222364, 0.680113, 2.978407, 2.210150, A
1.690001, 2.974024, 0.583986, 1.912332, 1.606359, B
0.793129, 3.381654, 0.669083, 2.021896, 1.625077, C
1.124094, 2.804810, 0.503508, 2.585320, 2.378868, D
1.412168, 2.658205, 0.403439, 2.509260, 2.064068, E
0.453340, 3.822364, 0.576920, 4.986297, 3.194064, F
0.724490, 3.844522, 0.590207, 2.632789, 1.736250, G
0.736620, 4.955377, 0.924511, 4.087576, 1.845783, H
0.688203, 3.237588, 0.433962, 4.042147, 3.230933, I
0.726488, 5.455098, 1.140546, 2.240037, 0.921560, J
0.883466, 3.351676, 0.552321, 2.978407, 2.383914, A
1.690001, 2.976008, 0.503472, 1.912332, 1.587236, B
0.793129, 3.565236, 0.678997, 2.021896, 1.637736, C
1.124094, 2.787541, 0.412527, 2.585320, 2.123958, D
1.412168, 2.647654, 0.467802, 2.509260, 2.124831, E
0.453340, 4.350676, 0.693939, 4.986297, 2.737687, F
0.724490, 4.176378, 0.672316, 2.632789, 1.960632, G
0.736620, 5.648346, 0.928090, 4.087576, 2.204975, H
0.688203, 3.393760, 0.470125, 4.042147, 2.952247, I
0.726488, 6.273277, 1.153872, 2.240037, 1.282651, J
0.883466, 3.513553, 0.545137, 2.978407, 2.210245, A
1.690001, 3.023356, 0.510986, 1.912332, 1.564835, B
0.793129, 3.730438, 0.657657, 2.021896, 1.623019, C
1.124094, 2.765242, 0.397386, 2.585320, 2.112792, D
1.412168, 2.646832, 0.473813, 2.509260, 2.102606, E
0.453340, 4.941245, 0.806818, 4.986297, 2.730513, F
0.724490, 4.579491, 0.619290, 2.632789, 1.715863, G
0.736620, 5.981238, 0.894741, 4.087576, 2.727166, H
0.688203, 3.527910, 0.573347, 4.042147, 3.051753, I
0.726488, 6.067244, 0.934163, 2.240037, 1.956061, J
0.883466, 3.764012, 0.516840, 2.978407, 2.027674, A
1.690001, 3.022338, 0.456671, 1.912332, 1.595710, B
0.793129, 4.027326, 0.706014, 2.021896, 1.456998, C
1.124094, 2.757631, 0.363860, 2.585320, 2.159160, D
1.412168, 2.655546, 0.418796, 2.509260, 2.040712, E
0.453340, 5.455804, 0.811125, 4.986297, 2.730513, F
0.724490, 5.485758, 0.812001, 2.632789, 1.245936, G
0.736620, 6.522457, 1.148477, 4.087576, 2.648306, H
0.688203, 3.472451, 0.499231, 4.042147, 3.405960, I
0.726488, 5.510165, 0.788065, 2.240037, 2.156961, J
0.883466, 4.128784, 0.550856, 2.978407, 1.995532, A
1.690001, 3.003965, 0.456968, 1.912332, 1.564346, B
0.793129, 4.042672, 0.666699, 2.021896, 1.719844, C
1.124094, 2.707704, 0.378681, 2.585320, 2.243828, D
1.412168, 2.755114, 0.471953, 2.509260, 1.925585, E
0.453340, 6.407802, 1.066767, 4.986297, 2.516881, F
0.724490, 6.513606, 0.946202, 2.632789, 1.311599, G
0.736620, 6.385298, 0.829111, 4.087576, 3.404344, H
0.688203, 3.454428, 0.457173, 4.042147, 3.453931, I
0.726488, 5.212762, 0.894540, 2.240037, 2.039268, J
0.883466, 4.522131, 0.600964, 2.978407, 1.884870, A
1.690001, 3.022105, 0.460245, 1.912332, 1.606359, B
0.793129, 4.156449, 0.583114, 2.021896, 1.598531, C
1.124094, 2.677202, 0.409668, 2.585320, 2.151374, D
1.412168, 2.900212, 0.446252, 2.509260, 1.795556, E
0.453340, 7.702363, 1.521394, 4.986297, 1.982281, F
0.724490, 7.663434, 1.200239, 2.632789, 1.358787, G
0.736620, 6.474611, 0.955573, 4.087576, 3.157747, H
0.688203, 3.431114, 0.423869, 4.042147, 3.290934, I
0.726488, 4.781999, 0.766811, 2.240037, 2.052326, J
0.883466, 4.956688, 0.843653, 2.978407, 1.938814, A
1.690001, 3.020531, 0.518333, 1.912332, 1.602592, B
0.793129, 4.430370, 0.604125, 2.021896, 1.475984, C
1.124094, 2.752036, 0.435472, 2.585320, 2.089435, D
1.412168, 3.062308, 0.470459, 2.509260, 1.746170, E
0.453340, 9.228875, 1.384908, 4.986297, 2.120087, F
0.724490, 7.426177, 1.060650, 2.632789, 2.290526, G
0.736620, 6.674935, 0.822748, 4.087576, 2.825191, H
0.688203, 3.566446, 0.488568, 4.042147, 3.063728, I
0.726488, 4.351456, 0.656302, 2.240037, 2.131996, J
0.883466, 5.362042, 0.898360, 2.978407, 2.158220, A
1.690001, 3.142880, 0.577261, 1.912332, 1.559994, B
0.793129, 4.700599, 0.717414, 2.021896, 1.497436, C
1.124094, 2.972291, 0.462790, 2.585320, 1.619154, D
1.412168, 3.313523, 0.482358, 2.509260, 1.802334, E
0.453340, 9.676425, 1.446462, 4.986297, 3.492381, F
0.724490, 6.964721, 0.918028, 2.632789, 2.476065, G
0.736620, 6.826328, 0.818585, 4.087576, 3.134137, H
0.688203, 3.707843, 0.467962, 4.042147, 2.834184, I
0.726488, 4.028927, 0.560173, 2.240037, 2.098398, J
0.883466, 5.840048, 0.966425, 2.978407, 2.096302, A
1.690001, 3.187555, 0.500536, 1.912332, 1.587236, B
0.793129, 5.117778, 0.809283, 2.021896, 1.493317, C
1.124094, 3.234892, 0.506925, 2.585320, 1.822391, D
1.412168, 3.592194, 0.440303, 2.509260, 1.806667, E
0.453340, 9.388946, 1.217616, 4.986297, 4.159401, F
0.724490, 6.736660, 0.962648, 2.632789, 2.199349, G
0.736620, 6.925269, 0.884340, 4.087576, 3.161115, H
0.688203, 3.978560, 0.538730, 4.042147, 2.664485, I
0.726488, 3.745717, 0.512621, 2.240037, 2.105635, J
0.883466, 6.597180, 1.024914, 2.978407, 1.883112, A
1.690001, 3.307908, 0.504089, 1.912332, 1.529866, B
0.793129, 5.677379, 0.895363, 2.021896, 1.406655, C
1.124094, 3.733395, 0.586787, 2.585320, 1.550514, D
1.412168, 4.294171, 0.644212, 2.509260, 1.296945, E
0.453340, 8.428130, 1.092591, 4.986297, 4.585774, F
0.724490, 6.750309, 0.965306, 2.632789, 2.278950, G
0.736620, 7.482793, 1.011496, 4.087576, 2.696937, H
0.688203, 4.185998, 0.638461, 4.042147, 2.923997, I
0.726488, 3.465707, 0.440160, 2.240037, 2.064646, J
0.883466, 7.390278, 1.224768, 2.978407, 1.876396, A
1.690001, 3.506741, 0.556835, 1.912332, 1.449606, B
0.793129, 6.292816, 0.954059, 2.021896, 1.334451, C
1.124094, 4.085869, 0.615583, 2.585320, 1.638307, D
1.412168, 5.177064, 0.847611, 2.509260, 1.296775, E
0.453340, 7.270054, 0.957667, 4.986297, 4.836708, F
0.724490, 7.042994, 1.125019, 2.632789, 2.050448, G
0.736620, 7.910912, 1.064176, 4.087576, 2.756554, H
0.688203, 4.550836, 0.714163, 4.042147, 2.892991, I
0.726488, 3.408677, 0.543203, 2.240037, 1.969299, J
0.883466, 7.308650, 0.982411, 2.978407, 2.433925, A
1.690001, 3.835188, 0.607360, 1.912332, 1.338633, B
0.793129, 7.370422, 1.142028, 2.021896, 1.223451, C
1.124094, 4.903856, 0.790201, 2.585320, 1.322509, D
1.412168, 6.099326, 0.949704, 2.509260, 1.361571, E
0.453340, 6.440102, 0.967545, 4.986297, 4.807657, F
0.724490, 6.878038, 0.918488, 2.632789, 2.264816, G
0.736620, 7.740664, 1.087102, 4.087576, 3.448220, H
0.688203, 5.178746, 0.891440, 4.042147, 2.445904, I
0.726488, 3.319481, 0.479906, 2.240037, 1.942355, J
0.883466, 7.707080, 1.232258, 2.978407, 2.246638, A
1.690001, 3.834129, 0.544933, 1.912332, 1.654260, B
0.793129, 8.443977, 1.149272, 2.021896, 1.173933, C
1.124094, 6.144475, 1.102680, 2.585320, 1.074034, D
1.412168, 7.540690, 1.334642, 2.509260, 1.121127, E
0.453340, 5.529125, 0.821137, 4.986297, 4.936434, F
0.724490, 6.638693, 0.900933, 2.632789, 2.423357, G
0.736620, 7.574003, 1.020890, 4.087576, 3.454801, H
0.688203, 6.035615, 0.984243, 4.042147, 2.187694, I
0.726488, 3.284629, 0.499868, 2.240037, 1.835422, J
0.883466, 7.714884, 1.133365, 2.978407, 2.482061, A
1.690001, 4.157931, 0.669555, 1.912332, 1.357756, B
0.793129, 10.088406, 1.668317, 2.021896, 1.012792, C
1.124094, 7.358950, 1.244372, 2.585320, 1.217020, D
1.412168, 8.938242, 1.648621, 2.509260, 1.224766, E
0.453340, 4.766660, 0.855489, 4.986297, 4.882004, F
0.724490, 6.559454, 0.876658, 2.632789, 2.284901, G
0.736620, 7.598804, 1.006212, 4.087576, 3.094283, H
0.688203, 6.653466, 0.865360, 4.042147, 2.511066, I
0.726488, 3.047256, 0.418067, 2.240037, 2.078682, J
0.883466, 7.570937, 1.070808, 2.978407, 2.650782, A
1.690001, 4.568805, 0.768910, 1.912332, 1.300386, B
0.793129, 11.106381, 1.786567, 2.021896, 1.282516, C
1.124094, 9.042751, 1.675422, 2.585320, 1.069009, D
1.412168, 10.161554, 1.767372, 2.509260, 1.601155, E
0.453340, 4.127505, 0.753455, 4.986297, 4.899611, F
0.724490, 6.572417, 1.106961, 2.632789, 2.222377, G
0.736620, 7.536742, 0.969439, 4.087576, 3.253901, H
0.688203, 7.417011, 0.941695, 4.042147, 2.421948, I
0.726488, 3.085899, 0.456351, 2.240037, 1.764460, J
0.883466, 7.731590, 1.167294, 2.978407, 2.468752, A
1.690001, 4.837978, 0.803783, 1.912332, 1.434249, B
0.793129, 11.104647, 1.787452, 2.021896, 1.721704, C
1.124094, 10.615495, 1.755219, 2.585320, 1.430953, D
1.412168, 10.625803, 1.469498, 2.509260, 1.832941, E
0.453340, 3.630578, 0.634144, 4.986297, 4.939808, F
0.724490, 6.601595, 1.157795, 2.632789, 2.207824, G
0.736620, 7.719534, 1.187545, 4.087576, 3.163048, H
0.688203, 8.405023, 1.113246, 4.042147, 2.280175, I
0.726488, 3.124821, 0.454029, 2.240037, 1.836831, J
0.883466, 7.947200, 1.239496, 2.978407, 2.386136, A
1.690001, 5.085847, 0.968559, 1.912332, 1.510743, B
0.793129, 11.551982, 1.704911, 2.021896, 1.605152, C
1.124094, 12.323124, 2.065814, 2.585320, 1.538996, D
1.412168, 10.503941, 1.611192, 2.509260, 2.069391, E
0.453340, 3.174354, 0.549484, 4.986297, 4.886571, F
0.724490, 6.403879, 0.909110, 2.632789, 2.413136, G
0.736620, 7.884413, 1.167752, 4.087576, 3.000691, H
0.688203, 9.443442, 1.281403, 4.042147, 2.470645, I
0.726488, 3.100922, 0.465893, 2.240037, 1.929117, J
0.883466, 7.874914, 1.154556, 2.978407, 2.501862, A
1.690001, 5.577856, 1.040230, 1.912332, 1.376879, B
0.793129, 11.312373, 1.586573, 2.021896, 1.720359, C
1.124094, 12.481017, 1.708647, 2.585320, 2.070078, D
1.412168, 10.333496, 1.573549, 2.509260, 2.079594, E
0.453340, 2.788845, 0.468689, 4.986297, 4.795865, F
0.724490, 6.392168, 1.005058, 2.632789, 2.178576, G
0.736620, 7.939020, 1.120906, 4.087576, 3.182947, H
0.688203, 10.554437, 1.532635, 4.042147, 2.407963, I
0.726488, 3.304012, 0.558022, 2.240037, 1.593111, J
0.883466, 7.732591, 1.002297, 2.978407, 2.616898, A
1.690001, 5.890929, 1.020396, 1.912332, 1.434249, B
0.793129, 10.773824, 1.490252, 2.021896, 1.839925, C
1.124094, 11.636618, 1.382044, 2.585320, 2.433985, D
1.412168, 10.044079, 1.603558, 2.509260, 2.167803, E
0.453340, 2.548867, 0.407548, 4.986297, 4.786845, F
0.724490, 6.654391, 1.053607, 2.632789, 1.974877, G
0.736620, 8.143622, 1.154303, 4.087576, 3.142438, H
0.688203, 12.092012, 1.742195, 4.042147, 2.305008, I
0.726488, 3.432450, 0.487984, 2.240037, 1.761775, J
0.883466, 7.757363, 1.105531, 2.978407, 2.500439, A
1.690001, 6.317585, 1.044904, 1.912332, 1.396003, B
0.793129, 10.485284, 1.605510, 2.021896, 1.835002, C
1.124094, 11.078921, 1.546685, 2.585320, 2.264456, D
1.412168, 9.981488, 1.522050, 2.509260, 2.207920, E
0.453340, 2.343419, 0.408458, 4.986297, 4.616407, F
0.724490, 7.109674, 1.075889, 2.632789, 1.891889, G
0.736620, 8.189757, 1.098651, 4.087576, 3.217224, H
0.688203, 13.424294, 1.837175, 4.042147, 2.302859, I
0.726488, 3.744131, 0.523379, 2.240037, 1.570094, J
0.883466, 7.671794, 1.055952, 2.978407, 2.571405, A
1.690001, 7.021179, 0.982852, 1.912332, 1.281263, B
0.793129, 10.458497, 1.590385, 2.021896, 1.701485, C
1.124094, 9.967347, 1.305917, 2.585320, 2.456535, D
1.412168, 9.873757, 1.432832, 2.509260, 2.151883, E
0.453340, 2.092228, 0.351665, 4.986297, 4.858198, F
0.724490, 7.392164, 1.192292, 2.632789, 2.023528, G
0.736620, 8.593597, 1.345324, 4.087576, 2.916622, H
0.688203, 15.957546, 2.512899, 4.042147, 2.004936, I
0.726488, 4.078146, 0.616453, 2.240037, 1.582572, J
0.883466, 7.605735, 1.087110, 2.978407, 2.534495, A
1.690001, 7.527885, 1.187381, 1.912332, 1.357756, B
0.793129, 10.723691, 1.746362, 2.021896, 1.564508, C
1.124094, 9.348281, 1.312200, 2.585320, 2.431406, D
1.412168, 9.957992, 1.512619, 2.509260, 2.105155, E
0.453340, 1.898411, 0.291409, 4.986297, 4.836708, F
0.724490, 7.690847, 1.166453, 2.632789, 1.891889, G
0.736620, 9.564949, 1.518393, 4.087576, 2.643323, H
0.688203, 15.540657, 2.260421, 4.042147, 3.392926, I
0.726488, 4.373931, 0.655609, 2.240037, 1.642636, J
0.883466, 7.807832, 1.226349, 2.978407, 2.360218, A
1.690001, 8.410346, 1.437524, 1.912332, 1.262139, B
0.793129, 10.807938, 1.948174, 2.021896, 1.597298, C
1.124094, 9.040889, 1.192525, 2.585320, 2.186762, D
1.412168, 9.589602, 1.705418, 2.509260, 2.200081, E
0.453340, 1.839023, 0.272155, 4.986297, 4.313026, F
0.724490, 8.510748, 1.413753, 2.632789, 1.774803, G
0.736620, 10.776205, 1.512127, 4.087576, 2.441474, H
0.688203, 14.020218, 2.025869, 4.042147, 3.859660, I
0.726488, 4.975261, 0.893909, 2.240037, 1.361870, J
0.883466, 8.775279, 1.351939, 2.978407, 1.785720, A
1.690001, 8.995375, 1.658055, 1.912332, 1.338633, B
0.793129, 11.025925, 1.572006, 2.021896, 1.678173, C
1.124094, 8.947136, 1.198113, 2.585320, 2.243253, D
1.412168, 9.109100, 1.693872, 2.509260, 2.225201, E
0.453340, 1.842561, 0.267270, 4.986297, 4.014035, F
0.724490, 9.474305, 1.759583, 2.632789, 1.711313, G
0.736620, 11.964929, 1.696231, 4.087576, 2.397377, H
0.688203, 12.028104, 1.820595, 4.042147, 3.920882, I
0.726488, 5.735210, 1.071317, 2.240037, 1.262950, J
0.883466, 10.091947, 1.549077, 2.978407, 1.820694, A
1.690001, 10.198542, 1.637304, 1.912332, 1.204769, B
0.793129, 11.252686, 1.723507, 2.021896, 1.628257, C
1.124094, 9.393768, 1.570304, 2.585320, 1.855700, D
1.412168, 8.897472, 1.463651, 2.509260, 2.195309, E
0.453340, 1.851930, 0.297976, 4.986297, 4.181417, F
0.724490, 10.508858, 1.980929, 2.632789, 1.695283, G
0.736620, 13.174192, 1.619708, 4.087576, 2.360510, H
0.688203, 10.263749, 1.671654, 4.042147, 4.035611, I
0.726488, 6.249062, 1.001742, 2.240037, 1.559415, J
0.883466, 11.547373, 1.831906, 2.978407, 1.819501, A
1.690001, 11.001537, 1.691900, 1.912332, 1.357756, B
0.793129, 11.666690, 1.694150, 2.021896, 1.597298, C
1.124094, 9.537030, 1.391429, 2.585320, 2.112029, D
1.412168, 8.209032, 1.246678, 2.509260, 2.456566, E
0.453340, 1.857374, 0.283717, 4.986297, 4.093193, F
0.724490, 11.382173, 2.047728, 2.632789, 1.827459, G
0.736620, 14.275789, 2.046393, 4.087576, 2.674187, H
0.688203, 8.780613, 1.316390, 4.042147, 3.998918, I
0.726488, 6.625082, 0.962058, 2.240037, 1.672791, J
0.883466, 12.315906, 1.888842, 2.978407, 2.176910, A
1.690001, 11.970262, 2.044687, 1.912332, 1.319509, B
0.793129, 12.176327, 2.186315, 2.021896, 1.563267, C
1.124094, 9.627090, 1.362812, 2.585320, 2.061530, D
1.412168, 7.869643, 1.120426, 2.509260, 2.194854, E
0.453340, 1.824823, 0.252110, 4.986297, 4.088763, F
0.724490, 11.381578, 2.253578, 2.632789, 2.264198, G
0.736620, 15.559045, 2.146677, 4.087576, 2.674187, H
0.688203, 7.611151, 1.153907, 4.042147, 3.992309, I
0.726488, 7.355082, 1.300195, 2.240037, 1.447413, J
0.883466, 13.063668, 1.792633, 2.978407, 2.117341, A
1.690001, 13.293406, 1.991072, 1.912332, 1.265276, B
0.793129, 11.951012, 2.524990, 2.021896, 1.746684, C
1.124094, 10.004293, 1.273781, 2.585320, 1.950204, D
1.412168, 7.616880, 1.081327, 2.509260, 2.285106, E
0.453340, 1.902630, 0.268018, 4.986297, 3.705169, F
0.724490, 11.800800, 2.079150, 2.632789, 2.169722, G
0.736620, 16.037581, 2.146157, 4.087576, 3.193258, H
0.688203, 6.787199, 1.037732, 4.042147, 3.842327, I
0.726488, 7.916422, 1.348484, 2.240037, 1.570711, J
0.883466, 14.244236, 1.969344, 2.978407, 2.053678, A
1.690001, 14.574772, 2.389715, 1.912332, 1.322646, B
0.793129, 12.011309, 3.087539, 2.021896, 1.741761, C
1.124094, 10.783817, 1.580208, 2.585320, 1.704410, D
1.412168, 7.813480, 1.010994, 2.509260, 2.058101, E
0.453340, 1.991804, 0.262125, 4.986297, 3.597469, F
0.724490, 12.279932, 2.151449, 2.632789, 2.007049, G
0.736620, 14.678346, 1.881057, 4.087576, 3.904899, H
0.688203, 6.108672, 0.956605, 4.042147, 3.920709, I
0.726488, 8.995184, 1.561821, 2.240037, 1.446417, J
0.883466, 15.849694, 2.575785, 2.978407, 2.000821, A
1.690001, 15.390156, 2.631102, 1.912332, 1.466552, B
0.793129, 12.377010, 2.903633, 2.021896, 1.597298, C
1.124094, 12.369475, 1.863832, 2.585320, 1.466079, D
1.412168, 8.068370, 1.039015, 2.509260, 1.858422, E
0.453340, 2.256774, 0.292868, 4.986297, 2.641414, F
0.724490, 12.746904, 2.062593, 2.632789, 2.090738, G
0.736620, 12.801173, 1.617801, 4.087576, 4.005069, H
0.688203, 5.273111, 0.773336, 4.042147, 3.961304, I
0.726488, 10.012465, 1.741673, 2.240037, 1.436309, J
0.883466, 15.275076, 2.036725, 2.978407, 2.666112, A
1.690001, 15.596065, 3.028928, 1.912332, 1.625483, B
0.793129, 12.718503, 2.463737, 2.021896, 1.665602, C
1.124094, 14.651131, 2.027609, 2.585320, 1.265758, D
1.412168, 8.548368, 1.368200, 2.509260, 1.803854, E
0.453340, 2.642987, 0.397790, 4.986297, 2.484493, F
0.724490, 13.217792, 2.193245, 2.632789, 1.996461, G
0.736620, 11.144561, 1.500009, 4.087576, 3.924073, H
0.688203, 4.833188, 0.696693, 4.042147, 3.800900, I
0.726488, 11.471682, 1.809568, 2.240037, 1.346515, J
0.883466, 14.866243, 2.177594, 2.978407, 2.562746, A
1.690001, 15.580029, 2.756379, 1.912332, 1.497416, B
0.793129, 13.514998, 2.470378, 2.021896, 1.657954, C
1.124094, 17.429521, 2.566299, 2.585320, 1.170005, D
1.412168, 8.592839, 1.266117, 2.509260, 2.107779, E
0.453340, 3.108615, 0.541954, 4.986297, 2.351627, F
0.724490, 13.760464, 2.249834, 2.632789, 1.983074, G
0.736620, 9.811463, 1.329183, 4.087576, 4.005824, H
0.688203, 4.276539, 0.580887, 4.042147, 3.855844, I
0.726488, 13.638395, 2.016103, 2.240037, 1.213487, J
0.883466, 14.912321, 2.122311, 2.978407, 2.414943, A
1.690001, 16.206347, 2.370352, 1.912332, 1.473305, B
0.793129, 13.829265, 2.325521, 2.021896, 1.604946, C
1.124094, 18.302063, 2.743140, 2.585320, 1.905389, D
1.412168, 9.112120, 1.386305, 2.509260, 1.826759, E
0.453340, 3.676349, 0.557927, 4.986297, 2.172549, F
0.724490, 15.325012, 2.898094, 2.632789, 1.736662, G
0.736620, 8.789791, 1.233325, 4.087576, 4.005824, H
0.688203, 4.044193, 0.632578, 4.042147, 3.717597, I
0.726488, 16.332440, 3.033635, 2.240037, 1.168686, J
0.883466, 14.616429, 2.083876, 2.978407, 2.474294, A
1.690001, 16.857173, 2.551948, 1.912332, 1.414932, B
0.793129, 14.232118, 2.187374, 2.021896, 1.664572, C
1.124094, 17.912185, 2.917488, 2.585320, 2.279594, D
1.412168, 9.802579, 1.641983, 2.509260, 1.731845, E
0.453340, 4.593164, 0.773878, 4.986297, 1.805319, F
0.724490, 15.915328, 2.699462, 2.632789, 2.079903, G
0.736620, 7.893653, 1.292606, 4.087576, 3.924073, H
0.688203, 3.796270, 0.630616, 4.042147, 3.628987, I
0.726488, 18.020901, 3.483747, 2.240037, 1.534329, J
0.883466, 14.376921, 1.844622, 2.978407, 2.495398, A
1.690001, 16.487125, 2.318287, 1.912332, 1.641276, B
0.793129, 15.454717, 2.949106, 2.021896, 1.443194, C
1.124094, 17.489568, 2.628135, 2.585320, 2.171668, D
1.412168, 10.494181, 2.037969, 2.509260, 1.766964, E
0.453340, 5.613591, 0.889653, 4.986297, 1.805319, F
0.724490, 16.908728, 2.673171, 2.632789, 1.972239, G
0.736620, 6.742942, 1.103433, 4.087576, 4.005824, H
0.688203, 3.464776, 0.491654, 4.042147, 3.766702, I
0.726488, 19.238988, 3.279558, 2.240037, 1.645197, J
0.883466, 14.212629, 2.031669, 2.978407, 2.647864, A
1.690001, 16.232737, 2.275074, 1.912332, 1.668873, B
0.793129, 15.907781, 2.736936, 2.021896, 1.691454, C
1.124094, 16.488616, 2.344310, 2.585320, 2.357309, D
1.412168, 11.111745, 1.992694, 2.509260, 1.912491, E
0.453340, 7.016497, 1.049915, 4.986297, 1.805319, F
0.724490, 17.591845, 2.702797, 2.632789, 2.114576, G
0.736620, 6.138495, 0.913078, 4.087576, 3.933326, H
0.688203, 3.382398, 0.433896, 4.042147, 3.561811, I
0.726488, 20.725521, 3.105331, 2.240037, 1.566273, J
0.883466, 14.021126, 1.839689, 2.978407, 2.689265, A
1.690001, 15.363873, 2.272512, 1.912332, 1.711214, B
0.793129, 16.285526, 2.286509, 2.021896, 1.665602, C
1.124094, 15.375144, 2.123914, 2.585320, 2.309561, D
1.412168, 12.306625, 2.019790, 2.509260, 1.740999, E
0.453340, 8.874739, 1.297945, 4.986297, 1.550721, F
0.724490, 18.584633, 2.749252, 2.632789, 1.834728, G
0.736620, 5.519542, 0.767227, 4.087576, 3.964949, H
0.688203, 3.624490, 0.540315, 4.042147, 2.901279, I
0.726488, 18.290722, 2.378882, 2.240037, 2.172836, J
0.883466, 14.748745, 2.294615, 2.978407, 2.285108, A
1.690001, 15.277687, 2.583757, 1.912332, 1.626341, B
0.793129, 16.869304, 2.433658, 2.021896, 1.651016, C
1.124094, 14.596863, 2.221518, 2.585320, 2.356637, D
1.412168, 13.110491, 2.001622, 2.509260, 1.876944, E
0.453340, 11.378816, 1.718024, 4.986297, 1.550721, F
0.724490, 18.420937, 2.635525, 2.632789, 2.197600, G
0.736620, 5.161652, 0.744177, 4.087576, 3.809614, H
0.688203, 3.835577, 0.559587, 4.042147, 2.994132, I
0.726488, 16.028352, 2.156094, 2.240037, 2.172836, J
0.883466, 16.439529, 2.620246, 2.978407, 1.934371, A
1.690001, 14.528302, 2.302381, 1.912332, 1.773759, B
0.793129, 18.493346, 2.597589, 2.021896, 1.463413, C
1.124094, 13.583062, 1.994162, 2.585320, 2.456054, D
1.412168, 14.258911, 2.616468, 2.509260, 1.706068, E
0.453340, 14.628395, 2.314878, 4.986297, 1.550721, F
0.724490, 17.236088, 2.496586, 2.632789, 2.501149, G
0.736620, 4.915543, 0.692715, 4.087576, 3.597067, H
0.688203, 4.372805, 0.647893, 4.042147, 2.261735, I
0.726488, 13.879164, 2.095599, 2.240037, 2.232800, J
0.883466, 18.036706, 3.315514, 2.978407, 2.079538, A
1.690001, 13.937746, 2.276135, 1.912332, 1.762154, B
0.793129, 18.318092, 3.448664, 2.021896, 1.738830, C
1.124094, 13.009018, 2.102847, 2.585320, 2.283485, D
1.412168, 14.934820, 2.317742, 2.509260, 2.007179, E
0.453340, 19.425726, 3.282740, 4.986297, 1.355469, F
0.724490, 16.603534, 2.620294, 2.632789, 2.264198, G
0.736620, 4.916084, 0.628239, 4.087576, 3.487548, H
0.688203, 5.057574, 0.783434, 4.042147, 2.062724, I
0.726488, 12.055088, 1.874044, 2.240037, 2.195237, J
0.883466, 17.820216, 2.877818, 2.978407, 2.449268, A
1.690001, 13.746523, 2.415614, 1.912332, 1.598345, B
0.793129, 16.989323, 2.742168, 2.021896, 1.941020, C
1.124094, 12.417301, 2.076596, 2.585320, 2.227948, D
1.412168, 15.576482, 2.579288, 2.509260, 1.982316, E
0.453340, 23.270771, 3.906488, 4.986297, 2.129459, F
0.724490, 16.085733, 2.735844, 2.632789, 2.380208, G
0.736620, 5.038350, 0.736441, 4.087576, 3.433186, H
0.688203, 5.727301, 0.921249, 4.042147, 2.196798, I
0.726488, 10.646139, 1.693427, 2.240037, 2.172836, J
0.883466, 17.807136, 2.851451, 2.978407, 2.452185, A
1.690001, 13.266714, 2.061514, 1.912332, 1.703731, B
0.793129, 16.214385, 2.514294, 2.021896, 1.888011, C
1.124094, 11.647565, 1.891526, 2.585320, 2.357049, D
1.412168, 16.946573, 2.473001, 2.509260, 1.715906, E
0.453340, 24.227993, 3.829739, 4.986297, 3.656443, F
0.724490, 15.373193, 2.581806, 2.632789, 2.423853, G
0.736620, 5.155290, 0.728562, 4.087576, 3.118189, H
0.688203, 6.819022, 1.011791, 4.042147, 1.946917, I
0.726488, 9.373659, 1.418654, 2.240037, 2.216228, J
0.883466, 18.663255, 3.004939, 2.978407, 2.215790, A
1.690001, 13.314002, 2.213474, 1.912332, 1.678142, B
0.793129, 15.061325, 2.267704, 2.021896, 1.920801, C
1.124094, 11.107992, 1.539042, 2.585320, 2.326788, D
1.412168, 18.977241, 3.124101, 2.509260, 1.716550, E
0.453340, 22.646490, 3.367256, 4.986297, 4.456113, F
0.724490, 14.797065, 2.201545, 2.632789, 2.380208, G
0.736620, 5.273202, 0.749332, 4.087576, 3.248090, H
0.688203, 7.907206, 1.118766, 4.042147, 2.027760, I
0.726488, 8.380579, 1.519759, 2.240037, 2.172836, J
0.883466, 19.623722, 3.015062, 2.978407, 2.210995, A
1.690001, 13.693354, 2.085830, 1.912332, 1.568113, B
0.793129, 13.903948, 2.411612, 2.021896, 1.900582, C
1.124094, 10.695856, 1.350258, 2.585320, 2.408343, D
1.412168, 21.496558, 3.929284, 2.509260, 1.591087, E
0.453340, 20.160643, 3.075009, 4.986297, 4.786845, F
0.724490, 14.260302, 2.032250, 2.632789, 2.369510, G
0.736620, 5.487257, 0.653655, 4.087576, 3.092850, H
0.688203, 9.223564, 1.335028, 4.042147, 2.068181, I
0.726488, 7.451575, 1.396170, 2.240037, 2.172836, J
0.883466, 19.858881, 2.541522, 2.978407, 2.351217, A
1.690001, 14.045177, 2.236477, 1.912332, 1.639896, B
0.793129, 12.746898, 2.176754, 2.021896, 1.941020, C
1.124094, 10.188451, 1.384730, 2.585320, 2.384587, D
1.412168, 24.740305, 3.599460, 2.509260, 1.480464, E
0.453340, 17.894316, 2.861490, 4.986297, 4.844968, F
0.724490, 13.716235, 1.861827, 2.632789, 2.460099, G
0.736620, 6.079710, 0.726584, 4.087576, 2.674104, H
0.688203, 10.787062, 1.625056, 4.042147, 1.906495, I
0.726488, 6.641091, 1.208817, 2.240037, 2.172836, J
0.883466, 21.446377, 2.894454, 2.978407, 2.041168, A
1.690001, 14.422878, 2.456775, 1.912332, 1.526536, B
0.793129, 11.732555, 1.791393, 2.021896, 1.943745, C
1.124094, 9.653684, 1.171107, 2.585320, 2.350469, D
1.412168, 24.751179, 3.660852, 2.509260, 1.958059, E
0.453340, 15.714755, 2.560669, 4.986297, 4.831216, F
0.724490, 13.870388, 1.959051, 2.632789, 2.180541, G
0.736620, 7.330663, 0.956181, 4.087576, 1.982434, H
0.688203, 12.871351, 1.908097, 4.042147, 1.855832, I
0.726488, 5.900969, 0.983808, 2.240037, 2.195237, J
0.883466, 23.017709, 3.104746, 2.978407, 2.045075, A
1.690001, 15.356027, 2.557991, 1.912332, 1.420270, B
0.793129, 11.012007, 1.826861, 2.021896, 1.860144, C
1.124094, 9.021447, 1.124843, 2.585320, 2.378494, D
1.412168, 23.905299, 3.147003, 2.509260, 2.201858, E
0.453340, 14.283944, 2.268193, 4.986297, 4.710064, F
0.724490, 14.020839, 1.995753, 2.632789, 2.129573, G
0.736620, 9.046646, 1.288308, 4.087576, 1.696304, H
0.688203, 14.964157, 2.329915, 4.042147, 1.878954, I
0.726488, 5.300874, 0.916883, 2.240037, 2.128036, J
0.883466, 21.090110, 2.548542, 2.978407, 2.718555, A
1.690001, 16.052790, 2.387565, 1.912332, 1.472496, B
0.793129, 10.267397, 1.593551, 2.021896, 1.880363, C
1.124094, 8.662522, 1.025196, 2.585320, 2.253699, D
1.412168, 22.034113, 3.058814, 2.509260, 2.341561, E
0.453340, 13.012440, 1.939942, 4.986297, 4.786845, F
0.724490, 14.871291, 2.458366, 2.632789, 1.934580, G
0.736620, 11.302121, 1.841222, 4.087576, 1.627882, H
0.688203, 17.532191, 2.435417, 4.042147, 1.937568, I
0.726488, 4.806726, 0.788734, 2.240037, 2.128036, J
0.883466, 19.192222, 2.818884, 2.978407, 2.851299, A
1.690001, 16.579745, 2.422251, 1.912332, 1.444316, B
0.793129, 9.740565, 1.417928, 2.021896, 1.839925, C
1.124094, 8.608098, 1.208136, 2.585320, 2.220686, D
1.412168, 21.378228, 3.335823, 2.509260, 2.107549, E
0.453340, 11.902158, 2.041055, 4.986297, 4.720727, F
0.724490, 15.787674, 2.697415, 2.632789, 1.987236, G
0.736620, 14.453621, 2.581228, 4.087576, 1.429567, H
0.688203, 20.809750, 3.251700, 4.042147, 1.937568, I
0.726488, 4.404548, 0.653519, 2.240037, 2.172836, J
0.883466, 16.843782, 2.362093, 2.978407, 2.927044, A
1.690001, 18.143169, 2.622446, 1.912332, 1.195180, B
0.793129, 9.116478, 1.391409, 2.021896, 1.900582, C
1.124094, 8.397654, 1.217308, 2.585320, 2.203614, D
1.412168, 19.141633, 2.647850, 2.509260, 2.444465, E
0.453340, 11.398457, 1.701056, 4.986297, 4.510702, F
0.724490, 16.837651, 2.890214, 2.632789, 1.724408, G
0.736620, 18.201713, 3.441164, 4.087576, 1.621007, H
0.688203, 23.858840, 4.062298, 4.042147, 2.151200, I
0.726488, 4.166290, 0.604229, 2.240037, 2.050625, J
0.883466, 15.059237, 2.095895, 2.978407, 2.859270, A
1.690001, 19.588395, 2.817554, 1.912332, 1.379519, B
0.793129, 8.956888, 1.450813, 2.021896, 1.774345, C
1.124094, 8.432295, 1.308491, 2.585320, 2.151908, D
1.412168, 17.025006, 2.338398, 2.509260, 2.484168, E
0.453340, 11.067152, 1.749322, 4.986297, 4.196850, F
0.724490, 18.608839, 3.181995, 2.632789, 1.658657, G
0.736620, 22.192321, 3.815683, 4.087576, 1.738826, H
0.688203, 25.295495, 3.668077, 4.042147, 2.705748, I
0.726488, 3.839411, 0.571983, 2.240037, 2.150436, J
0.883466, 13.442246, 2.032705, 2.978407, 2.878167, A
1.690001, 21.740572, 3.231453, 1.912332, 1.232367, B
0.793129, 8.932452, 1.684599, 2.021896, 1.665602, C
1.124094, 8.361777, 1.344583, 2.585320, 2.138029, D
1.412168, 15.552077, 2.340342, 2.509260, 2.344094, E
0.453340, 10.549736, 1.527575, 4.986297, 4.497771, F
0.724490, 20.022849, 3.183262, 2.632789, 1.945911, G
0.736620, 26.969591, 3.992285, 4.087576, 1.738826, H
0.688203, 24.303705, 3.290023, 4.042147, 3.263862, I
0.726488, 3.627544, 0.537573, 2.240037, 2.149302, J
0.883466, 11.874728, 1.758875, 2.978407, 2.889054, A
1.690001, 23.219670, 3.691692, 1.912332, 1.428415, B
0.793129, 8.337026, 1.297931, 2.021896, 1.867792, C
1.124094, 8.167802, 1.087647, 2.585320, 2.158001, D
1.412168, 14.278056, 2.094910, 2.509260, 2.358705, E
0.453340, 10.938136, 1.659737, 4.986297, 3.565257, F
0.724490, 21.723939, 3.848410, 2.632789, 1.842287, G
0.736620, 27.341463, 3.514930, 4.087576, 3.192329, H
0.688203, 22.877855, 3.154965, 4.042147, 3.558874, I
0.726488, 3.431099, 0.487965, 2.240037, 2.083094, J
0.883466, 10.613830, 1.688528, 2.978407, 2.918838, A
1.690001, 26.587247, 4.592930, 1.912332, 1.130915, B
0.793129, 8.127326, 1.481031, 2.021896, 1.799487, C
1.124094, 8.425294, 1.206186, 2.585320, 1.969251, D
1.412168, 13.268313, 1.983151, 2.509260, 2.358705, E
0.453340, 12.171325, 1.793783, 4.986297, 2.896199, F
0.724490, 23.858601, 4.903296, 2.632789, 1.713000, G
0.736620, 25.510347, 4.191448, 4.087576, 3.700468, H
0.688203, 20.613428, 2.399818, 4.042147, 3.759196, I
0.726488, 3.186095, 0.488885, 2.240037, 2.083235, J
0.883466, 9.447201, 1.445952, 2.978407, 2.868117, A
1.690001, 27.206950, 4.545814, 1.912332, 1.495065, B
0.793129, 7.952184, 1.352348, 2.021896, 1.759049, C
1.124094, 9.033735, 1.250886, 2.585320, 1.824220, D
1.412168, 12.217307, 1.799800, 2.509260, 2.358705, E
0.453340, 14.673668, 2.361710, 4.986297, 2.249605, F
0.724490, 24.558197, 4.620251, 2.632789, 2.000920, G
0.736620, 23.172949, 3.301634, 4.087576, 3.913187, H
0.688203, 19.271660, 2.471456, 4.042147, 3.759853, I
0.726488, 3.112617, 0.476999, 2.240037, 1.971233, J
0.883466, 8.540360, 1.324236, 2.978407, 2.837691, A
1.690001, 27.834594, 4.062517, 1.912332, 1.583906, B
0.793129, 7.844755, 1.252010, 2.021896, 1.738830, C
1.124094, 10.514126, 1.664493, 2.585320, 1.466788, D
1.412168, 11.437022, 1.790220, 2.509260, 2.278204, E
0.453340, 17.736760, 2.873589, 4.986297, 2.316861, F
0.724490, 24.892166, 4.098171, 2.632789, 2.100010, G
0.736620, 20.942789, 2.979087, 4.087576, 3.934714, H
0.688203, 18.406745, 2.751040, 4.042147, 3.479980, I
0.726488, 2.897084, 0.411325, 2.240037, 2.105495, J
0.883466, 7.743111, 0.990486, 2.978407, 2.948622, A
1.690001, 26.293108, 3.288181, 1.912332, 1.740223, B
0.793129, 7.683788, 1.072743, 2.021896, 1.819706, C
1.124094, 11.829460, 1.779896, 2.585320, 1.663113, D
1.412168, 10.614561, 1.548340, 2.509260, 2.383797, E
0.453340, 22.427147, 3.716164, 4.986297, 1.840933, F
0.724490, 24.626658, 4.158222, 2.632789, 2.225961, G
0.736620, 18.868837, 2.714383, 4.087576, 3.895101, H
0.688203, 18.510435, 2.950154, 4.042147, 3.026314, I
0.726488, 2.871091, 0.423669, 2.240037, 1.836690, J
0.883466, 6.985565, 0.957723, 2.978407, 2.859270, A
1.690001, 24.938228, 3.466956, 1.912332, 1.767820, B
0.793129, 7.736226, 1.227307, 2.021896, 1.659818, C
1.124094, 13.142684, 1.737976, 2.585320, 1.678021, D
1.412168, 9.962683, 1.385630, 2.509260, 2.317907, E
0.453340, 28.132783, 3.972310, 4.986297, 1.636998, F
0.724490, 23.172094, 3.474845, 2.632789, 2.422088, G
0.736620, 17.348101, 2.443595, 4.087576, 3.671173, H
0.688203, 19.030823, 2.904657, 4.042147, 3.134795, I
0.726488, 2.987017, 0.511323, 2.240037, 1.735847, J
0.883466, 6.338935, 0.831158, 2.978407, 2.833059, A
1.690001, 22.904093, 2.819802, 1.912332, 1.835839, B
0.793129, 7.914810, 1.236855, 2.021896, 1.617517, C
1.124094, 14.678912, 2.007314, 2.585320, 1.587134, D
1.412168, 9.409984, 1.346532, 2.509260, 2.308520, E
0.453340, 32.006864, 4.298715, 4.986297, 2.791414, F
0.724490, 21.880482, 3.061582, 2.632789, 2.417233, G
0.736620, 16.132105, 2.434543, 4.087576, 3.924073, H
0.688203, 18.769510, 2.581152, 4.042147, 3.202219, I
0.726488, 3.037653, 0.400082, 2.240037, 1.859231, J
0.883466, 5.746621, 0.793659, 2.978407, 2.821922, A
1.690001, 21.060900, 2.787001, 1.912332, 1.759346, B
0.793129, 7.767558, 1.178257, 2.021896, 1.766697, C
1.124094, 16.233912, 2.357219, 2.585320, 1.675030, D
1.412168, 8.893882, 1.326987, 2.509260, 2.308520, E
0.453340, 30.329314, 4.246058, 4.986297, 4.408723, F
0.724490, 21.075669, 3.024431, 2.632789, 2.367744, G
0.736620, 15.257262, 2.289729, 4.087576, 3.872569, H
0.688203, 21.286432, 2.941747, 4.042147, 2.344865, I
0.726488, 3.127552, 0.410021, 2.240037, 1.826847, J
0.883466, 5.422236, 0.800991, 2.978407, 2.713854, A
1.690001, 19.182114, 2.665692, 1.912332, 1.816716, B
0.793129, 7.787157, 1.122758, 2.021896, 1.665602, C
1.124094, 19.121487, 2.922408, 2.585320, 1.352929, D
1.412168, 8.445463, 1.060186, 2.509260, 2.333612, E
0.453340, 27.248730, 3.697963, 4.986297, 4.777763, F
0.724490, 20.235720, 2.815740, 2.632789, 2.339937, G
0.736620, 14.131401, 2.214815, 4.087576, 3.803962, H
0.688203, 24.945579, 3.773569, 4.042147, 2.139256, I
0.726488, 3.353159, 0.511303, 2.240037, 1.635227, J
0.883466, 5.105849, 0.845948, 2.978407, 2.727402, A
1.690001, 18.012161, 2.721387, 1.912332, 1.778469, B
0.793129, 8.035384, 1.197182, 2.021896, 1.617517, C
1.124094, 24.023874, 3.823649, 2.585320, 1.001431, D
1.412168, 8.270866, 1.116164, 2.509260, 2.183057, E
0.453340, 24.283473, 3.937652, 4.986297, 4.906322, F
0.724490, 19.421659, 2.732785, 2.632789, 2.305996, G
0.736620, 13.442656, 1.935280, 4.087576, 3.724136, H
0.688203, 28.427696, 4.999656, 4.042147, 2.340133, I
0.726488, 3.860958, 0.680924, 2.240037, 1.299222, J
0.883466, 4.590863, 0.728366, 2.978407, 2.889054, A
1.690001, 16.764437, 2.313350, 1.912332, 1.797592, B
0.793129, 8.232499, 1.249695, 2.021896, 1.673250, C
1.124094, 28.906522, 4.501370, 2.585320, 1.243793, D
1.412168, 8.089866, 1.247491, 2.509260, 2.168446, E
0.453340, 21.336626, 3.584321, 4.986297, 4.829268, F
0.724490, 19.000092, 2.519212, 2.632789, 2.261729, G
0.736620, 13.178284, 1.705103, 4.087576, 3.392688, H
0.688203, 30.331856, 4.756826, 4.042147, 2.797351, I
0.726488, 4.423746, 0.698560, 2.240037, 1.387803, J
0.883466, 4.267935, 0.705622, 2.978407, 2.717432, A
1.690001, 16.237474, 2.371270, 1.912332, 1.663729, B
0.793129, 8.734510, 1.456739, 2.021896, 1.483632, C
1.124094, 34.055283, 4.665070, 2.585320, 1.317357, D
1.412168, 7.853061, 1.135632, 2.509260, 2.208149, E
0.453340, 18.842686, 3.147384, 4.986297, 4.931349, F
0.724490, 19.147583, 2.699634, 2.632789, 2.201744, G
0.736620, 12.884493, 1.755295, 4.087576, 3.572358, H
0.688203, 30.490009, 4.353894, 4.042147, 3.102070, I
0.726488, 5.037065, 0.785640, 2.240037, 1.432604, J
0.883466, 4.011174, 0.642955, 2.978407, 2.807426, A
1.690001, 15.071466, 2.229301, 1.912332, 1.748833, B
0.793129, 8.720200, 1.294175, 2.021896, 1.685821, C
1.124094, 33.130593, 3.882439, 2.585320, 2.342514, D
1.412168, 7.934559, 1.355199, 2.509260, 2.106470, E
0.453340, 17.215656, 2.713895, 4.986297, 4.585801, F
0.724490, 19.474358, 2.536048, 2.632789, 2.123144, G
0.736620, 12.609933, 1.758302, 4.087576, 3.437943, H
0.688203, 28.882653, 3.801970, 4.042147, 3.584221, I
0.726488, 5.776687, 1.080251, 2.240037, 1.411224, J
0.883466, 3.822125, 0.568630, 2.978407, 2.710350, A
1.690001, 14.313746, 2.164572, 1.912332, 1.778469, B
0.793129, 8.667277, 1.143668, 2.021896, 1.759049, C
1.124094, 32.688799, 4.685759, 2.585320, 2.182315, D
1.412168, 8.220256, 1.318810, 2.509260, 1.996912, E
0.453340, 15.625206, 2.451906, 4.986297, 4.856593, F
0.724490, 19.640422, 2.351521, 2.632789, 2.102556, G
0.736620, 12.274429, 1.809299, 4.087576, 3.580640, H
0.688203, 26.231580, 4.083170, 4.042147, 3.919064, I
0.726488, 6.860081, 1.210702, 2.240037, 1.164819, J
0.883466, 3.630256, 0.546098, 2.978407, 2.799702, A
1.690001, 13.138110, 1.848889, 1.912332, 1.806066, B
0.793129, 8.933691, 1.174042, 2.021896, 1.577079, C
1.124094, 28.569994, 4.008435, 2.585320, 2.559466, D
1.412168, 8.699592, 1.390035, 2.509260, 1.932130, E
0.453340, 14.518147, 2.109478, 4.986297, 4.496023, F
0.724490, 20.882686, 2.763524, 2.632789, 1.890858, G
0.736620, 11.791039, 1.908958, 4.087576, 3.660960, H
0.688203, 24.788529, 3.894245, 4.042147, 3.676439, I
0.726488, 8.248886, 1.477386, 2.240037, 1.156729, J
0.883466, 3.409014, 0.588412, 2.978407, 2.747217, A
1.690001, 12.749904, 1.877632, 1.912332, 1.653217, B
0.793129, 9.688393, 1.487192, 2.021896, 1.455765, C
1.124094, 25.071231, 3.744702, 2.585320, 2.559466, D
1.412168, 8.911827, 1.449827, 2.509260, 2.017891, E
0.453340, 13.523617, 1.782096, 4.986297, 4.663604, F
0.724490, 21.526676, 3.101520, 2.632789, 1.924476, G
0.736620, 11.236306, 1.707406, 4.087576, 3.824653, H
0.688203, 22.700067, 3.488023, 4.042147, 3.905002, I
0.726488, 9.819755, 1.716749, 2.240037, 1.231880, J
0.883466, 3.184645, 0.507139, 2.978407, 2.814990, A
1.690001, 12.778652, 1.706329, 1.912332, 1.633956, B
0.793129, 10.547020, 1.806518, 2.021896, 1.395108, C
1.124094, 21.820296, 3.146582, 2.585320, 2.559466, D
1.412168, 9.314603, 1.722398, 2.509260, 1.952451, E
0.453340, 12.735361, 1.650376, 4.986297, 4.577059, F
0.724490, 22.854402, 3.430146, 2.632789, 1.818690, G
0.736620, 11.331970, 1.752835, 4.087576, 3.173461, H
0.688203, 20.846976, 2.853020, 4.042147, 3.659534, I
0.726488, 11.813775, 1.996216, 2.240037, 1.096458, J
0.883466, 3.035124, 0.507246, 2.978407, 2.649027, A
1.690001, 13.117562, 2.079336, 1.912332, 1.548989, B
0.793129, 11.524832, 1.909957, 2.021896, 1.415327, C
1.124094, 18.697822, 2.733293, 2.585320, 2.559466, D
1.412168, 10.088037, 1.994683, 2.509260, 1.792057, E
0.453340, 12.545564, 1.794438, 4.986297, 4.288215, F
0.724490, 22.076190, 2.878778, 2.632789, 2.372866, G
0.736620, 11.357512, 1.496056, 4.087576, 3.474440, H
0.688203, 19.250540, 2.756171, 4.042147, 3.787532, I
0.726488, 14.205081, 2.568134, 2.240037, 1.163659, J
0.883466, 2.898985, 0.533194, 2.978407, 2.687619, A
1.690001, 12.977759, 1.649701, 1.912332, 1.663729, B
0.793129, 12.471935, 1.907955, 2.021896, 1.496203, C
1.124094, 15.628106, 2.363904, 2.585320, 2.585320, D
1.412168, 10.726896, 1.852369, 2.509260, 1.901623, E
0.453340, 12.332298, 1.677333, 4.986297, 4.237240, F
0.724490, 20.042987, 2.384206, 2.632789, 2.517714, G
0.736620, 11.535379, 1.718176, 4.087576, 3.276864, H
0.688203, 17.236017, 2.389911, 4.042147, 3.911348, I
0.726488, 17.555176, 3.071436, 2.240037, 1.030277, J
0.883466, 2.729398, 0.417728, 2.978407, 2.710350, A
1.690001, 14.104573, 2.318948, 1.912332, 1.357961, B
0.793129, 13.016050, 1.975280, 2.021896, 1.577079, C
1.124094, 13.356267, 2.166929, 2.585320, 2.533613, D
1.412168, 11.100771, 1.741816, 2.509260, 1.917520, E
0.453340, 12.369246, 1.761540, 4.986297, 4.003293, F
0.724490, 18.760868, 2.502810, 2.632789, 2.422166, G
0.736620, 11.991797, 1.810640, 4.087576, 3.264069, H
0.688203, 15.347133, 2.050203, 4.042147, 3.961304, I
0.726488, 20.210326, 3.153057, 2.240037, 1.283715, J
0.883466, 2.598457, 0.393333, 2.978407, 2.688938, A
1.690001, 14.342043, 2.337162, 1.912332, 1.606359, B
0.793129, 14.758459, 2.373571, 2.021896, 1.273794, C
1.124094, 11.591061, 1.975108, 2.585320, 2.559466, D
1.412168, 11.752167, 1.775397, 2.509260, 1.840928, E
0.453340, 12.176939, 1.687115, 4.986297, 4.211017, F
0.724490, 17.230345, 2.522490, 2.632789, 2.492057, G
0.736620, 13.184306, 2.092942, 4.087576, 2.820427, H
0.688203, 14.019798, 2.040923, 4.042147, 3.878471, I
0.726488, 21.532301, 3.329521, 2.240037, 1.710360, J
0.883466, 2.519444, 0.346185, 2.978407, 2.620998, A
1.690001, 14.592678, 2.736540, 1.912332, 1.644606, B
0.793129, 15.019565, 2.107687, 2.021896, 1.698392, C
1.124094, 10.090845, 1.721533, 2.585320, 2.559466, D
1.412168, 12.735031, 1.899247, 2.509260, 1.804581, E
0.453340, 12.573506, 1.647744, 4.986297, 3.599786, F
0.724490, 15.488592, 2.227339, 2.632789, 2.594551, G
0.736620, 14.641914, 2.107437, 4.087576, 2.785328, H
0.688203, 13.008404, 1.779841, 4.042147, 3.826731, I
0.726488, 21.402953, 3.486553, 2.240037, 1.941623, J
0.883466, 2.490562, 0.377721, 2.978407, 2.567398, A
1.690001, 15.305896, 2.638355, 1.912332, 1.453373, B
0.793129, 16.240199, 2.366810, 2.021896, 1.496203, C
1.124094, 8.684990, 1.482220, 2.585320, 2.559466, D
1.412168, 14.986015, 2.517668, 2.509260, 1.339747, E
0.453340, 13.719790, 2.043211, 4.986297, 3.088980, F
0.724490, 14.994278, 2.266792, 2.632789, 2.395838, G
0.736620, 16.231284, 2.625828, 4.087576, 2.654254, H
0.688203, 11.827276, 1.605247, 4.042147, 3.818105, I
0.726488, 19.707447, 2.889250, 2.240037, 2.105034, J
0.883466, 2.587097, 0.384215, 2.978407, 2.261834, A
1.690001, 15.507590, 2.539202, 1.912332, 1.625483, B
0.793129, 16.999699, 2.823839, 2.021896, 1.678173, C
1.124094, 7.509284, 1.293168, 2.585320, 2.533613, D
1.412168, 17.752858, 3.066282, 2.509260, 1.364839, E
0.453340, 15.556878, 2.309418, 4.986297, 2.634181, F
0.724490, 13.609645, 1.947353, 2.632789, 2.527477, G
0.736620, 17.881821, 3.261605, 4.087576, 2.843445, H
0.688203, 11.376099, 1.680780, 4.042147, 3.658050, I
0.726488, 17.077522, 2.573526, 2.240037, 2.217637, J
0.883466, 2.660722, 0.446095, 2.978407, 2.387267, A
1.690001, 16.225952, 2.677137, 1.912332, 1.529866, B
0.793129, 18.207207, 2.970625, 2.021896, 1.483632, C
1.124094, 6.648858, 1.106109, 2.585320, 2.533613, D
1.412168, 19.856333, 3.561613, 2.509260, 1.615765, E
0.453340, 17.327750, 2.317807, 4.986297, 2.897162, F
0.724490, 12.225241, 1.789578, 2.632789, 2.527477, G
0.736620, 19.605504, 3.553069, 4.087576, 2.762500, H
0.688203, 10.827083, 1.578796, 4.042147, 3.535852, I
0.726488, 14.481406, 2.120938, 2.240037, 2.240037, J
0.883466, 2.815689, 0.439817, 2.978407, 2.252180, A
1.690001, 16.699911, 2.500017, 1.912332, 1.521060, B
0.793129, 19.092201, 3.516043, 2.021896, 1.617517, C
1.124094, 5.785416, 0.890092, 2.585320, 2.559466, D
1.412168, 20.580202, 3.035565, 2.509260, 1.967062, E
0.453340, 20.865382, 2.980182, 4.986297, 2.171560, F
0.724490, 11.216757, 1.644781, 2.632789, 2.448494, G
0.736620, 20.845644, 3.336321, 4.087576, 3.079226, H
0.688203, 10.595210, 1.551342, 4.042147, 3.535396, I
0.726488, 12.227640, 1.987883, 2.240037, 2.240037, J
0.883466, 2.889266, 0.457320, 2.978407, 2.440057, A
1.690001, 18.696706, 2.767360, 1.912332, 1.338633, B
0.793129, 18.098530, 3.047075, 2.021896, 1.841742, C
1.124094, 5.152228, 0.795423, 2.585320, 2.507760, D
1.412168, 21.967251, 3.311649, 2.509260, 1.847382, E
0.453340, 22.643733, 3.257035, 4.986297, 2.930441, F
0.724490, 10.381992, 1.652584, 2.632789, 2.448494, G
0.736620, 21.246114, 2.716380, 4.087576, 2.875125, H
0.688203, 11.235316, 1.795936, 4.042147, 2.859372, I
0.726488, 10.216843, 1.714698, 2.240037, 2.240037, J
0.883466, 3.029519, 0.490427, 2.978407, 2.270671, A
1.690001, 22.156900, 3.976420, 1.912332, 1.039386, B
0.793129, 17.104399, 2.938110, 2.021896, 1.819706, C
1.124094, 4.499748, 0.717415, 2.585320, 2.507760, D
1.412168, 23.227061, 4.040157, 2.509260, 1.957223, E
0.453340, 25.397471, 3.747710, 4.986297, 2.872624, F
0.724490, 10.010367, 1.528163, 2.632789, 2.381316, G
0.736620, 23.036352, 3.167073, 4.087576, 2.829175, H
0.688203, 12.215019, 2.039274, 4.042147, 2.619793, I
0.726488, 8.755128, 1.514946, 2.240037, 2.217637, J
0.883466, 3.122194, 0.518115, 2.978407, 2.355247, A
1.690001, 25.478866, 4.835910, 1.912332, 1.204769, B
0.793129, 17.162939, 3.038342, 2.021896, 1.661589, C
1.124094, 4.044930, 0.635853, 2.585320, 2.481907, D
1.412168, 23.913708, 3.779644, 2.509260, 2.007408, E
0.453340, 25.853814, 3.642589, 4.986297, 3.846414, F
0.724490, 9.973312, 1.522211, 2.632789, 2.351334, G
0.736620, 24.059141, 3.197482, 4.087576, 2.789158, H
0.688203, 13.454172, 2.275349, 4.042147, 2.662761, I
0.726488, 7.505846, 1.244662, 2.240037, 2.240037, J
0.883466, 3.287267, 0.440510, 2.978407, 2.315593, A
1.690001, 29.919840, 5.324880, 1.912332, 1.051783, B
0.793129, 17.082067, 2.496543, 2.021896, 1.819706, C
1.124094, 3.712061, 0.596173, 2.585320, 2.481907, D
1.412168, 22.674199, 3.223894, 2.509260, 2.358705, E
0.453340, 25.183037, 3.173644, 4.986297, 4.298914, F
0.724490, 9.454147, 1.246682, 2.632789, 2.501149, G
0.736620, 24.057816, 3.011425, 4.087576, 3.231323, H
0.688203, 15.234180, 2.845432, 4.042147, 2.358636, I
0.726488, 6.680811, 1.168823, 2.240037, 2.172836, J
0.883466, 3.480733, 0.461098, 2.978407, 2.291618, A
1.690001, 32.033659, 5.907845, 1.912332, 1.376879, B
0.793129, 16.736290, 2.459231, 2.021896, 1.724061, C
1.124094, 3.326029, 0.452948, 2.585320, 2.585320, D
1.412168, 22.083934, 3.325125, 2.509260, 2.233242, E
0.453340, 22.435785, 2.881783, 4.986297, 4.873433, F
0.724490, 9.444695, 1.404816, 2.632789, 2.211543, G
0.736620, 23.951728, 2.960526, 4.087576, 3.302772, H
0.688203, 17.746572, 2.988269, 4.042147, 2.283720, I
0.726488, 5.764454, 0.935917, 2.240037, 2.240037, J
0.883466, 3.576347, 0.537379, 2.978407, 2.330240, A
1.690001, 31.262291, 5.037093, 1.912332, 1.693775, B
0.793129, 17.024645, 2.827876, 2.021896, 1.639553, C
1.124094, 3.054546, 0.442811, 2.585320, 2.456054, D
1.412168, 21.795074, 3.188855, 2.509260, 2.183057, E
0.453340, 20.401031, 2.778187, 4.986297, 4.620927, F
0.724490, 9.421243, 1.467484, 2.632789, 2.237871, G
0.736620, 25.095871, 3.050791, 4.087576, 2.907653, H
0.688203, 20.721148, 3.706371, 4.042147, 2.301003, I
0.726488, 5.086717, 0.895744, 2.240037, 2.172836, J
0.883466, 3.873491, 0.679075, 2.978407, 1.971076, A
1.690001, 28.902695, 4.209014, 1.912332, 1.797592, B
0.793129, 16.683402, 2.713371, 2.021896, 1.779268, C
1.124094, 2.792829, 0.420241, 2.585320, 2.481907, D
1.412168, 21.569974, 3.354041, 2.509260, 2.207157, E
0.453340, 18.636381, 2.284500, 4.986297, 4.651258, F
0.724490, 9.808790, 1.541497, 2.632789, 1.988098, G
0.736620, 27.665438, 3.429364, 4.087576, 2.431300, H
0.688203, 24.820160, 4.784902, 4.042147, 1.796023, I
0.726488, 4.437474, 0.760217, 2.240037, 2.217637, J
0.883466, 4.256345, 0.691350, 2.978407, 1.979160, A
1.690001, 24.509163, 3.603434, 1.912332, 1.912332, B
0.793129, 17.658247, 2.751772, 2.021896, 1.556860, C
1.124094, 2.585218, 0.413201, 2.585320, 2.436387, D
1.412168, 21.541471, 3.086582, 2.509260, 2.183057, E
0.453340, 17.693300, 2.583027, 4.986297, 4.449305, F
0.724490, 9.991039, 1.590634, 2.632789, 2.185215, G
0.736620, 30.148969, 3.775778, 4.087576, 2.490312, H
0.688203, 27.497690, 4.558164, 4.042147, 2.542736, I
0.726488, 3.836090, 0.623947, 2.240037, 2.217637, J
0.883466, 4.570597, 0.608907, 2.978407, 2.174237, A
1.690001, 21.413808, 3.130362, 1.912332, 1.893209, B
0.793129, 18.417149, 2.830717, 2.021896, 1.516422, C
1.124094, 2.417008, 0.363923, 2.585320, 2.456054, D
1.412168, 20.115056, 3.088827, 2.509260, 2.333612, E
0.453340, 16.692245, 2.089609, 4.986297, 4.425525, F
0.724490, 11.107040, 1.977482, 2.632789, 1.790296, G
0.736620, 28.707485, 3.800106, 4.087576, 3.672633, H
0.688203, 30.577604, 4.453721, 4.042147, 2.655270, I
0.726488, 3.314753, 0.554724, 2.240037, 2.195237, J
0.883466, 4.977531, 0.753293, 2.978407, 2.057406, A
1.690001, 19.285973, 2.772090, 1.912332, 1.874086, B
0.793129, 20.413839, 3.073380, 2.021896, 1.374889, C
1.124094, 2.264523, 0.342312, 2.585320, 2.404347, D
1.412168, 20.046201, 3.395287, 2.509260, 2.082686, E
0.453340, 17.105794, 2.427475, 4.986297, 3.541903, F
0.724490, 12.755952, 2.236658, 2.632789, 1.649564, G
0.736620, 26.873249, 3.550499, 4.087576, 3.664368, H
0.688203, 31.663725, 3.858135, 4.042147, 2.986119, I
0.726488, 2.912841, 0.499615, 2.240037, 2.217637, J
0.883466, 5.603238, 0.892736, 2.978407, 1.874160, A
1.690001, 17.364515, 2.793726, 1.912332, 1.835839, B
0.793129, 22.128647, 3.388722, 2.021896, 1.354670, C
1.124094, 2.209653, 0.349460, 2.585320, 2.223375, D
1.412168, 19.762778, 3.116436, 2.509260, 2.107779, E
0.453340, 17.909219, 2.507276, 4.986297, 3.386975, F
0.724490, 14.366626, 2.398153, 2.632789, 1.596909, G
0.736620, 25.194493, 3.538534, 4.087576, 3.718610, H
0.688203, 29.555193, 3.555280, 4.042147, 3.681924, I
0.726488, 2.608349, 0.468794, 2.240037, 2.172836, J
0.883466, 6.803460, 1.150519, 2.978407, 1.367831, A
1.690001, 15.383244, 2.331693, 1.912332, 1.893209, B
0.793129, 23.909821, 3.438010, 2.021896, 1.435546, C
1.124094, 2.049119, 0.291570, 2.585320, 2.404347, D
1.412168, 20.887523, 4.010193, 2.509260, 1.957223, E
0.453340, 18.833290, 2.501844, 4.986297, 3.389371, F
0.724490, 17.307177, 2.364291, 2.632789, 1.307302, G
0.736620, 23.134890, 3.311328, 4.087576, 3.739704, H
0.688203, 27.467072, 3.354200, 4.042147, 3.712896, I
0.726488, 2.283353, 0.386569, 2.240037, 2.193828, J
0.883466, 7.889870, 1.248663, 2.978407, 1.585638, A
1.690001, 13.498706, 1.979458, 1.912332, 1.912332, B
0.793129, 27.038464, 4.667738, 2.021896, 1.262631, C
1.124094, 2.043932, 0.302382, 2.585320, 2.275081, D
1.412168, 22.156535, 3.975145, 2.509260, 1.856853, E
0.453340, 20.177985, 2.620101, 4.986297, 3.314591, F
0.724490, 20.925448, 3.175550, 2.632789, 1.168169, G
0.736620, 22.051303, 3.337563, 4.087576, 3.556302, H
0.688203, 23.649671, 2.866830, 4.042147, 4.001725, I
0.726488, 2.007542, 0.338626, 2.240037, 2.195237, J
0.883466, 9.275719, 1.628887, 2.978407, 1.578074, A
1.690001, 12.055091, 1.839813, 1.912332, 1.835839, B
0.793129, 30.183021, 5.859510, 2.021896, 1.273794, C
1.124094, 1.977610, 0.299085, 2.585320, 2.378494, D
1.412168, 22.670268, 3.756347, 2.509260, 2.183057, E
0.453340, 21.556341, 3.348475, 4.986297, 3.412293, F
0.724490, 27.049867, 4.479244, 2.632789, 0.938711, G
0.736620, 20.071376, 2.769957, 4.087576, 3.842321, H
0.688203, 20.239569, 2.817852, 4.042147, 3.973307, I
0.726488, 1.780841, 0.299936, 2.240037, 2.195237, J
0.883466, 10.942469, 2.065854, 2.978407, 1.539452, A
1.690001, 10.834928, 1.706275, 1.912332, 1.816716, B
0.793129, 30.296631, 4.799898, 2.021896, 1.699342, C
1.124094, 1.970724, 0.313641, 2.585320, 2.171668, D
1.412168, 23.705330, 3.891773, 2.509260, 1.966832, E
0.453340, 24.219348, 4.268357, 4.986297, 2.687948, F
0.724490, 36.164817, 6.275103, 2.632789, 0.565243, G
0.736620, 18.278458, 2.608947, 4.087576, 3.716920, H
0.688203, 17.110961, 2.400592, 4.042147, 4.042147, I
0.726488, 1.559154, 0.265806, 2.240037, 2.217637, J
0.883466, 13.300551, 2.842459, 2.978407, 1.457183, A
1.690001, 9.944722, 1.835629, 1.912332, 1.777024, B
0.793129, 28.894642, 4.652107, 2.021896, 1.779268, C
1.124094, 2.141396, 0.349249, 2.585320, 1.974503, D
1.412168, 24.517521, 3.802437, 2.509260, 2.057593, E
0.453340, 28.735113, 4.650065, 4.986297, 2.269683, F
0.724490, 44.124841, 7.655727, 2.632789, 1.201990, G
0.736620, 16.193233, 2.166748, 4.087576, 3.934511, H
0.688203, 15.052121, 2.367399, 4.042147, 3.976459, I
0.726488, 1.390834, 0.230811, 2.240037, 2.195237, J
0.883466, 15.883100, 3.430963, 2.978407, 1.486967, A
1.690001, 9.049769, 1.612740, 1.912332, 1.816716, B
0.793129, 27.605870, 4.337631, 2.021896, 1.900582, C
1.124094, 2.408608, 0.448069, 2.585320, 1.654605, D
1.412168, 26.200093, 4.303546, 2.509260, 1.856853, E
0.453340, 34.107847, 5.451130, 4.986297, 2.269683, F
0.724490, 46.705922, 7.806833, 2.632789, 2.040696, G
0.736620, 14.741526, 1.867900, 4.087576, 3.784477, H
0.688203, 13.262832, 1.957100, 4.042147, 3.961304, I
0.726488, 1.192340, 0.205671, 2.240037, 2.195237, J
0.883466, 18.036474, 3.937855, 2.978407, 1.756778, A
1.690001, 8.501906, 1.486202, 1.912332, 1.778469, B
0.793129, 26.282298, 3.818109, 2.021896, 1.860144, C
1.124094, 2.712986, 0.451058, 2.585320, 1.706311, D
1.412168, 28.209474, 5.188117, 2.509260, 1.781575, E
0.453340, 38.075940, 5.123484, 4.986297, 2.761254, F
0.724490, 42.377160, 6.295724, 2.632789, 2.544713, G
0.736620, 14.145841, 1.743672, 4.087576, 3.585215, H
0.688203, 11.485086, 1.691746, 4.042147, 4.001725, I
0.726488, 1.052964, 0.170549, 2.240037, 2.217637, J
0.883466, 21.200390, 4.799435, 2.978407, 1.516751, A
1.690001, 7.700215, 1.238571, 1.912332, 1.816716, B
0.793129, 25.291939, 3.854638, 2.021896, 1.821650, C
1.124094, 2.929662, 0.439755, 2.585320, 1.861430, D
1.412168, 29.082697, 4.739832, 2.509260, 2.082686, E
0.453340, 40.073762, 5.006535, 4.986297, 3.422606, F
0.724490, 38.019847, 5.654385, 2.632789, 2.553805, G
0.736620, 13.828675, 2.031839, 4.087576, 3.604556, H
0.688203, 10.250397, 1.378125, 4.042147, 3.899326, I
0.726488, 0.962197, 0.154703, 2.240037, 2.128036, J
0.883466, 25.485994, 5.664147, 2.978407, 1.515894, A
1.690001, 7.226562, 1.206070, 1.912332, 1.721099, B
0.793129, 25.160909, 3.872657, 2.021896, 1.738830, C
1.124094, 3.447410, 0.567263, 2.585320, 1.447779, D
1.412168, 31.065387, 5.183435, 2.509260, 1.856853, E
0.453340, 37.757681, 4.963533, 4.986297, 4.493652, F
0.724490, 33.515220, 5.322362, 2.632789, 2.580133, G
0.736620, 13.847935, 2.295607, 4.087576, 3.292045, H
0.688203, 9.370775, 1.269677, 4.042147, 3.796100, I
0.726488, 0.833492, 0.129974, 2.240037, 2.240037, J
