amtProduced_need, avg_price, sd, consumption_rate, avg_def, char
0.387918, 3.071836, 0.794411, 2.978407, 9.500000, A
0.387918, 3.033678, 0.511894, 2.978407, 9.260000, A
0.387918, 3.167522, 0.426751, 2.978407, 9.160000, A
0.387918, 3.035120, 0.325839, 2.978407, 9.180000, A
0.387918, 2.979367, 0.272119, 2.978407, 8.940000, A
0.387918, 3.132272, 0.309801, 2.978407, 8.900000, A
0.387918, 2.682584, 0.232421, 2.978407, 8.690000, A
0.387918, 2.361738, 0.217569, 2.978407, 8.670000, A
0.387918, 2.269924, 0.230912, 2.978407, 8.570000, A
0.387918, 2.781375, 0.342603, 2.978407, 8.380000, A
0.387918, 2.320893, 0.221182, 2.978407, 8.130000, A
0.387918, 1.945778, 0.173224, 2.978407, 7.960000, A
0.387918, 1.711183, 0.161156, 2.978407, 7.950000, A
0.387918, 1.650329, 0.176976, 2.978407, 8.330000, A
0.387918, 1.713034, 0.181957, 2.978407, 8.130000, A
0.387918, 1.481714, 0.135338, 2.978407, 8.000000, A
0.387918, 1.325140, 0.121637, 2.978407, 7.850000, A
0.387918, 1.287057, 0.145201, 2.978407, 7.970000, A
0.387918, 1.146189, 0.111996, 2.978407, 8.090000, A
0.387918, 0.984214, 0.087836, 2.978407, 8.080000, A
0.387918, 0.866217, 0.088202, 2.978407, 8.030000, A
0.387918, 0.797022, 0.098153, 2.978407, 8.120000, A
0.387918, 0.850360, 0.112213, 2.978407, 7.920000, A
0.387918, 0.731702, 0.083414, 2.978407, 7.840000, A
0.387918, 0.636262, 0.070752, 2.978407, 7.780000, A
0.387918, 0.549431, 0.063016, 2.978407, 7.820000, A
0.387918, 0.518995, 0.059973, 2.978407, 7.850000, A
0.387918, 0.466073, 0.051508, 2.978407, 7.780000, A
0.387918, 0.483906, 0.064566, 2.978407, 7.780000, A
0.387918, 0.411459, 0.047259, 2.978407, 7.690000, A
0.387918, 0.342598, 0.034593, 2.978407, 7.790000, A
0.387918, 0.294656, 0.029095, 2.978407, 7.810000, A
0.387918, 0.270275, 0.032700, 2.978407, 7.690000, A
0.387918, 0.278179, 0.034157, 2.978407, 7.850000, A
0.387918, 0.239248, 0.024861, 2.978407, 7.880000, A
0.387918, 0.199647, 0.020899, 2.978407, 7.870000, A
0.387918, 0.168934, 0.019464, 2.978407, 7.720000, A
0.387918, 0.149784, 0.020112, 2.978407, 7.490000, A
0.387918, 0.138270, 0.020754, 2.978407, 7.620000, A
0.387918, 0.138885, 0.019652, 2.978407, 7.730000, A
0.387918, 0.120802, 0.015162, 2.978407, 7.740000, A
0.387918, 0.101060, 0.012240, 2.978407, 7.620000, A
0.387918, 0.085573, 0.010784, 2.978407, 7.630000, A
0.387918, 0.079919, 0.009019, 2.978407, 7.620000, A
0.387918, 0.087474, 0.010430, 2.978407, 7.710000, A
0.387918, 0.068848, 0.007711, 2.978407, 8.040000, A
0.387918, 0.055390, 0.006720, 2.978407, 7.950000, A
0.387918, 0.044889, 0.006303, 2.978407, 7.740000, A
0.387918, 0.037854, 0.005633, 2.978407, 7.560000, A
0.387918, 0.032692, 0.005094, 2.978407, 7.610000, A
0.387918, 0.031460, 0.004902, 2.978407, 7.600000, A
0.387918, 0.036306, 0.005524, 2.978407, 7.440000, A
0.387918, 0.042818, 0.005326, 2.978407, 7.370000, A
0.387918, 0.033606, 0.003800, 2.978407, 7.420000, A
0.387918, 0.026414, 0.002998, 2.978407, 7.540000, A
0.387918, 0.020959, 0.002648, 2.978407, 7.740000, A
0.387918, 0.017036, 0.002355, 2.978407, 7.810000, A
0.387918, 0.014019, 0.002192, 2.978407, 7.650000, A
0.387918, 0.011992, 0.001885, 2.978407, 7.500000, A
0.387918, 0.011321, 0.001670, 2.978407, 7.320000, A
0.387918, 0.012645, 0.001778, 2.978407, 7.210000, A
0.387918, 0.016497, 0.002405, 2.978407, 7.400000, A
0.387918, 0.013643, 0.001569, 2.978407, 7.250000, A
0.387918, 0.011222, 0.001202, 2.978407, 7.290000, A
0.387918, 0.009307, 0.001073, 2.978407, 7.120000, A
0.387918, 0.007870, 0.000952, 2.978407, 7.360000, A
0.387918, 0.007153, 0.000909, 2.978407, 7.280000, A
0.387918, 0.006976, 0.000834, 2.978407, 7.130000, A
0.387918, 0.007389, 0.000862, 2.978407, 7.070000, A
0.387918, 0.005821, 0.000666, 2.978407, 7.140000, A
0.387918, 0.004599, 0.000512, 2.978407, 7.170000, A
0.387918, 0.003742, 0.000493, 2.978407, 7.570000, A
0.387918, 0.003081, 0.000444, 2.978407, 7.610000, A
0.387918, 0.002620, 0.000424, 2.978407, 7.320000, A
0.387918, 0.002349, 0.000379, 2.978407, 7.220000, A
0.387918, 0.002438, 0.000388, 2.978407, 7.370000, A
0.387918, 0.002562, 0.000332, 2.978407, 7.350000, A
0.387918, 0.002276, 0.000241, 2.978407, 7.080000, A
0.387918, 0.001980, 0.000211, 2.978407, 7.120000, A
0.387918, 0.001686, 0.000185, 2.978407, 7.300000, A
0.387918, 0.001410, 0.000158, 2.978407, 7.330000, A
0.387918, 0.001240, 0.000153, 2.978407, 7.220000, A
0.387918, 0.001083, 0.000150, 2.978407, 7.350000, A
0.387918, 0.000968, 0.000129, 2.978407, 7.100000, A
0.387918, 0.000915, 0.000127, 2.978407, 7.020000, A
0.387918, 0.000864, 0.000120, 2.978407, 7.100000, A
0.387918, 0.000696, 0.000097, 2.978407, 7.330000, A
0.387918, 0.000566, 0.000081, 2.978407, 7.190000, A
0.387918, 0.000476, 0.000070, 2.978407, 7.220000, A
0.387918, 0.000404, 0.000062, 2.978407, 7.570000, A
0.387918, 0.000360, 0.000051, 2.978407, 7.460000, A
0.387918, 0.000386, 0.000051, 2.978407, 7.360000, A
0.387918, 0.000395, 0.000050, 2.978407, 7.210000, A
0.387918, 0.000316, 0.000038, 2.978407, 7.150000, A
0.387918, 0.000254, 0.000032, 2.978407, 7.320000, A
0.387918, 0.000207, 0.000028, 2.978407, 7.320000, A
0.387918, 0.000171, 0.000026, 2.978407, 7.380000, A
0.387918, 0.000144, 0.000022, 2.978407, 7.410000, A
0.387918, 0.000126, 0.000019, 2.978407, 7.500000, A
0.387918, 0.000128, 0.000020, 2.978407, 7.520000, A
