amtProduced_need, avg_price, sd, consumption_rate, avg_def, char
1.168551, 3.298315, 0.848815, 2.585320, 9.500000, D
1.168551, 3.497159, 0.556738, 2.585320, 9.260000, D
1.168551, 3.174515, 0.417169, 2.585320, 9.160000, D
1.168551, 2.793912, 0.301928, 2.585320, 9.180000, D
1.168551, 2.607151, 0.299373, 2.585320, 8.940000, D
1.168551, 2.882808, 0.379845, 2.585320, 8.900000, D
1.168551, 2.818202, 0.321969, 2.585320, 8.690000, D
1.168551, 2.690546, 0.256927, 2.585320, 8.670000, D
1.168551, 2.581052, 0.269083, 2.585320, 8.570000, D
1.168551, 2.473677, 0.264386, 2.585320, 8.380000, D
1.168551, 2.406946, 0.247072, 2.585320, 8.130000, D
1.168551, 2.297391, 0.222512, 2.585320, 7.960000, D
1.168551, 2.079028, 0.195749, 2.585320, 7.950000, D
1.168551, 1.758908, 0.178664, 2.585320, 8.330000, D
1.168551, 1.471316, 0.162140, 2.585320, 8.130000, D
1.168551, 1.239387, 0.156157, 2.585320, 8.000000, D
1.168551, 1.073940, 0.140460, 2.585320, 7.850000, D
1.168551, 0.952606, 0.132380, 2.585320, 7.970000, D
1.168551, 1.007259, 0.146710, 2.585320, 8.090000, D
1.168551, 1.158454, 0.160896, 2.585320, 8.080000, D
1.168551, 0.919972, 0.108412, 2.585320, 8.030000, D
1.168551, 0.739152, 0.084052, 2.585320, 8.120000, D
1.168551, 0.608070, 0.071546, 2.585320, 7.920000, D
1.168551, 0.509806, 0.066436, 2.585320, 7.840000, D
1.168551, 0.430021, 0.059399, 2.585320, 7.780000, D
1.168551, 0.393195, 0.057358, 2.585320, 7.820000, D
1.168551, 0.460055, 0.065598, 2.585320, 7.850000, D
1.168551, 0.542102, 0.076632, 2.585320, 7.780000, D
1.168551, 0.472289, 0.056423, 2.585320, 7.780000, D
1.168551, 0.402476, 0.046946, 2.585320, 7.690000, D
1.168551, 0.335857, 0.040103, 2.585320, 7.790000, D
1.168551, 0.282876, 0.037332, 2.585320, 7.810000, D
1.168551, 0.249737, 0.035176, 2.585320, 7.690000, D
1.168551, 0.238387, 0.031354, 2.585320, 7.850000, D
1.168551, 0.255344, 0.033508, 2.585320, 7.880000, D
1.168551, 0.209507, 0.022514, 2.585320, 7.870000, D
1.168551, 0.169056, 0.018694, 2.585320, 7.720000, D
1.168551, 0.139633, 0.017198, 2.585320, 7.490000, D
1.168551, 0.117343, 0.015854, 2.585320, 7.620000, D
1.168551, 0.103554, 0.014340, 2.585320, 7.730000, D
1.168551, 0.102030, 0.012840, 2.585320, 7.740000, D
1.168551, 0.122742, 0.016862, 2.585320, 7.620000, D
1.168551, 0.101292, 0.011088, 2.585320, 7.630000, D
1.168551, 0.083040, 0.008503, 2.585320, 7.620000, D
1.168551, 0.068227, 0.007596, 2.585320, 7.710000, D
1.168551, 0.058799, 0.007919, 2.585320, 8.040000, D
1.168551, 0.052405, 0.007533, 2.585320, 7.950000, D
1.168551, 0.051114, 0.007384, 2.585320, 7.740000, D
1.168551, 0.058192, 0.008535, 2.585320, 7.560000, D
1.168551, 0.051336, 0.005836, 2.585320, 7.610000, D
1.168551, 0.043262, 0.004668, 2.585320, 7.600000, D
1.168551, 0.036312, 0.004100, 2.585320, 7.440000, D
1.168551, 0.031662, 0.003714, 2.585320, 7.370000, D
1.168551, 0.029058, 0.003654, 2.585320, 7.420000, D
1.168551, 0.028940, 0.003431, 2.585320, 7.540000, D
1.168551, 0.026721, 0.003006, 2.585320, 7.740000, D
1.168551, 0.022900, 0.002452, 2.585320, 7.810000, D
1.168551, 0.019251, 0.002369, 2.585320, 7.650000, D
1.168551, 0.016215, 0.002228, 2.585320, 7.500000, D
1.168551, 0.014680, 0.001967, 2.585320, 7.320000, D
1.168551, 0.014235, 0.001853, 2.585320, 7.210000, D
1.168551, 0.014666, 0.001943, 2.585320, 7.400000, D
1.168551, 0.013893, 0.001594, 2.585320, 7.250000, D
1.168551, 0.012009, 0.001324, 2.585320, 7.290000, D
1.168551, 0.010286, 0.001063, 2.585320, 7.120000, D
1.168551, 0.009091, 0.001032, 2.585320, 7.360000, D
1.168551, 0.007662, 0.000906, 2.585320, 7.280000, D
1.168551, 0.006565, 0.000782, 2.585320, 7.130000, D
1.168551, 0.005847, 0.000721, 2.585320, 7.070000, D
1.168551, 0.005617, 0.000728, 2.585320, 7.140000, D
1.168551, 0.005692, 0.000668, 2.585320, 7.170000, D
1.168551, 0.004549, 0.000534, 2.585320, 7.570000, D
1.168551, 0.003609, 0.000450, 2.585320, 7.610000, D
1.168551, 0.002872, 0.000400, 2.585320, 7.320000, D
1.168551, 0.002331, 0.000368, 2.585320, 7.220000, D
1.168551, 0.001896, 0.000325, 2.585320, 7.370000, D
1.168551, 0.001592, 0.000302, 2.585320, 7.350000, D
1.168551, 0.001343, 0.000259, 2.585320, 7.080000, D
1.168551, 0.001160, 0.000224, 2.585320, 7.120000, D
1.168551, 0.001105, 0.000174, 2.585320, 7.300000, D
1.168551, 0.001272, 0.000210, 2.585320, 7.330000, D
1.168551, 0.001439, 0.000191, 2.585320, 7.220000, D
1.168551, 0.001149, 0.000139, 2.585320, 7.350000, D
1.168551, 0.000937, 0.000109, 2.585320, 7.100000, D
1.168551, 0.000765, 0.000097, 2.585320, 7.020000, D
1.168551, 0.000637, 0.000092, 2.585320, 7.100000, D
1.168551, 0.000540, 0.000084, 2.585320, 7.330000, D
1.168551, 0.000483, 0.000072, 2.585320, 7.190000, D
1.168551, 0.000475, 0.000063, 2.585320, 7.220000, D
1.168551, 0.000581, 0.000084, 2.585320, 7.570000, D
1.168551, 0.000450, 0.000060, 2.585320, 7.460000, D
1.168551, 0.000348, 0.000045, 2.585320, 7.360000, D
1.168551, 0.000272, 0.000037, 2.585320, 7.210000, D
1.168551, 0.000213, 0.000032, 2.585320, 7.150000, D
1.168551, 0.000170, 0.000030, 2.585320, 7.320000, D
1.168551, 0.000138, 0.000027, 2.585320, 7.320000, D
1.168551, 0.000115, 0.000024, 2.585320, 7.380000, D
1.168551, 0.000099, 0.000021, 2.585320, 7.410000, D
1.168551, 0.000091, 0.000017, 2.585320, 7.500000, D
1.168551, 0.000092, 0.000015, 2.585320, 7.520000, D
