amount produced/need, avg price, sd, consumption_rate, avg def comm, char
 year: 1
0.387918, 3.071836, 0.794411, 2.978407, 9.500000, A
1.044679, 2.917978, 0.797121, 1.912332, 9.500000, B
1.464701, 3.204481, 0.722275, 2.021896, 9.500000, C
1.168551, 3.298315, 0.848815, 2.585320, 9.500000, D
1.127113, 3.209380, 0.823185, 2.509260, 9.500000, E
0.671035, 3.176488, 0.827720, 4.986297, 9.500000, F
0.772478, 3.131989, 0.806428, 2.632789, 9.500000, G
0.516535, 3.561766, 1.189312, 4.087576, 9.500000, H
0.637623, 3.106717, 0.768416, 4.042147, 9.500000, I
2.501958, 2.925160, 0.754115, 2.240037, 9.500000, J
amount produced/need, avg price, sd, consumption_rate, avg def comm, char
 year: 2
0.387918, 3.033678, 0.511894, 2.978407, 9.260000, A
1.044679, 2.876819, 0.557429, 1.912332, 9.260000, B
1.464701, 3.112664, 0.517268, 2.021896, 9.260000, C
1.168551, 3.497159, 0.556738, 2.585320, 9.260000, D
1.127113, 3.054498, 0.594052, 2.509260, 9.260000, E
0.671035, 3.457357, 0.545132, 4.986297, 9.260000, F
0.772478, 3.188672, 0.582878, 2.632789, 9.260000, G
0.516535, 3.048936, 0.766862, 4.087576, 9.260000, H
0.637623, 3.325418, 0.538848, 4.042147, 9.260000, I
2.501958, 2.884432, 0.514797, 2.240037, 9.260000, J
amount produced/need, avg price, sd, consumption_rate, avg def comm, char
 year: 3
0.387918, 3.167522, 0.426751, 2.978407, 9.160000, A
1.044679, 2.949261, 0.478511, 1.912332, 9.160000, B
1.464701, 2.893997, 0.367814, 2.021896, 9.160000, C
1.168551, 3.174515, 0.417169, 2.585320, 9.160000, D
1.127113, 3.151603, 0.542497, 2.509260, 9.160000, E
0.671035, 3.110219, 0.374299, 4.986297, 9.160000, F
0.772478, 3.039080, 0.439017, 2.632789, 9.160000, G
0.516535, 2.726503, 0.515390, 4.087576, 9.160000, H
0.637623, 3.118124, 0.346501, 4.042147, 9.160000, I
2.501958, 3.182383, 0.483740, 2.240037, 9.160000, J
amount produced/need, avg price, sd, consumption_rate, avg def comm, char
 year: 4
0.387918, 3.035120, 0.325839, 2.978407, 9.180000, A
1.044679, 3.020931, 0.431488, 1.912332, 9.180000, B
1.464701, 2.955301, 0.361678, 2.021896, 9.180000, C
1.168551, 2.793912, 0.301928, 2.585320, 9.180000, D
1.127113, 2.956000, 0.375874, 2.509260, 9.180000, E
0.671035, 3.258403, 0.375106, 4.986297, 9.180000, F
0.772478, 3.146194, 0.376932, 2.632789, 9.180000, G
0.516535, 2.857068, 0.458563, 4.087576, 9.180000, H
0.637623, 3.323249, 0.321814, 4.042147, 9.180000, I
2.501958, 2.801343, 0.324528, 2.240037, 9.180000, J
amount produced/need, avg price, sd, consumption_rate, avg def comm, char
 year: 5
0.387918, 2.979367, 0.272119, 2.978407, 8.940000, A
1.044679, 2.864076, 0.301978, 1.912332, 8.940000, B
1.464701, 3.066840, 0.327858, 2.021896, 8.940000, C
1.168551, 2.607151, 0.299373, 2.585320, 8.940000, D
1.127113, 2.754121, 0.306968, 2.509260, 8.940000, E
0.671035, 2.976604, 0.273764, 4.986297, 8.940000, F
0.772478, 2.876582, 0.248381, 2.632789, 8.940000, G
0.516535, 3.350250, 0.474786, 4.087576, 8.940000, H
0.637623, 2.910731, 0.252530, 4.042147, 8.940000, I
2.501958, 2.585042, 0.257370, 2.240037, 8.940000, J
amount produced/need, avg price, sd, consumption_rate, avg def comm, char
 year: 6
0.387918, 3.132272, 0.309801, 2.978407, 8.900000, A
1.044679, 2.873269, 0.316132, 1.912332, 8.900000, B
1.464701, 2.742570, 0.254982, 2.021896, 8.900000, C
1.168551, 2.882808, 0.379845, 2.585320, 8.900000, D
1.127113, 2.587340, 0.271084, 2.509260, 8.900000, E
0.671035, 3.152315, 0.371670, 4.986297, 8.900000, F
0.772478, 2.734426, 0.298555, 2.632789, 8.900000, G
0.516535, 2.724651, 0.334354, 4.087576, 8.900000, H
0.637623, 2.614473, 0.237909, 4.042147, 8.900000, I
2.501958, 2.531465, 0.277836, 2.240037, 8.900000, J
amount produced/need, avg price, sd, consumption_rate, avg def comm, char
 year: 7
0.387918, 2.682584, 0.232421, 2.978407, 8.690000, A
1.044679, 2.588322, 0.236220, 1.912332, 8.690000, B
1.464701, 2.546331, 0.253951, 2.021896, 8.690000, C
1.168551, 2.818202, 0.321969, 2.585320, 8.690000, D
1.127113, 2.910509, 0.336219, 2.509260, 8.690000, E
0.671035, 2.730141, 0.241796, 4.986297, 8.690000, F
0.772478, 2.952191, 0.283737, 2.632789, 8.690000, G
0.516535, 2.245019, 0.268922, 4.087576, 8.690000, H
0.637623, 3.125555, 0.377575, 4.042147, 8.690000, I
2.501958, 2.835328, 0.294000, 2.240037, 8.690000, J
amount produced/need, avg price, sd, consumption_rate, avg def comm, char
 year: 8
0.387918, 2.361738, 0.217569, 2.978407, 8.670000, A
1.044679, 2.566851, 0.287968, 1.912332, 8.670000, B
1.464701, 2.484081, 0.253156, 2.021896, 8.670000, C
1.168551, 2.690546, 0.256927, 2.585320, 8.670000, D
1.127113, 2.733722, 0.295551, 2.509260, 8.670000, E
0.671035, 2.569735, 0.248493, 4.986297, 8.670000, F
0.772478, 2.678182, 0.253070, 2.632789, 8.670000, G
0.516535, 1.926125, 0.231608, 4.087576, 8.670000, H
0.637623, 2.592796, 0.231644, 4.042147, 8.670000, I
2.501958, 2.899903, 0.333629, 2.240037, 8.670000, J
amount produced/need, avg price, sd, consumption_rate, avg def comm, char
 year: 9
0.387918, 2.269924, 0.230912, 2.978407, 8.570000, A
1.044679, 2.481903, 0.292369, 1.912332, 8.570000, B
1.464701, 2.494133, 0.256668, 2.021896, 8.570000, C
1.168551, 2.581052, 0.269083, 2.585320, 8.570000, D
1.127113, 2.438635, 0.217702, 2.509260, 8.570000, E
0.671035, 3.181489, 0.373545, 4.986297, 8.570000, F
0.772478, 2.424909, 0.270204, 2.632789, 8.570000, G
0.516535, 1.933565, 0.214165, 4.087576, 8.570000, H
0.637623, 2.185977, 0.191158, 4.042147, 8.570000, I
2.501958, 2.382574, 0.233588, 2.240037, 8.570000, J
amount produced/need, avg price, sd, consumption_rate, avg def comm, char
 year: 10
0.387918, 2.781375, 0.342603, 2.978407, 8.380000, A
1.044679, 2.441680, 0.300486, 1.912332, 8.380000, B
1.464701, 2.443363, 0.260471, 2.021896, 8.380000, C
1.168551, 2.473677, 0.264386, 2.585320, 8.380000, D
1.127113, 2.248073, 0.184153, 2.509260, 8.380000, E
0.671035, 2.446588, 0.270348, 4.986297, 8.380000, F
0.772478, 2.235456, 0.248082, 2.632789, 8.380000, G
0.516535, 2.598366, 0.320663, 4.087576, 8.380000, H
0.637623, 2.098120, 0.216324, 4.042147, 8.380000, I
2.501958, 1.957595, 0.200998, 2.240037, 8.380000, J
amount produced/need, avg price, sd, consumption_rate, avg def comm, char
 year: 11
0.387918, 2.320893, 0.221182, 2.978407, 8.130000, A
1.044679, 2.243273, 0.254180, 1.912332, 8.130000, B
1.464701, 2.432705, 0.244071, 2.021896, 8.130000, C
1.168551, 2.406946, 0.247072, 2.585320, 8.130000, D
1.127113, 2.419331, 0.276915, 2.509260, 8.130000, E
0.671035, 1.923877, 0.231447, 4.986297, 8.130000, F
0.772478, 2.247324, 0.274971, 2.632789, 8.130000, G
0.516535, 2.395945, 0.236283, 4.087576, 8.130000, H
0.637623, 2.655914, 0.319912, 4.042147, 8.130000, I
2.501958, 1.656518, 0.195329, 2.240037, 8.130000, J
amount produced/need, avg price, sd, consumption_rate, avg def comm, char
 year: 12
0.387918, 1.945778, 0.173224, 2.978407, 7.960000, A
1.044679, 2.188187, 0.237980, 1.912332, 7.960000, B
1.464701, 2.143922, 0.209122, 2.021896, 7.960000, C
1.168551, 2.297391, 0.222512, 2.585320, 7.960000, D
1.127113, 2.255459, 0.254640, 2.509260, 7.960000, E
0.671035, 1.511935, 0.205478, 4.986297, 7.960000, F
0.772478, 2.455439, 0.291775, 2.632789, 7.960000, G
0.516535, 2.392965, 0.241677, 4.087576, 7.960000, H
0.637623, 2.165441, 0.218223, 4.042147, 7.960000, I
2.501958, 1.435418, 0.195275, 2.240037, 7.960000, J
amount produced/need, avg price, sd, consumption_rate, avg def comm, char
 year: 13
0.387918, 1.711183, 0.161156, 2.978407, 7.950000, A
1.044679, 2.102289, 0.222104, 1.912332, 7.950000, B
1.464701, 1.984463, 0.231015, 2.021896, 7.950000, C
1.168551, 2.079028, 0.195749, 2.585320, 7.950000, D
1.127113, 2.084229, 0.222700, 2.509260, 7.950000, E
0.671035, 1.245715, 0.192728, 4.986297, 7.950000, F
0.772478, 2.067309, 0.207020, 2.632789, 7.950000, G
0.516535, 2.015473, 0.174652, 4.087576, 7.950000, H
0.637623, 1.810109, 0.177780, 4.042147, 7.950000, I
2.501958, 1.299331, 0.182559, 2.240037, 7.950000, J
amount produced/need, avg price, sd, consumption_rate, avg def comm, char
 year: 14
0.387918, 1.650329, 0.176976, 2.978407, 8.330000, A
1.044679, 1.760088, 0.173624, 1.912332, 8.330000, B
1.464701, 1.789571, 0.195599, 2.021896, 8.330000, C
1.168551, 1.758908, 0.178664, 2.585320, 8.330000, D
1.127113, 1.809649, 0.173585, 2.509260, 8.330000, E
0.671035, 1.231942, 0.185022, 4.986297, 8.330000, F
0.772478, 1.726137, 0.167812, 2.632789, 8.330000, G
0.516535, 1.780576, 0.160681, 4.087576, 8.330000, H
0.637623, 1.685953, 0.191638, 4.042147, 8.330000, I
2.501958, 1.320901, 0.207144, 2.240037, 8.330000, J
amount produced/need, avg price, sd, consumption_rate, avg def comm, char
 year: 15
0.387918, 1.713034, 0.181957, 2.978407, 8.130000, A
1.044679, 1.467807, 0.153962, 1.912332, 8.130000, B
1.464701, 1.598414, 0.156990, 2.021896, 8.130000, C
1.168551, 1.471316, 0.162140, 2.585320, 8.130000, D
1.127113, 1.535689, 0.149666, 2.509260, 8.130000, E
0.671035, 1.661397, 0.257148, 4.986297, 8.130000, F
0.772478, 1.433576, 0.148376, 2.632789, 8.130000, G
0.516535, 1.615845, 0.132567, 4.087576, 8.130000, H
0.637623, 1.670102, 0.175402, 4.042147, 8.130000, I
2.501958, 1.743628, 0.276113, 2.240037, 8.130000, J
amount produced/need, avg price, sd, consumption_rate, avg def comm, char
 year: 16
0.387918, 1.481714, 0.135338, 2.978407, 8.000000, A
1.044679, 1.240018, 0.165815, 1.912332, 8.000000, B
1.464701, 1.412502, 0.152087, 2.021896, 8.000000, C
1.168551, 1.239387, 0.156157, 2.585320, 8.000000, D
1.127113, 1.326641, 0.142914, 2.509260, 8.000000, E
0.671035, 1.689497, 0.194869, 4.986297, 8.000000, F
0.772478, 1.232353, 0.143827, 2.632789, 8.000000, G
0.516535, 1.738448, 0.183599, 4.087576, 8.000000, H
0.637623, 1.585957, 0.163705, 4.042147, 8.000000, I
2.501958, 1.513932, 0.218243, 2.240037, 8.000000, J
amount produced/need, avg price, sd, consumption_rate, avg def comm, char
 year: 17
0.387918, 1.325140, 0.121637, 2.978407, 7.850000, A
1.044679, 1.053449, 0.157453, 1.912332, 7.850000, B
1.464701, 1.343856, 0.167397, 2.021896, 7.850000, C
1.168551, 1.073940, 0.140460, 2.585320, 7.850000, D
1.127113, 1.176372, 0.141990, 2.509260, 7.850000, E
0.671035, 1.446146, 0.136108, 4.986297, 7.850000, F
0.772478, 1.115137, 0.148523, 2.632789, 7.850000, G
0.516535, 1.421184, 0.125049, 4.087576, 7.850000, H
0.637623, 1.618646, 0.196629, 4.042147, 7.850000, I
2.501958, 1.295346, 0.160276, 2.240037, 7.850000, J
amount produced/need, avg price, sd, consumption_rate, avg def comm, char
 year: 18
0.387918, 1.287057, 0.145201, 2.978407, 7.970000, A
1.044679, 0.932686, 0.146445, 1.912332, 7.970000, B
1.464701, 1.301430, 0.165644, 2.021896, 7.970000, C
1.168551, 0.952606, 0.132380, 2.585320, 7.970000, D
1.127113, 1.109690, 0.130370, 2.509260, 7.970000, E
0.671035, 1.302784, 0.128332, 4.986297, 7.970000, F
0.772478, 1.113619, 0.149020, 2.632789, 7.970000, G
0.516535, 1.145676, 0.114086, 4.087576, 7.970000, H
0.637623, 1.252737, 0.139176, 4.042147, 7.970000, I
2.501958, 1.150391, 0.142682, 2.240037, 7.970000, J
amount produced/need, avg price, sd, consumption_rate, avg def comm, char
 year: 19
0.387918, 1.146189, 0.111996, 2.978407, 8.090000, A
1.044679, 0.858000, 0.123377, 1.912332, 8.090000, B
1.464701, 1.114374, 0.123458, 2.021896, 8.090000, C
1.168551, 1.007259, 0.146710, 2.585320, 8.090000, D
1.127113, 1.150469, 0.140192, 2.509260, 8.090000, E
0.671035, 1.131320, 0.091902, 4.986297, 8.090000, F
0.772478, 1.157843, 0.137683, 2.632789, 8.090000, G
0.516535, 0.957100, 0.108014, 4.087576, 8.090000, H
0.637623, 0.997897, 0.127832, 4.042147, 8.090000, I
2.501958, 1.065572, 0.129248, 2.240037, 8.090000, J
amount produced/need, avg price, sd, consumption_rate, avg def comm, char
 year: 20
0.387918, 0.984214, 0.087836, 2.978407, 8.080000, A
1.044679, 0.919760, 0.137519, 1.912332, 8.080000, B
1.464701, 0.962566, 0.096766, 2.021896, 8.080000, C
1.168551, 1.158454, 0.160896, 2.585320, 8.080000, D
1.127113, 1.000991, 0.095776, 2.509260, 8.080000, E
0.671035, 1.024998, 0.091864, 4.986297, 8.080000, F
0.772478, 1.021687, 0.099223, 2.632789, 8.080000, G
0.516535, 0.908475, 0.111394, 4.087576, 8.080000, H
0.637623, 0.801457, 0.116666, 4.042147, 8.080000, I
2.501958, 0.987233, 0.110761, 2.240037, 8.080000, J
amount produced/need, avg price, sd, consumption_rate, avg def comm, char
 year: 21
0.387918, 0.866217, 0.088202, 2.978407, 8.030000, A
1.044679, 0.930149, 0.127062, 1.912332, 8.030000, B
1.464701, 0.838683, 0.087213, 2.021896, 8.030000, C
1.168551, 0.919972, 0.108412, 2.585320, 8.030000, D
1.127113, 0.877814, 0.084043, 2.509260, 8.030000, E
0.671035, 0.958604, 0.099364, 4.986297, 8.030000, F
0.772478, 0.901980, 0.086000, 2.632789, 8.030000, G
0.516535, 1.067205, 0.152672, 4.087576, 8.030000, H
0.637623, 0.646192, 0.103192, 4.042147, 8.030000, I
2.501958, 0.994925, 0.108367, 2.240037, 8.030000, J
amount produced/need, avg price, sd, consumption_rate, avg def comm, char
 year: 22
0.387918, 0.797022, 0.098153, 2.978407, 8.120000, A
1.044679, 0.856463, 0.109219, 1.912332, 8.120000, B
1.464701, 0.746203, 0.090894, 2.021896, 8.120000, C
1.168551, 0.739152, 0.084052, 2.585320, 8.120000, D
1.127113, 0.819221, 0.086931, 2.509260, 8.120000, E
0.671035, 1.039066, 0.112205, 4.986297, 8.120000, F
0.772478, 0.821856, 0.075611, 2.632789, 8.120000, G
0.516535, 0.871742, 0.102394, 4.087576, 8.120000, H
0.637623, 0.554479, 0.088881, 4.042147, 8.120000, I
2.501958, 0.896594, 0.099122, 2.240037, 8.120000, J
amount produced/need, avg price, sd, consumption_rate, avg def comm, char
 year: 23
0.387918, 0.850360, 0.112213, 2.978407, 7.920000, A
1.044679, 0.783187, 0.080966, 1.912332, 7.920000, B
1.464701, 0.735821, 0.086496, 2.021896, 7.920000, C
1.168551, 0.608070, 0.071546, 2.585320, 7.920000, D
1.127113, 0.818500, 0.103079, 2.509260, 7.920000, E
0.671035, 0.810381, 0.082414, 4.986297, 7.920000, F
0.772478, 0.860118, 0.103071, 2.632789, 7.920000, G
0.516535, 0.738226, 0.079258, 4.087576, 7.920000, H
0.637623, 0.552031, 0.087271, 4.042147, 7.920000, I
2.501958, 0.801310, 0.088751, 2.240037, 7.920000, J
amount produced/need, avg price, sd, consumption_rate, avg def comm, char
 year: 24
0.387918, 0.731702, 0.083414, 2.978407, 7.840000, A
1.044679, 0.698392, 0.073387, 1.912332, 7.840000, B
1.464701, 0.737150, 0.102640, 2.021896, 7.840000, C
1.168551, 0.509806, 0.066436, 2.585320, 7.840000, D
1.127113, 0.781822, 0.087823, 2.509260, 7.840000, E
0.671035, 0.637501, 0.068326, 4.986297, 7.840000, F
0.772478, 0.733916, 0.073240, 2.632789, 7.840000, G
0.516535, 0.653656, 0.067507, 4.087576, 7.840000, H
0.637623, 0.684422, 0.107487, 4.042147, 7.840000, I
2.501958, 0.734983, 0.074278, 2.240037, 7.840000, J
amount produced/need, avg price, sd, consumption_rate, avg def comm, char
 year: 25
0.387918, 0.636262, 0.070752, 2.978407, 7.780000, A
1.044679, 0.634134, 0.066287, 1.912332, 7.780000, B
1.464701, 0.645369, 0.079784, 2.021896, 7.780000, C
1.168551, 0.430021, 0.059399, 2.585320, 7.780000, D
1.127113, 0.656002, 0.071268, 2.509260, 7.780000, E
0.671035, 0.511638, 0.060733, 4.986297, 7.780000, F
0.772478, 0.623890, 0.063372, 2.632789, 7.780000, G
0.516535, 0.705900, 0.088170, 4.087576, 7.780000, H
0.637623, 0.797781, 0.097094, 4.042147, 7.780000, I
2.501958, 0.676949, 0.068544, 2.240037, 7.780000, J
amount produced/need, avg price, sd, consumption_rate, avg def comm, char
 year: 26
0.387918, 0.549431, 0.063016, 2.978407, 7.820000, A
1.044679, 0.609273, 0.070219, 1.912332, 7.820000, B
1.464701, 0.585184, 0.068508, 2.021896, 7.820000, C
1.168551, 0.393195, 0.057358, 2.585320, 7.820000, D
1.127113, 0.550913, 0.061699, 2.509260, 7.820000, E
0.671035, 0.438667, 0.057641, 4.986297, 7.820000, F
0.772478, 0.538345, 0.056065, 2.632789, 7.820000, G
0.516535, 0.664627, 0.070170, 4.087576, 7.820000, H
0.637623, 0.632812, 0.070255, 4.042147, 7.820000, I
2.501958, 0.652333, 0.063738, 2.240037, 7.820000, J
amount produced/need, avg price, sd, consumption_rate, avg def comm, char
 year: 27
0.387918, 0.518995, 0.059973, 2.978407, 7.850000, A
1.044679, 0.550883, 0.058265, 1.912332, 7.850000, B
1.464701, 0.525524, 0.061330, 2.021896, 7.850000, C
1.168551, 0.460055, 0.065598, 2.585320, 7.850000, D
1.127113, 0.473712, 0.054272, 2.509260, 7.850000, E
0.671035, 0.454999, 0.061885, 4.986297, 7.850000, F
0.772478, 0.478386, 0.062237, 2.632789, 7.850000, G
0.516535, 0.557679, 0.054032, 4.087576, 7.850000, H
0.637623, 0.502353, 0.060582, 4.042147, 7.850000, I
2.501958, 0.555182, 0.055373, 2.240037, 7.850000, J
amount produced/need, avg price, sd, consumption_rate, avg def comm, char
 year: 28
0.387918, 0.466073, 0.051508, 2.978407, 7.780000, A
1.044679, 0.472160, 0.051448, 1.912332, 7.780000, B
1.464701, 0.457838, 0.055038, 2.021896, 7.780000, C
1.168551, 0.542102, 0.076632, 2.585320, 7.780000, D
1.127113, 0.432073, 0.052070, 2.509260, 7.780000, E
0.671035, 0.597235, 0.081565, 4.986297, 7.780000, F
0.772478, 0.436082, 0.052605, 2.632789, 7.780000, G
0.516535, 0.462620, 0.045955, 4.087576, 7.780000, H
0.637623, 0.408201, 0.056698, 4.042147, 7.780000, I
2.501958, 0.464290, 0.051354, 2.240037, 7.780000, J
amount produced/need, avg price, sd, consumption_rate, avg def comm, char
 year: 29
0.387918, 0.483906, 0.064566, 2.978407, 7.780000, A
1.044679, 0.408173, 0.049670, 1.912332, 7.780000, B
1.464701, 0.412413, 0.049614, 2.021896, 7.780000, C
1.168551, 0.472289, 0.056423, 2.585320, 7.780000, D
1.127113, 0.456734, 0.060501, 2.509260, 7.780000, E
0.671035, 0.474935, 0.062610, 4.986297, 7.780000, F
0.772478, 0.474800, 0.064402, 2.632789, 7.780000, G
0.516535, 0.394402, 0.044887, 4.087576, 7.780000, H
0.637623, 0.336987, 0.053434, 4.042147, 7.780000, I
2.501958, 0.392758, 0.049250, 2.240037, 7.780000, J
amount produced/need, avg price, sd, consumption_rate, avg def comm, char
 year: 30
0.387918, 0.411459, 0.047259, 2.978407, 7.690000, A
1.044679, 0.352456, 0.047272, 1.912332, 7.690000, B
1.464701, 0.381355, 0.043949, 2.021896, 7.690000, C
1.168551, 0.402476, 0.046946, 2.585320, 7.690000, D
1.127113, 0.419331, 0.053919, 2.509260, 7.690000, E
0.671035, 0.377258, 0.049337, 4.986297, 7.690000, F
0.772478, 0.430002, 0.042234, 2.632789, 7.690000, G
0.516535, 0.357052, 0.043108, 4.087576, 7.690000, H
0.637623, 0.295630, 0.044357, 4.042147, 7.690000, I
2.501958, 0.333820, 0.047861, 2.240037, 7.690000, J
amount produced/need, avg price, sd, consumption_rate, avg def comm, char
 year: 31
0.387918, 0.342598, 0.034593, 2.978407, 7.790000, A
1.044679, 0.323700, 0.048319, 1.912332, 7.790000, B
1.464701, 0.371081, 0.035330, 2.021896, 7.790000, C
1.168551, 0.335857, 0.040103, 2.585320, 7.790000, D
1.127113, 0.352470, 0.039845, 2.509260, 7.790000, E
0.671035, 0.309312, 0.042440, 4.986297, 7.790000, F
0.772478, 0.355476, 0.034952, 2.632789, 7.790000, G
0.516535, 0.394581, 0.048996, 4.087576, 7.790000, H
0.637623, 0.315589, 0.042507, 4.042147, 7.790000, I
2.501958, 0.298490, 0.042606, 2.240037, 7.790000, J
amount produced/need, avg price, sd, consumption_rate, avg def comm, char
 year: 32
0.387918, 0.294656, 0.029095, 2.978407, 7.810000, A
1.044679, 0.303263, 0.040743, 1.912332, 7.810000, B
1.464701, 0.331593, 0.029767, 2.021896, 7.810000, C
1.168551, 0.282876, 0.037332, 2.585320, 7.810000, D
1.127113, 0.298898, 0.035563, 2.509260, 7.810000, E
0.671035, 0.286383, 0.037674, 4.986297, 7.810000, F
0.772478, 0.298130, 0.030320, 2.632789, 7.810000, G
0.516535, 0.321313, 0.034047, 4.087576, 7.810000, H
0.637623, 0.380252, 0.054026, 4.042147, 7.810000, I
2.501958, 0.281019, 0.040866, 2.240037, 7.810000, J
amount produced/need, avg price, sd, consumption_rate, avg def comm, char
 year: 33
0.387918, 0.270275, 0.032700, 2.978407, 7.690000, A
1.044679, 0.281786, 0.040349, 1.912332, 7.690000, B
1.464701, 0.283967, 0.028120, 2.021896, 7.690000, C
1.168551, 0.249737, 0.035176, 2.585320, 7.690000, D
1.127113, 0.260866, 0.034322, 2.509260, 7.690000, E
0.671035, 0.324185, 0.041386, 4.986297, 7.690000, F
0.772478, 0.259634, 0.029369, 2.632789, 7.690000, G
0.516535, 0.265868, 0.028627, 4.087576, 7.690000, H
0.637623, 0.298668, 0.039310, 4.042147, 7.690000, I
2.501958, 0.292207, 0.046847, 2.240037, 7.690000, J
amount produced/need, avg price, sd, consumption_rate, avg def comm, char
 year: 34
0.387918, 0.278179, 0.034157, 2.978407, 7.850000, A
1.044679, 0.268676, 0.035305, 1.912332, 7.850000, B
1.464701, 0.251751, 0.026166, 2.021896, 7.850000, C
1.168551, 0.238387, 0.031354, 2.585320, 7.850000, D
1.127113, 0.234472, 0.033999, 2.509260, 7.850000, E
0.671035, 0.264862, 0.030351, 4.986297, 7.850000, F
0.772478, 0.228045, 0.028889, 2.632789, 7.850000, G
0.516535, 0.232668, 0.027501, 4.087576, 7.850000, H
0.637623, 0.232905, 0.027985, 4.042147, 7.850000, I
2.501958, 0.267926, 0.037854, 2.240037, 7.850000, J
amount produced/need, avg price, sd, consumption_rate, avg def comm, char
 year: 35
0.387918, 0.239248, 0.024861, 2.978407, 7.880000, A
1.044679, 0.227449, 0.027648, 1.912332, 7.880000, B
1.464701, 0.226451, 0.028620, 2.021896, 7.880000, C
1.168551, 0.255344, 0.033508, 2.585320, 7.880000, D
1.127113, 0.208927, 0.028529, 2.509260, 7.880000, E
0.671035, 0.220529, 0.025791, 4.986297, 7.880000, F
0.772478, 0.214658, 0.027034, 2.632789, 7.880000, G
0.516535, 0.224645, 0.025573, 4.087576, 7.880000, H
0.637623, 0.190909, 0.024429, 4.042147, 7.880000, I
2.501958, 0.228428, 0.028286, 2.240037, 7.880000, J
amount produced/need, avg price, sd, consumption_rate, avg def comm, char
 year: 36
0.387918, 0.199647, 0.020899, 2.978407, 7.870000, A
1.044679, 0.195963, 0.024015, 1.912332, 7.870000, B
1.464701, 0.201944, 0.027396, 2.021896, 7.870000, C
1.168551, 0.209507, 0.022514, 2.585320, 7.870000, D
1.127113, 0.196860, 0.022218, 2.509260, 7.870000, E
0.671035, 0.190364, 0.024034, 4.986297, 7.870000, F
0.772478, 0.217983, 0.029429, 2.632789, 7.870000, G
0.516535, 0.247664, 0.027639, 4.087576, 7.870000, H
0.637623, 0.160135, 0.021996, 4.042147, 7.870000, I
2.501958, 0.197365, 0.023303, 2.240037, 7.870000, J
amount produced/need, avg price, sd, consumption_rate, avg def comm, char
 year: 37
0.387918, 0.168934, 0.019464, 2.978407, 7.720000, A
1.044679, 0.169607, 0.021300, 1.912332, 7.720000, B
1.464701, 0.194175, 0.027042, 2.021896, 7.720000, C
1.168551, 0.169056, 0.018694, 2.585320, 7.720000, D
1.127113, 0.210420, 0.025544, 2.509260, 7.720000, E
0.671035, 0.207442, 0.029202, 4.986297, 7.720000, F
0.772478, 0.197341, 0.022807, 2.632789, 7.720000, G
0.516535, 0.193740, 0.021516, 4.087576, 7.720000, H
0.637623, 0.143971, 0.019500, 4.042147, 7.720000, I
2.501958, 0.175684, 0.020921, 2.240037, 7.720000, J
amount produced/need, avg price, sd, consumption_rate, avg def comm, char
 year: 38
0.387918, 0.149784, 0.020112, 2.978407, 7.490000, A
1.044679, 0.155139, 0.019625, 1.912332, 7.490000, B
1.464701, 0.185140, 0.025342, 2.021896, 7.490000, C
1.168551, 0.139633, 0.017198, 2.585320, 7.490000, D
1.127113, 0.173648, 0.018350, 2.509260, 7.490000, E
0.671035, 0.183974, 0.021473, 4.986297, 7.490000, F
0.772478, 0.172446, 0.018516, 2.632789, 7.490000, G
0.516535, 0.155481, 0.017616, 4.087576, 7.490000, H
0.637623, 0.145565, 0.021916, 4.042147, 7.490000, I
2.501958, 0.163225, 0.020845, 2.240037, 7.490000, J
amount produced/need, avg price, sd, consumption_rate, avg def comm, char
 year: 39
0.387918, 0.138270, 0.020754, 2.978407, 7.620000, A
1.044679, 0.157590, 0.019538, 1.912332, 7.620000, B
1.464701, 0.151207, 0.019247, 2.021896, 7.620000, C
1.168551, 0.117343, 0.015854, 2.585320, 7.620000, D
1.127113, 0.146816, 0.014800, 2.509260, 7.620000, E
0.671035, 0.154178, 0.014511, 4.986297, 7.620000, F
0.772478, 0.147941, 0.016301, 2.632789, 7.620000, G
0.516535, 0.126121, 0.015871, 4.087576, 7.620000, H
0.637623, 0.152212, 0.019404, 4.042147, 7.620000, I
2.501958, 0.149453, 0.017305, 2.240037, 7.620000, J
amount produced/need, avg price, sd, consumption_rate, avg def comm, char
 year: 40
0.387918, 0.138885, 0.019652, 2.978407, 7.730000, A
1.044679, 0.132696, 0.014969, 1.912332, 7.730000, B
1.464701, 0.122552, 0.015905, 2.021896, 7.730000, C
1.168551, 0.103554, 0.014340, 2.585320, 7.730000, D
1.127113, 0.124511, 0.013906, 2.509260, 7.730000, E
0.671035, 0.139511, 0.013283, 4.986297, 7.730000, F
0.772478, 0.132879, 0.014709, 2.632789, 7.730000, G
0.516535, 0.108558, 0.015123, 4.087576, 7.730000, H
0.637623, 0.137467, 0.014231, 4.042147, 7.730000, I
2.501958, 0.132233, 0.015698, 2.240037, 7.730000, J
amount produced/need, avg price, sd, consumption_rate, avg def comm, char
 year: 41
0.387918, 0.120802, 0.015162, 2.978407, 7.740000, A
1.044679, 0.110481, 0.012052, 1.912332, 7.740000, B
1.464701, 0.099915, 0.014577, 2.021896, 7.740000, C
1.168551, 0.102030, 0.012840, 2.585320, 7.740000, D
1.127113, 0.105482, 0.014038, 2.509260, 7.740000, E
0.671035, 0.118873, 0.011638, 4.986297, 7.740000, F
0.772478, 0.123603, 0.014503, 2.632789, 7.740000, G
0.516535, 0.108031, 0.014708, 4.087576, 7.740000, H
0.637623, 0.120382, 0.012146, 4.042147, 7.740000, I
2.501958, 0.112832, 0.013297, 2.240037, 7.740000, J
amount produced/need, avg price, sd, consumption_rate, avg def comm, char
 year: 42
0.387918, 0.101060, 0.012240, 2.978407, 7.620000, A
1.044679, 0.093976, 0.011617, 1.912332, 7.620000, B
1.464701, 0.082003, 0.013486, 2.021896, 7.620000, C
1.168551, 0.122742, 0.016862, 2.585320, 7.620000, D
1.127113, 0.090683, 0.012242, 2.509260, 7.620000, E
0.671035, 0.108282, 0.011728, 4.986297, 7.620000, F
0.772478, 0.100781, 0.010608, 2.632789, 7.620000, G
0.516535, 0.122142, 0.015917, 4.087576, 7.620000, H
0.637623, 0.105757, 0.011576, 4.042147, 7.620000, I
2.501958, 0.095377, 0.011434, 2.240037, 7.620000, J
amount produced/need, avg price, sd, consumption_rate, avg def comm, char
 year: 43
0.387918, 0.085573, 0.010784, 2.978407, 7.630000, A
1.044679, 0.081477, 0.011038, 1.912332, 7.630000, B
1.464701, 0.069315, 0.012159, 2.021896, 7.630000, C
1.168551, 0.101292, 0.011088, 2.585320, 7.630000, D
1.127113, 0.083836, 0.011338, 2.509260, 7.630000, E
0.671035, 0.112638, 0.012196, 4.986297, 7.630000, F
0.772478, 0.083788, 0.010287, 2.632789, 7.630000, G
0.516535, 0.100697, 0.011318, 4.087576, 7.630000, H
0.637623, 0.105103, 0.011855, 4.042147, 7.630000, I
2.501958, 0.083451, 0.010707, 2.240037, 7.630000, J
amount produced/need, avg price, sd, consumption_rate, avg def comm, char
 year: 44
0.387918, 0.079919, 0.009019, 2.978407, 7.620000, A
1.044679, 0.074255, 0.010283, 1.912332, 7.620000, B
1.464701, 0.060598, 0.010809, 2.021896, 7.620000, C
1.168551, 0.083040, 0.008503, 2.585320, 7.620000, D
1.127113, 0.086200, 0.011009, 2.509260, 7.620000, E
0.671035, 0.091353, 0.009249, 4.986297, 7.620000, F
0.772478, 0.072492, 0.010288, 2.632789, 7.620000, G
0.516535, 0.084022, 0.010035, 4.087576, 7.620000, H
0.637623, 0.093812, 0.009453, 4.042147, 7.620000, I
2.501958, 0.077227, 0.010361, 2.240037, 7.620000, J
amount produced/need, avg price, sd, consumption_rate, avg def comm, char
 year: 45
0.387918, 0.087474, 0.010430, 2.978407, 7.710000, A
1.044679, 0.071415, 0.010238, 1.912332, 7.710000, B
1.464701, 0.055638, 0.009363, 2.021896, 7.710000, C
1.168551, 0.068227, 0.007596, 2.585320, 7.710000, D
1.127113, 0.077882, 0.008344, 2.509260, 7.710000, E
0.671035, 0.074541, 0.008245, 4.986297, 7.710000, F
0.772478, 0.064331, 0.009317, 2.632789, 7.710000, G
0.516535, 0.072075, 0.008870, 4.087576, 7.710000, H
0.637623, 0.076189, 0.007506, 4.042147, 7.710000, I
2.501958, 0.076820, 0.009858, 2.240037, 7.710000, J
amount produced/need, avg price, sd, consumption_rate, avg def comm, char
 year: 46
0.387918, 0.068848, 0.007711, 2.978407, 8.040000, A
1.044679, 0.080625, 0.010448, 1.912332, 8.040000, B
1.464701, 0.055829, 0.010027, 2.021896, 8.040000, C
1.168551, 0.058799, 0.007919, 2.585320, 8.040000, D
1.127113, 0.071239, 0.007493, 2.509260, 8.040000, E
0.671035, 0.062424, 0.008096, 4.986297, 8.040000, F
0.772478, 0.062970, 0.009582, 2.632789, 8.040000, G
0.516535, 0.067106, 0.008471, 4.087576, 8.040000, H
0.637623, 0.062901, 0.006880, 4.042147, 8.040000, I
2.501958, 0.069874, 0.007390, 2.240037, 8.040000, J
amount produced/need, avg price, sd, consumption_rate, avg def comm, char
 year: 47
0.387918, 0.055390, 0.006720, 2.978407, 7.950000, A
1.044679, 0.063591, 0.007413, 1.912332, 7.950000, B
1.464701, 0.061148, 0.009737, 2.021896, 7.950000, C
1.168551, 0.052405, 0.007533, 2.585320, 7.950000, D
1.127113, 0.067680, 0.007066, 2.509260, 7.950000, E
0.671035, 0.056199, 0.007265, 4.986297, 7.950000, F
0.772478, 0.065598, 0.007862, 2.632789, 7.950000, G
0.516535, 0.072155, 0.008154, 4.087576, 7.950000, H
0.637623, 0.054389, 0.006196, 4.042147, 7.950000, I
2.501958, 0.061793, 0.006010, 2.240037, 7.950000, J
amount produced/need, avg price, sd, consumption_rate, avg def comm, char
 year: 48
0.387918, 0.044889, 0.006303, 2.978407, 7.740000, A
1.044679, 0.050801, 0.005723, 1.912332, 7.740000, B
1.464701, 0.066227, 0.008928, 2.021896, 7.740000, C
1.168551, 0.051114, 0.007384, 2.585320, 7.740000, D
1.127113, 0.058724, 0.005941, 2.509260, 7.740000, E
0.671035, 0.060037, 0.008939, 4.986297, 7.740000, F
0.772478, 0.059071, 0.006081, 2.632789, 7.740000, G
0.516535, 0.058029, 0.005256, 4.087576, 7.740000, H
0.637623, 0.055119, 0.006914, 4.042147, 7.740000, I
2.501958, 0.055333, 0.005957, 2.240037, 7.740000, J
amount produced/need, avg price, sd, consumption_rate, avg def comm, char
 year: 49
0.387918, 0.037854, 0.005633, 2.978407, 7.560000, A
1.044679, 0.040762, 0.005278, 1.912332, 7.560000, B
1.464701, 0.053917, 0.006642, 2.021896, 7.560000, C
1.168551, 0.058192, 0.008535, 2.585320, 7.560000, D
1.127113, 0.051377, 0.005586, 2.509260, 7.560000, E
0.671035, 0.056994, 0.006895, 4.986297, 7.560000, F
0.772478, 0.053415, 0.006671, 2.632789, 7.560000, G
0.516535, 0.046931, 0.004170, 4.087576, 7.560000, H
0.637623, 0.061003, 0.006577, 4.042147, 7.560000, I
2.501958, 0.051699, 0.006390, 2.240037, 7.560000, J
amount produced/need, avg price, sd, consumption_rate, avg def comm, char
 year: 50
0.387918, 0.032692, 0.005094, 2.978407, 7.610000, A
1.044679, 0.033058, 0.004784, 1.912332, 7.610000, B
1.464701, 0.043438, 0.005098, 2.021896, 7.610000, C
1.168551, 0.051336, 0.005836, 2.585320, 7.610000, D
1.127113, 0.045785, 0.005501, 2.509260, 7.610000, E
0.671035, 0.052038, 0.005207, 4.986297, 7.610000, F
0.772478, 0.048279, 0.005281, 2.632789, 7.610000, G
0.516535, 0.039621, 0.004187, 4.087576, 7.610000, H
0.637623, 0.050834, 0.004750, 4.042147, 7.610000, I
2.501958, 0.051783, 0.005582, 2.240037, 7.610000, J
amount produced/need, avg price, sd, consumption_rate, avg def comm, char
 year: 51
0.387918, 0.031460, 0.004902, 2.978407, 7.600000, A
1.044679, 0.026992, 0.004588, 1.912332, 7.600000, B
1.464701, 0.035347, 0.004581, 2.021896, 7.600000, C
1.168551, 0.043262, 0.004668, 2.585320, 7.600000, D
1.127113, 0.047202, 0.006025, 2.509260, 7.600000, E
0.671035, 0.044896, 0.003985, 4.986297, 7.600000, F
0.772478, 0.046525, 0.005384, 2.632789, 7.600000, G
0.516535, 0.038221, 0.004119, 4.087576, 7.600000, H
0.637623, 0.041488, 0.004220, 4.042147, 7.600000, I
2.501958, 0.045196, 0.004011, 2.240037, 7.600000, J
amount produced/need, avg price, sd, consumption_rate, avg def comm, char
 year: 52
0.387918, 0.036306, 0.005524, 2.978407, 7.440000, A
1.044679, 0.022271, 0.004292, 1.912332, 7.440000, B
1.464701, 0.029065, 0.004474, 2.021896, 7.440000, C
1.168551, 0.036312, 0.004100, 2.585320, 7.440000, D
1.127113, 0.040033, 0.004723, 2.509260, 7.440000, E
0.671035, 0.038810, 0.003937, 4.986297, 7.440000, F
0.772478, 0.039426, 0.003935, 2.632789, 7.440000, G
0.516535, 0.046217, 0.004819, 4.087576, 7.440000, H
0.637623, 0.035457, 0.004006, 4.042147, 7.440000, I
2.501958, 0.038549, 0.003735, 2.240037, 7.440000, J
amount produced/need, avg price, sd, consumption_rate, avg def comm, char
 year: 53
0.387918, 0.042818, 0.005326, 2.978407, 7.370000, A
1.044679, 0.018637, 0.003770, 1.912332, 7.370000, B
1.464701, 0.024366, 0.004156, 2.021896, 7.370000, C
1.168551, 0.031662, 0.003714, 2.585320, 7.370000, D
1.127113, 0.034384, 0.003927, 2.509260, 7.370000, E
0.671035, 0.038047, 0.003936, 4.986297, 7.370000, F
0.772478, 0.034202, 0.003533, 2.632789, 7.370000, G
0.516535, 0.036593, 0.003794, 4.087576, 7.370000, H
0.637623, 0.033243, 0.003924, 4.042147, 7.370000, I
2.501958, 0.032912, 0.003336, 2.240037, 7.370000, J
amount produced/need, avg price, sd, consumption_rate, avg def comm, char
 year: 54
0.387918, 0.033606, 0.003800, 2.978407, 7.420000, A
1.044679, 0.015979, 0.003239, 1.912332, 7.420000, B
1.464701, 0.020982, 0.003601, 2.021896, 7.420000, C
1.168551, 0.029058, 0.003654, 2.585320, 7.420000, D
1.127113, 0.029429, 0.003442, 2.509260, 7.420000, E
0.671035, 0.034344, 0.002787, 4.986297, 7.420000, F
0.772478, 0.030366, 0.003026, 2.632789, 7.420000, G
0.516535, 0.028969, 0.003199, 4.087576, 7.420000, H
0.637623, 0.036887, 0.004191, 4.042147, 7.420000, I
2.501958, 0.029490, 0.003533, 2.240037, 7.420000, J
amount produced/need, avg price, sd, consumption_rate, avg def comm, char
 year: 55
0.387918, 0.026414, 0.002998, 2.978407, 7.540000, A
1.044679, 0.014139, 0.002863, 1.912332, 7.540000, B
1.464701, 0.018410, 0.003304, 2.021896, 7.540000, C
1.168551, 0.028940, 0.003431, 2.585320, 7.540000, D
1.127113, 0.027585, 0.003578, 2.509260, 7.540000, E
0.671035, 0.030489, 0.002522, 4.986297, 7.540000, F
0.772478, 0.031868, 0.004285, 2.632789, 7.540000, G
0.516535, 0.023827, 0.003058, 4.087576, 7.540000, H
0.637623, 0.029815, 0.003064, 4.042147, 7.540000, I
2.501958, 0.028137, 0.003359, 2.240037, 7.540000, J
amount produced/need, avg price, sd, consumption_rate, avg def comm, char
 year: 56
0.387918, 0.020959, 0.002648, 2.978407, 7.740000, A
1.044679, 0.013891, 0.002264, 1.912332, 7.740000, B
1.464701, 0.016854, 0.002892, 2.021896, 7.740000, C
1.168551, 0.026721, 0.003006, 2.585320, 7.740000, D
1.127113, 0.026104, 0.003251, 2.509260, 7.740000, E
0.671035, 0.027416, 0.002498, 4.986297, 7.740000, F
0.772478, 0.026009, 0.003046, 2.632789, 7.740000, G
0.516535, 0.020030, 0.002906, 4.087576, 7.740000, H
0.637623, 0.024225, 0.002769, 4.042147, 7.740000, I
2.501958, 0.026243, 0.003199, 2.240037, 7.740000, J
amount produced/need, avg price, sd, consumption_rate, avg def comm, char
 year: 57
0.387918, 0.017036, 0.002355, 2.978407, 7.810000, A
1.044679, 0.016892, 0.002782, 1.912332, 7.810000, B
1.464701, 0.017331, 0.002604, 2.021896, 7.810000, C
1.168551, 0.022900, 0.002452, 2.585320, 7.810000, D
1.127113, 0.023875, 0.002761, 2.509260, 7.810000, E
0.671035, 0.023102, 0.002095, 4.986297, 7.810000, F
0.772478, 0.021546, 0.002430, 2.632789, 7.810000, G
0.516535, 0.019338, 0.002489, 4.087576, 7.810000, H
0.637623, 0.020246, 0.002499, 4.042147, 7.810000, I
2.501958, 0.023541, 0.002630, 2.240037, 7.810000, J
amount produced/need, avg price, sd, consumption_rate, avg def comm, char
 year: 58
0.387918, 0.014019, 0.002192, 2.978407, 7.650000, A
1.044679, 0.022252, 0.003764, 1.912332, 7.650000, B
1.464701, 0.020338, 0.002723, 2.021896, 7.650000, C
1.168551, 0.019251, 0.002369, 2.585320, 7.650000, D
1.127113, 0.019331, 0.002141, 2.509260, 7.650000, E
0.671035, 0.019538, 0.001956, 4.986297, 7.650000, F
0.772478, 0.017776, 0.002307, 2.632789, 7.650000, G
0.516535, 0.024090, 0.003431, 4.087576, 7.650000, H
0.637623, 0.017937, 0.002369, 4.042147, 7.650000, I
2.501958, 0.019591, 0.001921, 2.240037, 7.650000, J
amount produced/need, avg price, sd, consumption_rate, avg def comm, char
 year: 59
0.387918, 0.011992, 0.001885, 2.978407, 7.500000, A
1.044679, 0.019186, 0.002352, 1.912332, 7.500000, B
1.464701, 0.022803, 0.002306, 2.021896, 7.500000, C
1.168551, 0.016215, 0.002228, 2.585320, 7.500000, D
1.127113, 0.016090, 0.002032, 2.509260, 7.500000, E
0.671035, 0.017954, 0.001892, 4.986297, 7.500000, F
0.772478, 0.015058, 0.002079, 2.632789, 7.500000, G
0.516535, 0.019478, 0.002538, 4.087576, 7.500000, H
0.637623, 0.017841, 0.002597, 4.042147, 7.500000, I
2.501958, 0.016289, 0.001955, 2.240037, 7.500000, J
amount produced/need, avg price, sd, consumption_rate, avg def comm, char
 year: 60
0.387918, 0.011321, 0.001670, 2.978407, 7.320000, A
1.044679, 0.016902, 0.002014, 1.912332, 7.320000, B
1.464701, 0.017394, 0.001723, 2.021896, 7.320000, C
1.168551, 0.014680, 0.001967, 2.585320, 7.320000, D
1.127113, 0.013297, 0.001836, 2.509260, 7.320000, E
0.671035, 0.020478, 0.002686, 4.986297, 7.320000, F
0.772478, 0.013449, 0.001776, 2.632789, 7.320000, G
0.516535, 0.016022, 0.002067, 4.087576, 7.320000, H
0.637623, 0.022088, 0.003308, 4.042147, 7.320000, I
2.501958, 0.013755, 0.001761, 2.240037, 7.320000, J
amount produced/need, avg price, sd, consumption_rate, avg def comm, char
 year: 61
0.387918, 0.012645, 0.001778, 2.978407, 7.210000, A
1.044679, 0.014761, 0.001662, 1.912332, 7.210000, B
1.464701, 0.013276, 0.001392, 2.021896, 7.210000, C
1.168551, 0.014235, 0.001853, 2.585320, 7.210000, D
1.127113, 0.011257, 0.001715, 2.509260, 7.210000, E
0.671035, 0.018105, 0.001892, 4.986297, 7.210000, F
0.772478, 0.013055, 0.001702, 2.632789, 7.210000, G
0.516535, 0.013409, 0.001821, 4.087576, 7.210000, H
0.637623, 0.017404, 0.002288, 4.042147, 7.210000, I
2.501958, 0.011626, 0.001679, 2.240037, 7.210000, J
amount produced/need, avg price, sd, consumption_rate, avg def comm, char
 year: 62
0.387918, 0.016497, 0.002405, 2.978407, 7.400000, A
1.044679, 0.013556, 0.001622, 1.912332, 7.400000, B
1.464701, 0.010153, 0.001243, 2.021896, 7.400000, C
1.168551, 0.014666, 0.001943, 2.585320, 7.400000, D
1.127113, 0.009972, 0.001548, 2.509260, 7.400000, E
0.671035, 0.014339, 0.001638, 4.986297, 7.400000, F
0.772478, 0.015901, 0.002122, 2.632789, 7.400000, G
0.516535, 0.012098, 0.001636, 4.087576, 7.400000, H
0.637623, 0.013674, 0.001723, 4.042147, 7.400000, I
2.501958, 0.010354, 0.001641, 2.240037, 7.400000, J
amount produced/need, avg price, sd, consumption_rate, avg def comm, char
 year: 63
0.387918, 0.013643, 0.001569, 2.978407, 7.250000, A
1.044679, 0.012453, 0.001452, 1.912332, 7.250000, B
1.464701, 0.007832, 0.001082, 2.021896, 7.250000, C
1.168551, 0.013893, 0.001594, 2.585320, 7.250000, D
1.127113, 0.010270, 0.001468, 2.509260, 7.250000, E
0.671035, 0.011451, 0.001531, 4.986297, 7.250000, F
0.772478, 0.013579, 0.001470, 2.632789, 7.250000, G
0.516535, 0.014421, 0.002048, 4.087576, 7.250000, H
0.637623, 0.011043, 0.001421, 4.042147, 7.250000, I
2.501958, 0.010267, 0.001527, 2.240037, 7.250000, J
amount produced/need, avg price, sd, consumption_rate, avg def comm, char
 year: 64
0.387918, 0.011222, 0.001202, 2.978407, 7.290000, A
1.044679, 0.011356, 0.001403, 1.912332, 7.290000, B
1.464701, 0.006049, 0.000925, 2.021896, 7.290000, C
1.168551, 0.012009, 0.001324, 2.585320, 7.290000, D
1.127113, 0.013672, 0.002035, 2.509260, 7.290000, E
0.671035, 0.009356, 0.001458, 4.986297, 7.290000, F
0.772478, 0.011624, 0.001214, 2.632789, 7.290000, G
0.516535, 0.012288, 0.001362, 4.087576, 7.290000, H
0.637623, 0.009098, 0.001303, 4.042147, 7.290000, I
2.501958, 0.011581, 0.001580, 2.240037, 7.290000, J
amount produced/need, avg price, sd, consumption_rate, avg def comm, char
 year: 65
0.387918, 0.009307, 0.001073, 2.978407, 7.120000, A
1.044679, 0.010574, 0.001325, 1.912332, 7.120000, B
1.464701, 0.004767, 0.000863, 2.021896, 7.120000, C
1.168551, 0.010286, 0.001063, 2.585320, 7.120000, D
1.127113, 0.011161, 0.001396, 2.509260, 7.120000, E
0.671035, 0.008149, 0.001302, 4.986297, 7.120000, F
0.772478, 0.009864, 0.001119, 2.632789, 7.120000, G
0.516535, 0.010551, 0.001133, 4.087576, 7.120000, H
0.637623, 0.007835, 0.001149, 4.042147, 7.120000, I
2.501958, 0.011039, 0.001441, 2.240037, 7.120000, J
amount produced/need, avg price, sd, consumption_rate, avg def comm, char
 year: 66
0.387918, 0.007870, 0.000952, 2.978407, 7.360000, A
1.044679, 0.009245, 0.001076, 1.912332, 7.360000, B
1.464701, 0.003790, 0.000787, 2.021896, 7.360000, C
1.168551, 0.009091, 0.001032, 2.585320, 7.360000, D
1.127113, 0.009024, 0.001143, 2.509260, 7.360000, E
0.671035, 0.008594, 0.001254, 4.986297, 7.360000, F
0.772478, 0.008646, 0.001027, 2.632789, 7.360000, G
0.516535, 0.009424, 0.001081, 4.087576, 7.360000, H
0.637623, 0.007427, 0.001057, 4.042147, 7.360000, I
2.501958, 0.009421, 0.001118, 2.240037, 7.360000, J
amount produced/need, avg price, sd, consumption_rate, avg def comm, char
 year: 67
0.387918, 0.007153, 0.000909, 2.978407, 7.280000, A
1.044679, 0.007929, 0.000951, 1.912332, 7.280000, B
1.464701, 0.003075, 0.000683, 2.021896, 7.280000, C
1.168551, 0.007662, 0.000906, 2.585320, 7.280000, D
1.127113, 0.007271, 0.000991, 2.509260, 7.280000, E
0.671035, 0.009726, 0.001414, 4.986297, 7.280000, F
0.772478, 0.008008, 0.001006, 2.632789, 7.280000, G
0.516535, 0.008008, 0.000980, 4.087576, 7.280000, H
0.637623, 0.007649, 0.000918, 4.042147, 7.280000, I
2.501958, 0.007701, 0.000843, 2.240037, 7.280000, J
amount produced/need, avg price, sd, consumption_rate, avg def comm, char
 year: 68
0.387918, 0.006976, 0.000834, 2.978407, 7.130000, A
1.044679, 0.006828, 0.000830, 1.912332, 7.130000, B
1.464701, 0.002505, 0.000583, 2.021896, 7.130000, C
1.168551, 0.006565, 0.000782, 2.585320, 7.130000, D
1.127113, 0.005931, 0.000908, 2.509260, 7.130000, E
0.671035, 0.007514, 0.001138, 4.986297, 7.130000, F
0.772478, 0.007796, 0.000877, 2.632789, 7.130000, G
0.516535, 0.006810, 0.000833, 4.087576, 7.130000, H
0.637623, 0.008383, 0.001036, 4.042147, 7.130000, I
2.501958, 0.006382, 0.000715, 2.240037, 7.130000, J
amount produced/need, avg price, sd, consumption_rate, avg def comm, char
 year: 69
0.387918, 0.007389, 0.000862, 2.978407, 7.070000, A
1.044679, 0.005956, 0.000788, 1.912332, 7.070000, B
1.464701, 0.002089, 0.000469, 2.021896, 7.070000, C
1.168551, 0.005847, 0.000721, 2.585320, 7.070000, D
1.127113, 0.004883, 0.000806, 2.509260, 7.070000, E
0.671035, 0.005871, 0.000937, 4.986297, 7.070000, F
0.772478, 0.006605, 0.000645, 2.632789, 7.070000, G
0.516535, 0.006322, 0.000804, 4.087576, 7.070000, H
0.637623, 0.006785, 0.000756, 4.042147, 7.070000, I
2.501958, 0.005372, 0.000724, 2.240037, 7.070000, J
amount produced/need, avg price, sd, consumption_rate, avg def comm, char
 year: 70
0.387918, 0.005821, 0.000666, 2.978407, 7.140000, A
1.044679, 0.005382, 0.000779, 1.912332, 7.140000, B
1.464701, 0.001875, 0.000391, 2.021896, 7.140000, C
1.168551, 0.005617, 0.000728, 2.585320, 7.140000, D
1.127113, 0.004089, 0.000732, 2.509260, 7.140000, E
0.671035, 0.004660, 0.000790, 4.986297, 7.140000, F
0.772478, 0.005646, 0.000627, 2.632789, 7.140000, G
0.516535, 0.006989, 0.000981, 4.087576, 7.140000, H
0.637623, 0.005511, 0.000564, 4.042147, 7.140000, I
2.501958, 0.004587, 0.000669, 2.240037, 7.140000, J
amount produced/need, avg price, sd, consumption_rate, avg def comm, char
 year: 71
0.387918, 0.004599, 0.000512, 2.978407, 7.170000, A
1.044679, 0.005011, 0.000707, 1.912332, 7.170000, B
1.464701, 0.001890, 0.000368, 2.021896, 7.170000, C
1.168551, 0.005692, 0.000668, 2.585320, 7.170000, D
1.127113, 0.003480, 0.000636, 2.509260, 7.170000, E
0.671035, 0.003902, 0.000656, 4.986297, 7.170000, F
0.772478, 0.004833, 0.000569, 2.632789, 7.170000, G
0.516535, 0.005397, 0.000734, 4.087576, 7.170000, H
0.637623, 0.004524, 0.000514, 4.042147, 7.170000, I
2.501958, 0.004040, 0.000627, 2.240037, 7.170000, J
amount produced/need, avg price, sd, consumption_rate, avg def comm, char
 year: 72
0.387918, 0.003742, 0.000493, 2.978407, 7.570000, A
1.044679, 0.004513, 0.000545, 1.912332, 7.570000, B
1.464701, 0.002451, 0.000483, 2.021896, 7.570000, C
1.168551, 0.004549, 0.000534, 2.585320, 7.570000, D
1.127113, 0.003183, 0.000599, 2.509260, 7.570000, E
0.671035, 0.003628, 0.000662, 4.986297, 7.570000, F
0.772478, 0.004304, 0.000555, 2.632789, 7.570000, G
0.516535, 0.004188, 0.000578, 4.087576, 7.570000, H
0.637623, 0.003929, 0.000480, 4.042147, 7.570000, I
2.501958, 0.003867, 0.000555, 2.240037, 7.570000, J
amount produced/need, avg price, sd, consumption_rate, avg def comm, char
 year: 73
0.387918, 0.003081, 0.000444, 2.978407, 7.610000, A
1.044679, 0.003728, 0.000420, 1.912332, 7.610000, B
1.464701, 0.003304, 0.000648, 2.021896, 7.610000, C
1.168551, 0.003609, 0.000450, 2.585320, 7.610000, D
1.127113, 0.003063, 0.000520, 2.509260, 7.610000, E
0.671035, 0.004423, 0.000682, 4.986297, 7.610000, F
0.772478, 0.003707, 0.000441, 2.632789, 7.610000, G
0.516535, 0.003280, 0.000463, 4.087576, 7.610000, H
0.637623, 0.003787, 0.000459, 4.042147, 7.610000, I
2.501958, 0.004110, 0.000587, 2.240037, 7.610000, J
amount produced/need, avg price, sd, consumption_rate, avg def comm, char
 year: 74
0.387918, 0.002620, 0.000424, 2.978407, 7.320000, A
1.044679, 0.003106, 0.000368, 1.912332, 7.320000, B
1.464701, 0.004311, 0.000851, 2.021896, 7.320000, C
1.168551, 0.002872, 0.000400, 2.585320, 7.320000, D
1.127113, 0.003151, 0.000483, 2.509260, 7.320000, E
0.671035, 0.003595, 0.000454, 4.986297, 7.320000, F
0.772478, 0.003359, 0.000392, 2.632789, 7.320000, G
0.516535, 0.002652, 0.000416, 4.087576, 7.320000, H
0.637623, 0.004241, 0.000522, 4.042147, 7.320000, I
2.501958, 0.003559, 0.000420, 2.240037, 7.320000, J
amount produced/need, avg price, sd, consumption_rate, avg def comm, char
 year: 75
0.387918, 0.002349, 0.000379, 2.978407, 7.220000, A
1.044679, 0.002576, 0.000362, 1.912332, 7.220000, B
1.464701, 0.003537, 0.000599, 2.021896, 7.220000, C
1.168551, 0.002331, 0.000368, 2.585320, 7.220000, D
1.127113, 0.003585, 0.000512, 2.509260, 7.220000, E
0.671035, 0.003010, 0.000364, 4.986297, 7.220000, F
0.772478, 0.003300, 0.000453, 2.632789, 7.220000, G
0.516535, 0.002222, 0.000349, 4.087576, 7.220000, H
0.637623, 0.003513, 0.000397, 4.042147, 7.220000, I
2.501958, 0.003033, 0.000324, 2.240037, 7.220000, J
amount produced/need, avg price, sd, consumption_rate, avg def comm, char
 year: 76
0.387918, 0.002438, 0.000388, 2.978407, 7.370000, A
1.044679, 0.002200, 0.000341, 1.912332, 7.370000, B
1.464701, 0.002872, 0.000417, 2.021896, 7.370000, C
1.168551, 0.001896, 0.000325, 2.585320, 7.370000, D
1.127113, 0.003011, 0.000349, 2.509260, 7.370000, E
0.671035, 0.002856, 0.000363, 4.986297, 7.370000, F
0.772478, 0.003057, 0.000409, 2.632789, 7.370000, G
0.516535, 0.001957, 0.000296, 4.087576, 7.370000, H
0.637623, 0.002825, 0.000333, 4.042147, 7.370000, I
2.501958, 0.002673, 0.000298, 2.240037, 7.370000, J
amount produced/need, avg price, sd, consumption_rate, avg def comm, char
 year: 77
0.387918, 0.002562, 0.000332, 2.978407, 7.350000, A
1.044679, 0.001935, 0.000307, 1.912332, 7.350000, B
1.464701, 0.002334, 0.000331, 2.021896, 7.350000, C
1.168551, 0.001592, 0.000302, 2.585320, 7.350000, D
1.127113, 0.002453, 0.000251, 2.509260, 7.350000, E
0.671035, 0.002888, 0.000324, 4.986297, 7.350000, F
0.772478, 0.002553, 0.000315, 2.632789, 7.350000, G
0.516535, 0.001903, 0.000276, 4.087576, 7.350000, H
0.637623, 0.002311, 0.000313, 4.042147, 7.350000, I
2.501958, 0.002462, 0.000289, 2.240037, 7.350000, J
amount produced/need, avg price, sd, consumption_rate, avg def comm, char
 year: 78
0.387918, 0.002276, 0.000241, 2.978407, 7.080000, A
1.044679, 0.001780, 0.000299, 1.912332, 7.080000, B
1.464701, 0.001898, 0.000268, 2.021896, 7.080000, C
1.168551, 0.001343, 0.000259, 2.585320, 7.080000, D
1.127113, 0.002019, 0.000227, 2.509260, 7.080000, E
0.671035, 0.002306, 0.000256, 4.986297, 7.080000, F
0.772478, 0.002060, 0.000267, 2.632789, 7.080000, G
0.516535, 0.002158, 0.000306, 4.087576, 7.080000, H
0.637623, 0.001911, 0.000288, 4.042147, 7.080000, I
2.501958, 0.002406, 0.000325, 2.240037, 7.080000, J
amount produced/need, avg price, sd, consumption_rate, avg def comm, char
 year: 79
0.387918, 0.001980, 0.000211, 2.978407, 7.120000, A
1.044679, 0.001735, 0.000253, 1.912332, 7.120000, B
1.464701, 0.001584, 0.000244, 2.021896, 7.120000, C
1.168551, 0.001160, 0.000224, 2.585320, 7.120000, D
1.127113, 0.001684, 0.000217, 2.509260, 7.120000, E
0.671035, 0.001849, 0.000228, 4.986297, 7.120000, F
0.772478, 0.001714, 0.000239, 2.632789, 7.120000, G
0.516535, 0.002095, 0.000218, 4.087576, 7.120000, H
0.637623, 0.001663, 0.000243, 4.042147, 7.120000, I
2.501958, 0.001931, 0.000251, 2.240037, 7.120000, J
amount produced/need, avg price, sd, consumption_rate, avg def comm, char
 year: 80
0.387918, 0.001686, 0.000185, 2.978407, 7.300000, A
1.044679, 0.001823, 0.000226, 1.912332, 7.300000, B
1.464701, 0.001339, 0.000217, 2.021896, 7.300000, C
1.168551, 0.001105, 0.000174, 2.585320, 7.300000, D
1.127113, 0.001430, 0.000200, 2.509260, 7.300000, E
0.671035, 0.001504, 0.000199, 4.986297, 7.300000, F
0.772478, 0.001438, 0.000221, 2.632789, 7.300000, G
0.516535, 0.001684, 0.000169, 4.087576, 7.300000, H
0.637623, 0.001621, 0.000213, 4.042147, 7.300000, I
2.501958, 0.001574, 0.000220, 2.240037, 7.300000, J
amount produced/need, avg price, sd, consumption_rate, avg def comm, char
 year: 81
0.387918, 0.001410, 0.000158, 2.978407, 7.330000, A
1.044679, 0.001460, 0.000156, 1.912332, 7.330000, B
1.464701, 0.001168, 0.000187, 2.021896, 7.330000, C
1.168551, 0.001272, 0.000210, 2.585320, 7.330000, D
1.127113, 0.001227, 0.000181, 2.509260, 7.330000, E
0.671035, 0.001299, 0.000185, 4.986297, 7.330000, F
0.772478, 0.001253, 0.000188, 2.632789, 7.330000, G
0.516535, 0.001355, 0.000153, 4.087576, 7.330000, H
0.637623, 0.001683, 0.000207, 4.042147, 7.330000, I
2.501958, 0.001278, 0.000186, 2.240037, 7.330000, J
amount produced/need, avg price, sd, consumption_rate, avg def comm, char
 year: 82
0.387918, 0.001240, 0.000153, 2.978407, 7.220000, A
1.044679, 0.001166, 0.000122, 1.912332, 7.220000, B
1.464701, 0.001065, 0.000160, 2.021896, 7.220000, C
1.168551, 0.001439, 0.000191, 2.585320, 7.220000, D
1.127113, 0.001152, 0.000169, 2.509260, 7.220000, E
0.671035, 0.001311, 0.000169, 4.986297, 7.220000, F
0.772478, 0.001140, 0.000167, 2.632789, 7.220000, G
0.516535, 0.001125, 0.000141, 4.087576, 7.220000, H
0.637623, 0.001298, 0.000156, 4.042147, 7.220000, I
2.501958, 0.001048, 0.000162, 2.240037, 7.220000, J
amount produced/need, avg price, sd, consumption_rate, avg def comm, char
 year: 83
0.387918, 0.001083, 0.000150, 2.978407, 7.350000, A
1.044679, 0.000935, 0.000111, 1.912332, 7.350000, B
1.464701, 0.001040, 0.000142, 2.021896, 7.350000, C
1.168551, 0.001149, 0.000139, 2.585320, 7.350000, D
1.127113, 0.001179, 0.000184, 2.509260, 7.350000, E
0.671035, 0.001284, 0.000129, 4.986297, 7.350000, F
0.772478, 0.001192, 0.000163, 2.632789, 7.350000, G
0.516535, 0.000991, 0.000139, 4.087576, 7.350000, H
0.637623, 0.001002, 0.000126, 4.042147, 7.350000, I
2.501958, 0.000877, 0.000139, 2.240037, 7.350000, J
amount produced/need, avg price, sd, consumption_rate, avg def comm, char
 year: 84
0.387918, 0.000968, 0.000129, 2.978407, 7.100000, A
1.044679, 0.000754, 0.000102, 1.912332, 7.100000, B
1.464701, 0.001060, 0.000137, 2.021896, 7.100000, C
1.168551, 0.000937, 0.000109, 2.585320, 7.100000, D
1.127113, 0.001078, 0.000135, 2.509260, 7.100000, E
0.671035, 0.001045, 0.000105, 4.986297, 7.100000, F
0.772478, 0.001082, 0.000114, 2.632789, 7.100000, G
0.516535, 0.000998, 0.000127, 4.087576, 7.100000, H
0.637623, 0.000792, 0.000117, 4.042147, 7.100000, I
2.501958, 0.000754, 0.000119, 2.240037, 7.100000, J
amount produced/need, avg price, sd, consumption_rate, avg def comm, char
 year: 85
0.387918, 0.000915, 0.000127, 2.978407, 7.020000, A
1.044679, 0.000617, 0.000095, 1.912332, 7.020000, B
1.464701, 0.000913, 0.000099, 2.021896, 7.020000, C
1.168551, 0.000765, 0.000097, 2.585320, 7.020000, D
1.127113, 0.000914, 0.000098, 2.509260, 7.020000, E
0.671035, 0.000851, 0.000099, 4.986297, 7.020000, F
0.772478, 0.000899, 0.000089, 2.632789, 7.020000, G
0.516535, 0.001043, 0.000146, 4.087576, 7.020000, H
0.637623, 0.000647, 0.000110, 4.042147, 7.020000, I
2.501958, 0.000683, 0.000115, 2.240037, 7.020000, J
amount produced/need, avg price, sd, consumption_rate, avg def comm, char
 year: 86
0.387918, 0.000864, 0.000120, 2.978407, 7.100000, A
1.044679, 0.000505, 0.000092, 1.912332, 7.100000, B
1.464701, 0.000774, 0.000088, 2.021896, 7.100000, C
1.168551, 0.000637, 0.000092, 2.585320, 7.100000, D
1.127113, 0.000776, 0.000090, 2.509260, 7.100000, E
0.671035, 0.000745, 0.000096, 4.986297, 7.100000, F
0.772478, 0.000749, 0.000085, 2.632789, 7.100000, G
0.516535, 0.000831, 0.000116, 4.087576, 7.100000, H
0.637623, 0.000562, 0.000096, 4.042147, 7.100000, I
2.501958, 0.000657, 0.000099, 2.240037, 7.100000, J
amount produced/need, avg price, sd, consumption_rate, avg def comm, char
 year: 87
0.387918, 0.000696, 0.000097, 2.978407, 7.330000, A
1.044679, 0.000421, 0.000079, 1.912332, 7.330000, B
1.464701, 0.000645, 0.000074, 2.021896, 7.330000, C
1.168551, 0.000540, 0.000084, 2.585320, 7.330000, D
1.127113, 0.000653, 0.000080, 2.509260, 7.330000, E
0.671035, 0.000862, 0.000111, 4.986297, 7.330000, F
0.772478, 0.000626, 0.000081, 2.632789, 7.330000, G
0.516535, 0.000663, 0.000092, 4.087576, 7.330000, H
0.637623, 0.000590, 0.000098, 4.042147, 7.330000, I
2.501958, 0.000775, 0.000122, 2.240037, 7.330000, J
amount produced/need, avg price, sd, consumption_rate, avg def comm, char
 year: 88
0.387918, 0.000566, 0.000081, 2.978407, 7.190000, A
1.044679, 0.000374, 0.000070, 1.912332, 7.190000, B
1.464701, 0.000553, 0.000071, 2.021896, 7.190000, C
1.168551, 0.000483, 0.000072, 2.585320, 7.190000, D
1.127113, 0.000583, 0.000075, 2.509260, 7.190000, E
0.671035, 0.000679, 0.000080, 4.986297, 7.190000, F
0.772478, 0.000540, 0.000077, 2.632789, 7.190000, G
0.516535, 0.000533, 0.000077, 4.087576, 7.190000, H
0.637623, 0.000754, 0.000102, 4.042147, 7.190000, I
2.501958, 0.000681, 0.000083, 2.240037, 7.190000, J
amount produced/need, avg price, sd, consumption_rate, avg def comm, char
 year: 89
0.387918, 0.000476, 0.000070, 2.978407, 7.220000, A
1.044679, 0.000350, 0.000064, 1.912332, 7.220000, B
1.464701, 0.000474, 0.000066, 2.021896, 7.220000, C
1.168551, 0.000475, 0.000063, 2.585320, 7.220000, D
1.127113, 0.000532, 0.000065, 2.509260, 7.220000, E
0.671035, 0.000545, 0.000070, 4.986297, 7.220000, F
0.772478, 0.000494, 0.000065, 2.632789, 7.220000, G
0.516535, 0.000444, 0.000064, 4.087576, 7.220000, H
0.637623, 0.000591, 0.000066, 4.042147, 7.220000, I
2.501958, 0.000580, 0.000069, 2.240037, 7.220000, J
amount produced/need, avg price, sd, consumption_rate, avg def comm, char
 year: 90
0.387918, 0.000404, 0.000062, 2.978407, 7.570000, A
1.044679, 0.000354, 0.000055, 1.912332, 7.570000, B
1.464701, 0.000412, 0.000063, 2.021896, 7.570000, C
1.168551, 0.000581, 0.000084, 2.585320, 7.570000, D
1.127113, 0.000501, 0.000069, 2.509260, 7.570000, E
0.671035, 0.000442, 0.000059, 4.986297, 7.570000, F
0.772478, 0.000491, 0.000067, 2.632789, 7.570000, G
0.516535, 0.000390, 0.000053, 4.087576, 7.570000, H
0.637623, 0.000461, 0.000047, 4.042147, 7.570000, I
2.501958, 0.000467, 0.000060, 2.240037, 7.570000, J
amount produced/need, avg price, sd, consumption_rate, avg def comm, char
 year: 91
0.387918, 0.000360, 0.000051, 2.978407, 7.460000, A
1.044679, 0.000401, 0.000065, 1.912332, 7.460000, B
1.464701, 0.000367, 0.000053, 2.021896, 7.460000, C
1.168551, 0.000450, 0.000060, 2.585320, 7.460000, D
1.127113, 0.000442, 0.000053, 2.509260, 7.460000, E
0.671035, 0.000383, 0.000049, 4.986297, 7.460000, F
0.772478, 0.000473, 0.000062, 2.632789, 7.460000, G
0.516535, 0.000402, 0.000056, 4.087576, 7.460000, H
0.637623, 0.000364, 0.000040, 4.042147, 7.460000, I
2.501958, 0.000380, 0.000052, 2.240037, 7.460000, J
amount produced/need, avg price, sd, consumption_rate, avg def comm, char
 year: 92
0.387918, 0.000386, 0.000051, 2.978407, 7.360000, A
1.044679, 0.000370, 0.000048, 1.912332, 7.360000, B
1.464701, 0.000356, 0.000052, 2.021896, 7.360000, C
1.168551, 0.000348, 0.000045, 2.585320, 7.360000, D
1.127113, 0.000382, 0.000045, 2.509260, 7.360000, E
0.671035, 0.000413, 0.000050, 4.986297, 7.360000, F
0.772478, 0.000392, 0.000041, 2.632789, 7.360000, G
0.516535, 0.000447, 0.000068, 4.087576, 7.360000, H
0.637623, 0.000296, 0.000038, 4.042147, 7.360000, I
2.501958, 0.000311, 0.000048, 2.240037, 7.360000, J
amount produced/need, avg price, sd, consumption_rate, avg def comm, char
 year: 93
0.387918, 0.000395, 0.000050, 2.978407, 7.210000, A
1.044679, 0.000344, 0.000038, 1.912332, 7.210000, B
1.464701, 0.000345, 0.000045, 2.021896, 7.210000, C
1.168551, 0.000272, 0.000037, 2.585320, 7.210000, D
1.127113, 0.000336, 0.000040, 2.509260, 7.210000, E
0.671035, 0.000353, 0.000037, 4.986297, 7.210000, F
0.772478, 0.000330, 0.000037, 2.632789, 7.210000, G
0.516535, 0.000372, 0.000046, 4.087576, 7.210000, H
0.637623, 0.000248, 0.000036, 4.042147, 7.210000, I
2.501958, 0.000261, 0.000042, 2.240037, 7.210000, J
amount produced/need, avg price, sd, consumption_rate, avg def comm, char
 year: 94
0.387918, 0.000316, 0.000038, 2.978407, 7.150000, A
1.044679, 0.000323, 0.000036, 1.912332, 7.150000, B
1.464701, 0.000324, 0.000041, 2.021896, 7.150000, C
1.168551, 0.000213, 0.000032, 2.585320, 7.150000, D
1.127113, 0.000318, 0.000039, 2.509260, 7.150000, E
0.671035, 0.000321, 0.000033, 4.986297, 7.150000, F
0.772478, 0.000278, 0.000033, 2.632789, 7.150000, G
0.516535, 0.000308, 0.000034, 4.087576, 7.150000, H
0.637623, 0.000219, 0.000034, 4.042147, 7.150000, I
2.501958, 0.000225, 0.000037, 2.240037, 7.150000, J
amount produced/need, avg price, sd, consumption_rate, avg def comm, char
 year: 95
0.387918, 0.000254, 0.000032, 2.978407, 7.320000, A
1.044679, 0.000280, 0.000027, 1.912332, 7.320000, B
1.464701, 0.000272, 0.000033, 2.021896, 7.320000, C
1.168551, 0.000170, 0.000030, 2.585320, 7.320000, D
1.127113, 0.000276, 0.000031, 2.509260, 7.320000, E
0.671035, 0.000310, 0.000029, 4.986297, 7.320000, F
0.772478, 0.000235, 0.000032, 2.632789, 7.320000, G
0.516535, 0.000266, 0.000031, 4.087576, 7.320000, H
0.637623, 0.000203, 0.000032, 4.042147, 7.320000, I
2.501958, 0.000204, 0.000033, 2.240037, 7.320000, J
amount produced/need, avg price, sd, consumption_rate, avg def comm, char
 year: 96
0.387918, 0.000207, 0.000028, 2.978407, 7.320000, A
1.044679, 0.000248, 0.000024, 1.912332, 7.320000, B
1.464701, 0.000230, 0.000029, 2.021896, 7.320000, C
1.168551, 0.000138, 0.000027, 2.585320, 7.320000, D
1.127113, 0.000245, 0.000026, 2.509260, 7.320000, E
0.671035, 0.000245, 0.000025, 4.986297, 7.320000, F
0.772478, 0.000213, 0.000032, 2.632789, 7.320000, G
0.516535, 0.000247, 0.000026, 4.087576, 7.320000, H
0.637623, 0.000227, 0.000035, 4.042147, 7.320000, I
2.501958, 0.000196, 0.000031, 2.240037, 7.320000, J
amount produced/need, avg price, sd, consumption_rate, avg def comm, char
 year: 97
0.387918, 0.000171, 0.000026, 2.978407, 7.380000, A
1.044679, 0.000206, 0.000022, 1.912332, 7.380000, B
1.464701, 0.000196, 0.000026, 2.021896, 7.380000, C
1.168551, 0.000115, 0.000024, 2.585320, 7.380000, D
1.127113, 0.000206, 0.000023, 2.509260, 7.380000, E
0.671035, 0.000197, 0.000023, 4.986297, 7.380000, F
0.772478, 0.000194, 0.000026, 2.632789, 7.380000, G
0.516535, 0.000213, 0.000023, 4.087576, 7.380000, H
0.637623, 0.000236, 0.000029, 4.042147, 7.380000, I
2.501958, 0.000201, 0.000031, 2.240037, 7.380000, J
amount produced/need, avg price, sd, consumption_rate, avg def comm, char
 year: 98
0.387918, 0.000144, 0.000022, 2.978407, 7.410000, A
1.044679, 0.000173, 0.000020, 1.912332, 7.410000, B
1.464701, 0.000169, 0.000023, 2.021896, 7.410000, C
1.168551, 0.000099, 0.000021, 2.585320, 7.410000, D
1.127113, 0.000181, 0.000021, 2.509260, 7.410000, E
0.671035, 0.000159, 0.000022, 4.986297, 7.410000, F
0.772478, 0.000202, 0.000028, 2.632789, 7.410000, G
0.516535, 0.000190, 0.000020, 4.087576, 7.410000, H
0.637623, 0.000187, 0.000022, 4.042147, 7.410000, I
2.501958, 0.000185, 0.000024, 2.240037, 7.410000, J
amount produced/need, avg price, sd, consumption_rate, avg def comm, char
 year: 99
0.387918, 0.000126, 0.000019, 2.978407, 7.500000, A
1.044679, 0.000147, 0.000019, 1.912332, 7.500000, B
1.464701, 0.000150, 0.000023, 2.021896, 7.500000, C
1.168551, 0.000091, 0.000017, 2.585320, 7.500000, D
1.127113, 0.000159, 0.000020, 2.509260, 7.500000, E
0.671035, 0.000137, 0.000019, 4.986297, 7.500000, F
0.772478, 0.000166, 0.000020, 2.632789, 7.500000, G
0.516535, 0.000167, 0.000018, 4.087576, 7.500000, H
0.637623, 0.000148, 0.000018, 4.042147, 7.500000, I
2.501958, 0.000163, 0.000019, 2.240037, 7.500000, J
amount produced/need, avg price, sd, consumption_rate, avg def comm, char
 year: 100
0.387918, 0.000128, 0.000020, 2.978407, 7.520000, A
1.044679, 0.000126, 0.000017, 1.912332, 7.520000, B
1.464701, 0.000132, 0.000019, 2.021896, 7.520000, C
1.168551, 0.000092, 0.000015, 2.585320, 7.520000, D
1.127113, 0.000141, 0.000017, 2.509260, 7.520000, E
0.671035, 0.000141, 0.000020, 4.986297, 7.520000, F
0.772478, 0.000133, 0.000014, 2.632789, 7.520000, G
0.516535, 0.000140, 0.000015, 4.087576, 7.520000, H
0.637623, 0.000120, 0.000015, 4.042147, 7.520000, I
2.501958, 0.000138, 0.000016, 2.240037, 7.520000, J
