amtProduced_need, avg_price, sd, consumption_rate, avg_def, char
1.464701, 3.212118, 0.733386, 2.021896, 9.590000, C
1.464701, 2.901044, 0.455614, 2.021896, 9.330000, C
1.464701, 3.029882, 0.369452, 2.021896, 9.090000, C
1.464701, 3.553450, 0.464638, 2.021896, 8.950000, C
1.464701, 3.052042, 0.367586, 2.021896, 8.670000, C
1.464701, 2.759773, 0.386526, 2.021896, 8.290000, C
1.464701, 2.730046, 0.355253, 2.021896, 7.900000, C
1.464701, 3.907080, 0.557171, 2.021896, 7.530000, C
1.464701, 3.309620, 0.361555, 2.021896, 7.270000, C
1.464701, 2.844961, 0.290733, 2.021896, 7.370000, C
1.464701, 2.395590, 0.231112, 2.021896, 7.670000, C
1.464701, 1.951871, 0.192719, 2.021896, 7.710000, C
1.464701, 1.545630, 0.161711, 2.021896, 7.450000, C
1.464701, 1.242702, 0.152876, 2.021896, 7.310000, C
1.464701, 1.013146, 0.141857, 2.021896, 6.920000, C
1.464701, 0.880197, 0.143323, 2.021896, 6.720000, C
1.464701, 0.824722, 0.129353, 2.021896, 6.830000, C
1.464701, 0.917704, 0.135450, 2.021896, 6.880000, C
1.464701, 0.737789, 0.087701, 2.021896, 7.190000, C
1.464701, 0.553291, 0.062228, 2.021896, 7.230000, C
1.464701, 0.425323, 0.052068, 2.021896, 7.280000, C
1.464701, 0.326924, 0.049798, 2.021896, 7.230000, C
1.464701, 0.256738, 0.043183, 2.021896, 7.160000, C
1.464701, 0.207271, 0.037725, 2.021896, 7.170000, C
1.464701, 0.178440, 0.030368, 2.021896, 7.250000, C
1.464701, 0.172917, 0.028029, 2.021896, 7.450000, C
1.464701, 0.169388, 0.023320, 2.021896, 7.490000, C
1.464701, 0.156327, 0.018670, 2.021896, 7.190000, C
1.464701, 0.156071, 0.018610, 2.021896, 6.960000, C
1.464701, 0.136884, 0.016639, 2.021896, 6.910000, C
1.464701, 0.115266, 0.012604, 2.021896, 6.560000, C
1.464701, 0.099481, 0.010867, 2.021896, 6.340000, C
1.464701, 0.104959, 0.014357, 2.021896, 6.300000, C
1.464701, 0.090104, 0.010184, 2.021896, 6.470000, C
1.464701, 0.069480, 0.008009, 2.021896, 6.400000, C
1.464701, 0.053952, 0.007140, 2.021896, 6.250000, C
1.464701, 0.041704, 0.006360, 2.021896, 6.180000, C
1.464701, 0.032253, 0.005531, 2.021896, 6.850000, C
1.464701, 0.024885, 0.004599, 2.021896, 7.240000, C
1.464701, 0.019077, 0.003786, 2.021896, 7.250000, C
1.464701, 0.015080, 0.002992, 2.021896, 7.120000, C
1.464701, 0.012436, 0.002408, 2.021896, 7.020000, C
1.464701, 0.010861, 0.002008, 2.021896, 7.030000, C
1.464701, 0.010636, 0.001992, 2.021896, 6.860000, C
1.464701, 0.008961, 0.001331, 2.021896, 6.900000, C
1.464701, 0.007646, 0.000926, 2.021896, 6.810000, C
1.464701, 0.006130, 0.000760, 2.021896, 6.870000, C
1.464701, 0.004678, 0.000659, 2.021896, 6.860000, C
1.464701, 0.003631, 0.000536, 2.021896, 6.820000, C
1.464701, 0.002740, 0.000408, 2.021896, 6.700000, C
1.464701, 0.002123, 0.000349, 2.021896, 6.690000, C
1.464701, 0.001668, 0.000315, 2.021896, 6.930000, C
1.464701, 0.001358, 0.000252, 2.021896, 7.050000, C
1.464701, 0.001089, 0.000205, 2.021896, 7.230000, C
1.464701, 0.000885, 0.000167, 2.021896, 7.250000, C
1.464701, 0.000703, 0.000137, 2.021896, 7.440000, C
1.464701, 0.000573, 0.000110, 2.021896, 7.320000, C
1.464701, 0.000482, 0.000088, 2.021896, 7.510000, C
1.464701, 0.000410, 0.000068, 2.021896, 7.390000, C
1.464701, 0.000366, 0.000054, 2.021896, 7.430000, C
1.464701, 0.000306, 0.000043, 2.021896, 7.480000, C
1.464701, 0.000233, 0.000032, 2.021896, 7.470000, C
1.464701, 0.000183, 0.000027, 2.021896, 7.540000, C
1.464701, 0.000145, 0.000023, 2.021896, 7.510000, C
1.464701, 0.000116, 0.000021, 2.021896, 7.440000, C
1.464701, 0.000096, 0.000017, 2.021896, 7.460000, C
1.464701, 0.000085, 0.000014, 2.021896, 7.760000, C
1.464701, 0.000087, 0.000015, 2.021896, 7.630000, C
1.464701, 0.000076, 0.000010, 2.021896, 7.480000, C
1.464701, 0.000066, 0.000008, 2.021896, 7.230000, C
1.464701, 0.000062, 0.000008, 2.021896, 7.390000, C
1.464701, 0.000050, 0.000005, 2.021896, 7.460000, C
1.464701, 0.000041, 0.000005, 2.021896, 7.410000, C
1.464701, 0.000034, 0.000004, 2.021896, 7.540000, C
1.464701, 0.000027, 0.000003, 2.021896, 7.310000, C
1.464701, 0.000022, 0.000003, 2.021896, 7.070000, C
1.464701, 0.000019, 0.000003, 2.021896, 7.070000, C
1.464701, 0.000019, 0.000003, 2.021896, 7.010000, C
1.464701, 0.000022, 0.000003, 2.021896, 7.350000, C
1.464701, 0.000017, 0.000002, 2.021896, 7.150000, C
1.464701, 0.000013, 0.000002, 2.021896, 6.980000, C
1.464701, 0.000010, 0.000001, 2.021896, 6.840000, C
1.464701, 0.000008, 0.000001, 2.021896, 6.930000, C
1.464701, 0.000007, 0.000001, 2.021896, 6.660000, C
1.464701, 0.000007, 0.000001, 2.021896, 6.340000, C
1.464701, 0.000008, 0.000001, 2.021896, 6.080000, C
1.464701, 0.000007, 0.000001, 2.021896, 6.320000, C
1.464701, 0.000005, 0.000001, 2.021896, 6.670000, C
1.464701, 0.000004, 0.000001, 2.021896, 6.910000, C
1.464701, 0.000003, 0.000000, 2.021896, 6.810000, C
1.464701, 0.000002, 0.000000, 2.021896, 6.710000, C
1.464701, 0.000002, 0.000000, 2.021896, 6.790000, C
1.464701, 0.000001, 0.000000, 2.021896, 6.640000, C
1.464701, 0.000001, 0.000000, 2.021896, 6.390000, C
1.464701, 0.000001, 0.000000, 2.021896, 6.190000, C
1.464701, 0.000001, 0.000000, 2.021896, 6.390000, C
1.464701, 0.000001, 0.000000, 2.021896, 6.780000, C
1.464701, 0.000000, 0.000000, 2.021896, 6.860000, C
1.464701, 0.000000, 0.000000, 2.021896, 6.830000, C
1.464701, 0.000001, 0.000000, 2.021896, 6.480000, C
