amount produced/need, avg price, sd, consumption_rate, avg def comm, char
 year: 1
0.387918, 2.986026, 0.741288, 2.978407, 9.590000, A
1.044679, 2.708589, 0.721227, 1.912332, 9.590000, B
1.464701, 3.212118, 0.733386, 2.021896, 9.590000, C
1.168551, 3.271696, 0.772568, 2.585320, 9.590000, D
1.127113, 2.980803, 0.830279, 2.509260, 9.590000, E
0.671035, 3.120480, 0.606918, 4.986297, 9.590000, F
0.772478, 3.127664, 0.817016, 2.632789, 9.590000, G
0.516535, 3.725116, 1.080961, 4.087576, 9.590000, H
0.637623, 3.108941, 0.752326, 4.042147, 9.590000, I
2.501958, 2.650772, 0.703607, 2.240037, 9.590000, J
amount produced/need, avg price, sd, consumption_rate, avg def comm, char
 year: 2
0.387918, 3.032002, 0.522728, 2.978407, 9.330000, A
1.044679, 2.846524, 0.553075, 1.912332, 9.330000, B
1.464701, 2.901044, 0.455614, 2.021896, 9.330000, C
1.168551, 3.098034, 0.490769, 2.585320, 9.330000, D
1.127113, 3.162014, 0.656887, 2.509260, 9.330000, E
0.671035, 4.086760, 0.717462, 4.986297, 9.330000, F
0.772478, 2.857886, 0.512214, 2.632789, 9.330000, G
0.516535, 2.903599, 0.661747, 4.087576, 9.330000, H
0.637623, 3.592389, 0.567769, 4.042147, 9.330000, I
2.501958, 2.807327, 0.561883, 2.240037, 9.330000, J
amount produced/need, avg price, sd, consumption_rate, avg def comm, char
 year: 3
0.387918, 3.686684, 0.601603, 2.978407, 9.090000, A
1.044679, 3.359809, 0.507399, 1.912332, 9.090000, B
1.464701, 3.029882, 0.369452, 2.021896, 9.090000, C
1.168551, 3.128106, 0.372869, 2.585320, 9.090000, D
1.127113, 3.270715, 0.425590, 2.509260, 9.090000, E
0.671035, 3.055626, 0.432843, 4.986297, 9.090000, F
0.772478, 2.994631, 0.443609, 2.632789, 9.090000, G
0.516535, 2.300023, 0.423261, 4.087576, 9.090000, H
0.637623, 3.117714, 0.408155, 4.042147, 9.090000, I
2.501958, 3.745428, 0.686325, 2.240037, 9.090000, J
amount produced/need, avg price, sd, consumption_rate, avg def comm, char
 year: 4
0.387918, 2.962909, 0.343890, 2.978407, 8.950000, A
1.044679, 3.169795, 0.376419, 1.912332, 8.950000, B
1.464701, 3.553450, 0.464638, 2.021896, 8.950000, C
1.168551, 4.037851, 0.508328, 2.585320, 8.950000, D
1.127113, 3.330238, 0.475853, 2.509260, 8.950000, E
0.671035, 2.364543, 0.300454, 4.986297, 8.950000, F
0.772478, 3.446471, 0.447774, 2.632789, 8.950000, G
0.516535, 2.189980, 0.269077, 4.087576, 8.950000, H
0.637623, 3.215600, 0.353056, 4.042147, 8.950000, I
2.501958, 2.997017, 0.419738, 2.240037, 8.950000, J
amount produced/need, avg price, sd, consumption_rate, avg def comm, char
 year: 5
0.387918, 2.515692, 0.287131, 2.978407, 8.670000, A
1.044679, 3.041344, 0.379496, 1.912332, 8.670000, B
1.464701, 3.052042, 0.367586, 2.021896, 8.670000, C
1.168551, 2.930879, 0.317643, 2.585320, 8.670000, D
1.127113, 3.090926, 0.348117, 2.509260, 8.670000, E
0.671035, 2.056471, 0.239083, 4.986297, 8.670000, F
0.772478, 3.552550, 0.440084, 2.632789, 8.670000, G
0.516535, 3.172734, 0.415062, 4.087576, 8.670000, H
0.637623, 4.551052, 0.564863, 4.042147, 8.670000, I
2.501958, 2.435406, 0.306477, 2.240037, 8.670000, J
amount produced/need, avg price, sd, consumption_rate, avg def comm, char
 year: 6
0.387918, 2.535933, 0.336548, 2.978407, 8.290000, A
1.044679, 3.481025, 0.453635, 1.912332, 8.290000, B
1.464701, 2.759773, 0.386526, 2.021896, 8.290000, C
1.168551, 2.170545, 0.238923, 2.585320, 8.290000, D
1.127113, 3.475328, 0.441888, 2.509260, 8.290000, E
0.671035, 2.815972, 0.323937, 4.986297, 8.290000, F
0.772478, 3.511089, 0.365981, 2.632789, 8.290000, G
0.516535, 4.693139, 0.641310, 4.087576, 8.290000, H
0.637623, 3.139879, 0.378195, 4.042147, 8.290000, I
2.501958, 2.032445, 0.249524, 2.240037, 8.290000, J
amount produced/need, avg price, sd, consumption_rate, avg def comm, char
 year: 7
0.387918, 3.684730, 0.526713, 2.978407, 7.900000, A
1.044679, 4.247251, 0.552777, 1.912332, 7.900000, B
1.464701, 2.730046, 0.355253, 2.021896, 7.900000, C
1.168551, 1.641482, 0.231616, 2.585320, 7.900000, D
1.127113, 4.163258, 0.555016, 2.509260, 7.900000, E
0.671035, 4.198215, 0.536341, 4.986297, 7.900000, F
0.772478, 4.062709, 0.483898, 2.632789, 7.900000, G
0.516535, 3.241055, 0.435972, 4.087576, 7.900000, H
0.637623, 2.209227, 0.305915, 4.042147, 7.900000, I
2.501958, 1.860233, 0.217744, 2.240037, 7.900000, J
amount produced/need, avg price, sd, consumption_rate, avg def comm, char
 year: 8
0.387918, 4.291778, 0.521791, 2.978407, 7.530000, A
1.044679, 3.442615, 0.318990, 1.912332, 7.530000, B
1.464701, 3.907080, 0.557171, 2.021896, 7.530000, C
1.168551, 1.261121, 0.204792, 2.585320, 7.530000, D
1.127113, 3.388889, 0.316302, 2.509260, 7.530000, E
0.671035, 3.507078, 0.342682, 4.986297, 7.530000, F
0.772478, 3.896102, 0.444941, 2.632789, 7.530000, G
0.516535, 2.275160, 0.366245, 4.087576, 7.530000, H
0.637623, 1.588102, 0.260364, 4.042147, 7.530000, I
2.501958, 2.614002, 0.343127, 2.240037, 7.530000, J
amount produced/need, avg price, sd, consumption_rate, avg def comm, char
 year: 9
0.387918, 3.150794, 0.339941, 2.978407, 7.270000, A
1.044679, 2.771511, 0.291799, 1.912332, 7.270000, B
1.464701, 3.309620, 0.361555, 2.021896, 7.270000, C
1.168551, 1.003896, 0.180725, 2.585320, 7.270000, D
1.127113, 2.935699, 0.280647, 2.509260, 7.270000, E
0.671035, 4.112899, 0.443167, 4.986297, 7.270000, F
0.772478, 3.281989, 0.312156, 2.632789, 7.270000, G
0.516535, 1.609680, 0.311784, 4.087576, 7.270000, H
0.637623, 1.171488, 0.226813, 4.042147, 7.270000, I
2.501958, 3.894547, 0.528465, 2.240037, 7.270000, J
amount produced/need, avg price, sd, consumption_rate, avg def comm, char
 year: 10
0.387918, 2.368399, 0.273675, 2.978407, 7.370000, A
1.044679, 2.299555, 0.274848, 1.912332, 7.370000, B
1.464701, 2.844961, 0.290733, 2.021896, 7.370000, C
1.168551, 0.875756, 0.147238, 2.585320, 7.370000, D
1.127113, 2.947737, 0.344759, 2.509260, 7.370000, E
0.671035, 3.119160, 0.326212, 4.986297, 7.370000, F
0.772478, 3.059840, 0.357915, 2.632789, 7.370000, G
0.516535, 1.162413, 0.260633, 4.087576, 7.370000, H
0.637623, 0.895828, 0.187348, 4.042147, 7.370000, I
2.501958, 3.023003, 0.355010, 2.240037, 7.370000, J
amount produced/need, avg price, sd, consumption_rate, avg def comm, char
 year: 11
0.387918, 1.820072, 0.254171, 2.978407, 7.670000, A
1.044679, 2.042776, 0.276005, 1.912332, 7.670000, B
1.464701, 2.395590, 0.231112, 2.021896, 7.670000, C
1.168551, 1.048599, 0.163890, 2.585320, 7.670000, D
1.127113, 2.563658, 0.287206, 2.509260, 7.670000, E
0.671035, 2.338847, 0.246733, 4.986297, 7.670000, F
0.772478, 2.499711, 0.259466, 2.632789, 7.670000, G
0.516535, 0.882845, 0.217147, 4.087576, 7.670000, H
0.637623, 0.855138, 0.142299, 4.042147, 7.670000, I
2.501958, 2.269060, 0.279189, 2.240037, 7.670000, J
amount produced/need, avg price, sd, consumption_rate, avg def comm, char
 year: 12
0.387918, 1.422575, 0.227018, 2.978407, 7.710000, A
1.044679, 2.087599, 0.261779, 1.912332, 7.710000, B
1.464701, 1.951871, 0.192719, 2.021896, 7.710000, C
1.168551, 1.562861, 0.252875, 2.585320, 7.710000, D
1.127113, 1.934142, 0.205390, 2.509260, 7.710000, E
0.671035, 1.759319, 0.229333, 4.986297, 7.710000, F
0.772478, 1.956000, 0.206528, 2.632789, 7.710000, G
0.516535, 0.730235, 0.170697, 4.087576, 7.710000, H
0.637623, 1.263648, 0.200792, 4.042147, 7.710000, I
2.501958, 1.717982, 0.239616, 2.240037, 7.710000, J
amount produced/need, avg price, sd, consumption_rate, avg def comm, char
 year: 13
0.387918, 1.172783, 0.188991, 2.978407, 7.450000, A
1.044679, 1.552800, 0.167286, 1.912332, 7.450000, B
1.464701, 1.545630, 0.161711, 2.021896, 7.450000, C
1.168551, 2.190049, 0.349126, 2.585320, 7.450000, D
1.127113, 1.464189, 0.189382, 2.509260, 7.450000, E
0.671035, 1.382871, 0.202579, 4.986297, 7.450000, F
0.772478, 1.544479, 0.180669, 2.632789, 7.450000, G
0.516535, 0.960145, 0.201507, 4.087576, 7.450000, H
0.637623, 1.883467, 0.312354, 4.042147, 7.450000, I
2.501958, 1.326712, 0.219834, 2.240037, 7.450000, J
amount produced/need, avg price, sd, consumption_rate, avg def comm, char
 year: 14
0.387918, 1.098534, 0.165155, 2.978407, 7.310000, A
1.044679, 1.154250, 0.148597, 1.912332, 7.310000, B
1.464701, 1.242702, 0.152876, 2.021896, 7.310000, C
1.168551, 1.516611, 0.214522, 2.585320, 7.310000, D
1.127113, 1.088897, 0.178950, 2.509260, 7.310000, E
0.671035, 1.256894, 0.179083, 4.986297, 7.310000, F
0.772478, 1.285154, 0.160874, 2.632789, 7.310000, G
0.516535, 1.430235, 0.306045, 4.087576, 7.310000, H
0.637623, 1.832887, 0.227195, 4.042147, 7.310000, I
2.501958, 1.043589, 0.193512, 2.240037, 7.310000, J
amount produced/need, avg price, sd, consumption_rate, avg def comm, char
 year: 15
0.387918, 1.598578, 0.245646, 2.978407, 6.920000, A
1.044679, 0.866677, 0.136462, 1.912332, 6.920000, B
1.464701, 1.013146, 0.141857, 2.021896, 6.920000, C
1.168551, 1.071972, 0.151258, 2.585320, 6.920000, D
1.127113, 0.845339, 0.161150, 2.509260, 6.920000, E
0.671035, 1.770673, 0.268343, 4.986297, 6.920000, F
0.772478, 1.073860, 0.130247, 2.632789, 6.920000, G
0.516535, 1.838685, 0.330274, 4.087576, 6.920000, H
0.637623, 1.286293, 0.181869, 4.042147, 6.920000, I
2.501958, 0.856549, 0.165650, 2.240037, 6.920000, J
amount produced/need, avg price, sd, consumption_rate, avg def comm, char
 year: 16
0.387918, 1.471123, 0.181569, 2.978407, 6.720000, A
1.044679, 0.658722, 0.122476, 1.912332, 6.720000, B
1.464701, 0.880197, 0.143323, 2.021896, 6.720000, C
1.168551, 0.762603, 0.127460, 2.585320, 6.720000, D
1.127113, 0.680928, 0.143983, 2.509260, 6.720000, E
0.671035, 1.372036, 0.175750, 4.986297, 6.720000, F
0.772478, 1.043192, 0.134457, 2.632789, 6.720000, G
0.516535, 1.420720, 0.228686, 4.087576, 6.720000, H
0.637623, 0.904530, 0.153800, 4.042147, 6.720000, I
2.501958, 0.731757, 0.136339, 2.240037, 6.720000, J
amount produced/need, avg price, sd, consumption_rate, avg def comm, char
 year: 17
0.387918, 1.085391, 0.136338, 2.978407, 6.830000, A
1.044679, 0.504108, 0.103802, 1.912332, 6.830000, B
1.464701, 0.824722, 0.129353, 2.021896, 6.830000, C
1.168551, 0.547907, 0.109026, 2.585320, 6.830000, D
1.127113, 0.588781, 0.110308, 2.509260, 6.830000, E
0.671035, 1.084000, 0.137072, 4.986297, 6.830000, F
0.772478, 1.240521, 0.191034, 2.632789, 6.830000, G
0.516535, 1.086313, 0.175436, 4.087576, 6.830000, H
0.637623, 0.662494, 0.131947, 4.042147, 6.830000, I
2.501958, 0.626764, 0.103489, 2.240037, 6.830000, J
amount produced/need, avg price, sd, consumption_rate, avg def comm, char
 year: 18
0.387918, 0.807593, 0.109548, 2.978407, 6.880000, A
1.044679, 0.396036, 0.087960, 1.912332, 6.880000, B
1.464701, 0.917704, 0.135450, 2.021896, 6.880000, C
1.168551, 0.406136, 0.089337, 2.585320, 6.880000, D
1.127113, 0.570725, 0.093859, 2.509260, 6.880000, E
0.671035, 0.898648, 0.102278, 4.986297, 6.880000, F
0.772478, 0.905718, 0.126409, 2.632789, 6.880000, G
0.516535, 0.849538, 0.131511, 4.087576, 6.880000, H
0.637623, 0.500487, 0.108029, 4.042147, 6.880000, I
2.501958, 0.599119, 0.102659, 2.240037, 6.880000, J
amount produced/need, avg price, sd, consumption_rate, avg def comm, char
 year: 19
0.387918, 0.605146, 0.094853, 2.978407, 7.190000, A
1.044679, 0.321208, 0.071190, 1.912332, 7.190000, B
1.464701, 0.737789, 0.087701, 2.021896, 7.190000, C
1.168551, 0.302175, 0.076295, 2.585320, 7.190000, D
1.127113, 0.681961, 0.111154, 2.509260, 7.190000, E
0.671035, 0.717621, 0.083368, 4.986297, 7.190000, F
0.772478, 0.646579, 0.090460, 2.632789, 7.190000, G
0.516535, 0.687299, 0.102240, 4.087576, 7.190000, H
0.637623, 0.392783, 0.088588, 4.042147, 7.190000, I
2.501958, 0.774557, 0.128793, 2.240037, 7.190000, J
amount produced/need, avg price, sd, consumption_rate, avg def comm, char
 year: 20
0.387918, 0.460460, 0.079068, 2.978407, 7.230000, A
1.044679, 0.289967, 0.058617, 1.912332, 7.230000, B
1.464701, 0.553291, 0.062228, 2.021896, 7.230000, C
1.168551, 0.231385, 0.060925, 2.585320, 7.230000, D
1.127113, 0.598178, 0.071562, 2.509260, 7.230000, E
0.671035, 0.627055, 0.075804, 4.986297, 7.230000, F
0.772478, 0.469857, 0.071446, 2.632789, 7.230000, G
0.516535, 0.580829, 0.084608, 4.087576, 7.230000, H
0.637623, 0.402695, 0.074713, 4.042147, 7.230000, I
2.501958, 0.610561, 0.076132, 2.240037, 7.230000, J
amount produced/need, avg price, sd, consumption_rate, avg def comm, char
 year: 21
0.387918, 0.364928, 0.066138, 2.978407, 7.280000, A
1.044679, 0.379729, 0.067724, 1.912332, 7.280000, B
1.464701, 0.425323, 0.052068, 2.021896, 7.280000, C
1.168551, 0.181730, 0.048968, 2.585320, 7.280000, D
1.127113, 0.479547, 0.050529, 2.509260, 7.280000, E
0.671035, 0.483214, 0.059846, 4.986297, 7.280000, F
0.772478, 0.346358, 0.061196, 2.632789, 7.280000, G
0.516535, 0.488826, 0.070470, 4.087576, 7.280000, H
0.637623, 0.585148, 0.113364, 4.042147, 7.280000, I
2.501958, 0.468312, 0.054780, 2.240037, 7.280000, J
amount produced/need, avg price, sd, consumption_rate, avg def comm, char
 year: 22
0.387918, 0.295571, 0.057369, 2.978407, 7.230000, A
1.044679, 0.483121, 0.083896, 1.912332, 7.230000, B
1.464701, 0.326924, 0.049798, 2.021896, 7.230000, C
1.168551, 0.158189, 0.036911, 2.585320, 7.230000, D
1.127113, 0.387782, 0.043614, 2.509260, 7.230000, E
0.671035, 0.390382, 0.051650, 4.986297, 7.230000, F
0.772478, 0.259125, 0.053883, 2.632789, 7.230000, G
0.516535, 0.427258, 0.055176, 4.087576, 7.230000, H
0.637623, 0.420070, 0.066712, 4.042147, 7.230000, I
2.501958, 0.366824, 0.048731, 2.240037, 7.230000, J
amount produced/need, avg price, sd, consumption_rate, avg def comm, char
 year: 23
0.387918, 0.270345, 0.045482, 2.978407, 7.160000, A
1.044679, 0.356258, 0.048290, 1.912332, 7.160000, B
1.464701, 0.256738, 0.043183, 2.021896, 7.160000, C
1.168551, 0.170102, 0.033758, 2.585320, 7.160000, D
1.127113, 0.308955, 0.041145, 2.509260, 7.160000, E
0.671035, 0.363846, 0.042149, 4.986297, 7.160000, F
0.772478, 0.200058, 0.044545, 2.632789, 7.160000, G
0.516535, 0.351314, 0.043077, 4.087576, 7.160000, H
0.637623, 0.307632, 0.046826, 4.042147, 7.160000, I
2.501958, 0.289757, 0.044678, 2.240037, 7.160000, J
amount produced/need, avg price, sd, consumption_rate, avg def comm, char
 year: 24
0.387918, 0.307918, 0.045747, 2.978407, 7.170000, A
1.044679, 0.257858, 0.035019, 1.912332, 7.170000, B
1.464701, 0.207271, 0.037725, 2.021896, 7.170000, C
1.168551, 0.251706, 0.050418, 2.585320, 7.170000, D
1.127113, 0.244315, 0.035241, 2.509260, 7.170000, E
0.671035, 0.281498, 0.031464, 4.986297, 7.170000, F
0.772478, 0.154839, 0.036637, 2.632789, 7.170000, G
0.516535, 0.283340, 0.036470, 4.087576, 7.170000, H
0.637623, 0.232730, 0.039432, 4.042147, 7.170000, I
2.501958, 0.228977, 0.039437, 2.240037, 7.170000, J
amount produced/need, avg price, sd, consumption_rate, avg def comm, char
 year: 25
0.387918, 0.227566, 0.029802, 2.978407, 7.250000, A
1.044679, 0.185548, 0.027812, 1.912332, 7.250000, B
1.464701, 0.178440, 0.030368, 2.021896, 7.250000, C
1.168551, 0.299264, 0.046450, 2.585320, 7.250000, D
1.127113, 0.203275, 0.032860, 2.509260, 7.250000, E
0.671035, 0.223007, 0.028655, 4.986297, 7.250000, F
0.772478, 0.122753, 0.030714, 2.632789, 7.250000, G
0.516535, 0.222265, 0.030973, 4.087576, 7.250000, H
0.637623, 0.185004, 0.034349, 4.042147, 7.250000, I
2.501958, 0.185241, 0.034954, 2.240037, 7.250000, J
amount produced/need, avg price, sd, consumption_rate, avg def comm, char
 year: 26
0.387918, 0.171725, 0.024673, 2.978407, 7.450000, A
1.044679, 0.137292, 0.024144, 1.912332, 7.450000, B
1.464701, 0.172917, 0.028029, 2.021896, 7.450000, C
1.168551, 0.205235, 0.030762, 2.585320, 7.450000, D
1.127113, 0.206021, 0.033981, 2.509260, 7.450000, E
0.671035, 0.194009, 0.026040, 4.986297, 7.450000, F
0.772478, 0.099756, 0.024159, 2.632789, 7.450000, G
0.516535, 0.189151, 0.025307, 4.087576, 7.450000, H
0.637623, 0.180345, 0.027293, 4.042147, 7.450000, I
2.501958, 0.159884, 0.029004, 2.240037, 7.450000, J
amount produced/need, avg price, sd, consumption_rate, avg def comm, char
 year: 27
0.387918, 0.131154, 0.021247, 2.978407, 7.490000, A
1.044679, 0.100745, 0.020734, 1.912332, 7.490000, B
1.464701, 0.169388, 0.023320, 2.021896, 7.490000, C
1.168551, 0.141475, 0.022448, 2.585320, 7.490000, D
1.127113, 0.161563, 0.025429, 2.509260, 7.490000, E
0.671035, 0.174437, 0.019326, 4.986297, 7.490000, F
0.772478, 0.089317, 0.017961, 2.632789, 7.490000, G
0.516535, 0.199764, 0.023685, 4.087576, 7.490000, H
0.637623, 0.197835, 0.026375, 4.042147, 7.490000, I
2.501958, 0.142669, 0.023442, 2.240037, 7.490000, J
amount produced/need, avg price, sd, consumption_rate, avg def comm, char
 year: 28
0.387918, 0.104457, 0.019154, 2.978407, 7.190000, A
1.044679, 0.076064, 0.017397, 1.912332, 7.190000, B
1.464701, 0.156327, 0.018670, 2.021896, 7.190000, C
1.168551, 0.097875, 0.017590, 2.585320, 7.190000, D
1.127113, 0.130426, 0.021780, 2.509260, 7.190000, E
0.671035, 0.217505, 0.027124, 4.986297, 7.190000, F
0.772478, 0.091530, 0.015958, 2.632789, 7.190000, G
0.516535, 0.154003, 0.016408, 4.087576, 7.190000, H
0.637623, 0.154977, 0.017343, 4.042147, 7.190000, I
2.501958, 0.144378, 0.020534, 2.240037, 7.190000, J
amount produced/need, avg price, sd, consumption_rate, avg def comm, char
 year: 29
0.387918, 0.089267, 0.014498, 2.978407, 6.960000, A
1.044679, 0.057664, 0.014934, 1.912332, 6.960000, B
1.464701, 0.156071, 0.018610, 2.021896, 6.960000, C
1.168551, 0.068830, 0.013931, 2.585320, 6.960000, D
1.127113, 0.107440, 0.017360, 2.509260, 6.960000, E
0.671035, 0.149218, 0.021959, 4.986297, 6.960000, F
0.772478, 0.117032, 0.016402, 2.632789, 6.960000, G
0.516535, 0.122085, 0.013892, 4.087576, 6.960000, H
0.637623, 0.123194, 0.016027, 4.042147, 6.960000, I
2.501958, 0.196572, 0.030543, 2.240037, 6.960000, J
amount produced/need, avg price, sd, consumption_rate, avg def comm, char
 year: 30
0.387918, 0.104595, 0.016573, 2.978407, 6.910000, A
1.044679, 0.043196, 0.012203, 1.912332, 6.910000, B
1.464701, 0.136884, 0.016639, 2.021896, 6.910000, C
1.168551, 0.048199, 0.010406, 2.585320, 6.910000, D
1.127113, 0.094565, 0.013391, 2.509260, 6.910000, E
0.671035, 0.103423, 0.016562, 4.986297, 6.910000, F
0.772478, 0.174430, 0.025802, 2.632789, 6.910000, G
0.516535, 0.118898, 0.013186, 4.087576, 6.910000, H
0.637623, 0.106556, 0.014446, 4.042147, 6.910000, I
2.501958, 0.135207, 0.020257, 2.240037, 6.910000, J
amount produced/need, avg price, sd, consumption_rate, avg def comm, char
 year: 31
0.387918, 0.156025, 0.026399, 2.978407, 6.560000, A
1.044679, 0.033281, 0.009695, 1.912332, 6.560000, B
1.464701, 0.115266, 0.012604, 2.021896, 6.560000, C
1.168551, 0.034594, 0.008187, 2.585320, 6.560000, D
1.127113, 0.103838, 0.014503, 2.509260, 6.560000, E
0.671035, 0.074761, 0.013783, 4.986297, 6.560000, F
0.772478, 0.122508, 0.016763, 2.632789, 6.560000, G
0.516535, 0.169193, 0.020808, 4.087576, 6.560000, H
0.637623, 0.138576, 0.019785, 4.042147, 6.560000, I
2.501958, 0.093158, 0.013381, 2.240037, 6.560000, J
amount produced/need, avg price, sd, consumption_rate, avg def comm, char
 year: 32
0.387918, 0.127769, 0.017912, 2.978407, 6.340000, A
1.044679, 0.026287, 0.007486, 1.912332, 6.340000, B
1.464701, 0.099481, 0.010867, 2.021896, 6.340000, C
1.168551, 0.025152, 0.006596, 2.585320, 6.340000, D
1.127113, 0.146448, 0.022255, 2.509260, 6.340000, E
0.671035, 0.055507, 0.011828, 4.986297, 6.340000, F
0.772478, 0.086233, 0.012044, 2.632789, 6.340000, G
0.516535, 0.124649, 0.013603, 4.087576, 6.340000, H
0.637623, 0.155651, 0.020364, 4.042147, 6.340000, I
2.501958, 0.065246, 0.009989, 2.240037, 6.340000, J
amount produced/need, avg price, sd, consumption_rate, avg def comm, char
 year: 33
0.387918, 0.104255, 0.012248, 2.978407, 6.300000, A
1.044679, 0.021362, 0.005758, 1.912332, 6.300000, B
1.464701, 0.104959, 0.014357, 2.021896, 6.300000, C
1.168551, 0.018757, 0.005375, 2.585320, 6.300000, D
1.127113, 0.111774, 0.015084, 2.509260, 6.300000, E
0.671035, 0.046392, 0.009284, 4.986297, 6.300000, F
0.772478, 0.061325, 0.009990, 2.632789, 6.300000, G
0.516535, 0.093463, 0.012112, 4.087576, 6.300000, H
0.637623, 0.119640, 0.011420, 4.042147, 6.300000, I
2.501958, 0.045673, 0.008018, 2.240037, 6.300000, J
amount produced/need, avg price, sd, consumption_rate, avg def comm, char
 year: 34
0.387918, 0.088724, 0.009579, 2.978407, 6.470000, A
1.044679, 0.018375, 0.004511, 1.912332, 6.470000, B
1.464701, 0.090104, 0.010184, 2.021896, 6.470000, C
1.168551, 0.014276, 0.004225, 2.585320, 6.470000, D
1.127113, 0.085019, 0.010577, 2.509260, 6.470000, E
0.671035, 0.061482, 0.011069, 4.986297, 6.470000, F
0.772478, 0.044673, 0.008350, 2.632789, 6.470000, G
0.516535, 0.073513, 0.010781, 4.087576, 6.470000, H
0.637623, 0.085351, 0.008673, 4.042147, 6.470000, I
2.501958, 0.032400, 0.006416, 2.240037, 6.470000, J
amount produced/need, avg price, sd, consumption_rate, avg def comm, char
 year: 35
0.387918, 0.071182, 0.007293, 2.978407, 6.400000, A
1.044679, 0.016673, 0.003626, 1.912332, 6.400000, B
1.464701, 0.069480, 0.008009, 2.021896, 6.400000, C
1.168551, 0.011179, 0.003189, 2.585320, 6.400000, D
1.127113, 0.062877, 0.007744, 2.509260, 6.400000, E
0.671035, 0.091678, 0.017122, 4.986297, 6.400000, F
0.772478, 0.033223, 0.007192, 2.632789, 6.400000, G
0.516535, 0.066724, 0.008888, 4.087576, 6.400000, H
0.637623, 0.061185, 0.007602, 4.042147, 6.400000, I
2.501958, 0.023285, 0.005200, 2.240037, 6.400000, J
amount produced/need, avg price, sd, consumption_rate, avg def comm, char
 year: 36
0.387918, 0.057392, 0.006805, 2.978407, 6.250000, A
1.044679, 0.017139, 0.003028, 1.912332, 6.250000, B
1.464701, 0.053952, 0.007140, 2.021896, 6.250000, C
1.168551, 0.008947, 0.002521, 2.585320, 6.250000, D
1.127113, 0.046940, 0.007165, 2.509260, 6.250000, E
0.671035, 0.064564, 0.012110, 4.986297, 6.250000, F
0.772478, 0.025057, 0.006154, 2.632789, 6.250000, G
0.516535, 0.082618, 0.012362, 4.087576, 6.250000, H
0.637623, 0.044726, 0.007377, 4.042147, 6.250000, I
2.501958, 0.017059, 0.004436, 2.240037, 6.250000, J
amount produced/need, avg price, sd, consumption_rate, avg def comm, char
 year: 37
0.387918, 0.049020, 0.006209, 2.978407, 6.180000, A
1.044679, 0.021003, 0.003973, 1.912332, 6.180000, B
1.464701, 0.041704, 0.006360, 2.021896, 6.180000, C
1.168551, 0.007581, 0.001937, 2.585320, 6.180000, D
1.127113, 0.036139, 0.006426, 2.509260, 6.180000, E
0.671035, 0.046518, 0.008953, 4.986297, 6.180000, F
0.772478, 0.019652, 0.004776, 2.632789, 6.180000, G
0.516535, 0.057954, 0.008778, 4.087576, 6.180000, H
0.637623, 0.033316, 0.006188, 4.042147, 6.180000, I
2.501958, 0.012715, 0.003517, 2.240037, 6.180000, J
amount produced/need, avg price, sd, consumption_rate, avg def comm, char
 year: 38
0.387918, 0.040327, 0.005502, 2.978407, 6.850000, A
1.044679, 0.025804, 0.004421, 1.912332, 6.850000, B
1.464701, 0.032253, 0.005531, 2.021896, 6.850000, C
1.168551, 0.007133, 0.001396, 2.585320, 6.850000, D
1.127113, 0.028708, 0.005362, 2.509260, 6.850000, E
0.671035, 0.033876, 0.006623, 4.986297, 6.850000, F
0.772478, 0.016866, 0.003802, 2.632789, 6.850000, G
0.516535, 0.040155, 0.006627, 4.087576, 6.850000, H
0.637623, 0.026054, 0.005096, 4.042147, 6.850000, I
2.501958, 0.009890, 0.002750, 2.240037, 6.850000, J
amount produced/need, avg price, sd, consumption_rate, avg def comm, char
 year: 39
0.387918, 0.029374, 0.004301, 2.978407, 7.240000, A
1.044679, 0.034111, 0.004973, 1.912332, 7.240000, B
1.464701, 0.024885, 0.004599, 2.021896, 7.240000, C
1.168551, 0.008938, 0.001676, 2.585320, 7.240000, D
1.127113, 0.023646, 0.004309, 2.509260, 7.240000, E
0.671035, 0.026163, 0.005145, 4.986297, 7.240000, F
0.772478, 0.016778, 0.002886, 2.632789, 7.240000, G
0.516535, 0.027809, 0.005135, 4.087576, 7.240000, H
0.637623, 0.021588, 0.003877, 4.042147, 7.240000, I
2.501958, 0.007914, 0.002097, 2.240037, 7.240000, J
amount produced/need, avg price, sd, consumption_rate, avg def comm, char
 year: 40
0.387918, 0.021161, 0.003243, 2.978407, 7.250000, A
1.044679, 0.024821, 0.003123, 1.912332, 7.250000, B
1.464701, 0.019077, 0.003786, 2.021896, 7.250000, C
1.168551, 0.013323, 0.002583, 2.585320, 7.250000, D
1.127113, 0.021275, 0.004016, 2.509260, 7.250000, E
0.671035, 0.022559, 0.003751, 4.986297, 7.250000, F
0.772478, 0.022787, 0.003932, 2.632789, 7.250000, G
0.516535, 0.019360, 0.004008, 4.087576, 7.250000, H
0.637623, 0.021833, 0.003350, 4.042147, 7.250000, I
2.501958, 0.007118, 0.001551, 2.240037, 7.250000, J
amount produced/need, avg price, sd, consumption_rate, avg def comm, char
 year: 41
0.387918, 0.015236, 0.002456, 2.978407, 7.120000, A
1.044679, 0.018038, 0.002521, 1.912332, 7.120000, B
1.464701, 0.015080, 0.002992, 2.021896, 7.120000, C
1.168551, 0.019882, 0.004109, 2.585320, 7.120000, D
1.127113, 0.018749, 0.002757, 2.509260, 7.120000, E
0.671035, 0.020743, 0.002570, 4.986297, 7.120000, F
0.772478, 0.019305, 0.002470, 2.632789, 7.120000, G
0.516535, 0.013534, 0.003170, 4.087576, 7.120000, H
0.637623, 0.019983, 0.002118, 4.042147, 7.120000, I
2.501958, 0.007889, 0.001383, 2.240037, 7.120000, J
amount produced/need, avg price, sd, consumption_rate, avg def comm, char
 year: 42
0.387918, 0.011289, 0.002082, 2.978407, 7.020000, A
1.044679, 0.013096, 0.002129, 1.912332, 7.020000, B
1.464701, 0.012436, 0.002408, 2.021896, 7.020000, C
1.168551, 0.016664, 0.002193, 2.585320, 7.020000, D
1.127113, 0.016735, 0.002171, 2.509260, 7.020000, E
0.671035, 0.016565, 0.001973, 4.986297, 7.020000, F
0.772478, 0.016536, 0.002161, 2.632789, 7.020000, G
0.516535, 0.009539, 0.002484, 4.087576, 7.020000, H
0.637623, 0.017232, 0.001834, 4.042147, 7.020000, I
2.501958, 0.011345, 0.001815, 2.240037, 7.020000, J
amount produced/need, avg price, sd, consumption_rate, avg def comm, char
 year: 43
0.387918, 0.008457, 0.001710, 2.978407, 7.030000, A
1.044679, 0.009513, 0.001832, 1.912332, 7.030000, B
1.464701, 0.010861, 0.002008, 2.021896, 7.030000, C
1.168551, 0.013342, 0.001587, 2.585320, 7.030000, D
1.127113, 0.013561, 0.001625, 2.509260, 7.030000, E
0.671035, 0.013520, 0.001622, 4.986297, 7.030000, F
0.772478, 0.013611, 0.001859, 2.632789, 7.030000, G
0.516535, 0.006790, 0.001877, 4.087576, 7.030000, H
0.637623, 0.013528, 0.001498, 4.042147, 7.030000, I
2.501958, 0.016922, 0.002906, 2.240037, 7.030000, J
amount produced/need, avg price, sd, consumption_rate, avg def comm, char
 year: 44
0.387918, 0.006570, 0.001448, 2.978407, 6.860000, A
1.044679, 0.006966, 0.001564, 1.912332, 6.860000, B
1.464701, 0.010636, 0.001992, 2.021896, 6.860000, C
1.168551, 0.011239, 0.001243, 2.585320, 6.860000, D
1.127113, 0.010959, 0.001413, 2.509260, 6.860000, E
0.671035, 0.011688, 0.001466, 4.986297, 6.860000, F
0.772478, 0.011433, 0.001513, 2.632789, 6.860000, G
0.516535, 0.005087, 0.001537, 4.087576, 6.860000, H
0.637623, 0.011115, 0.001287, 4.042147, 6.860000, I
2.501958, 0.011944, 0.001778, 2.240037, 6.860000, J
amount produced/need, avg price, sd, consumption_rate, avg def comm, char
 year: 45
0.387918, 0.005125, 0.001194, 2.978407, 6.900000, A
1.044679, 0.005109, 0.001323, 1.912332, 6.900000, B
1.464701, 0.008961, 0.001331, 2.021896, 6.900000, C
1.168551, 0.009377, 0.001110, 2.585320, 6.900000, D
1.127113, 0.008947, 0.001159, 2.509260, 6.900000, E
0.671035, 0.009709, 0.001336, 4.986297, 6.900000, F
0.772478, 0.009783, 0.001331, 2.632789, 6.900000, G
0.516535, 0.003894, 0.001183, 4.087576, 6.900000, H
0.637623, 0.009466, 0.001182, 4.042147, 6.900000, I
2.501958, 0.008466, 0.001320, 2.240037, 6.900000, J
amount produced/need, avg price, sd, consumption_rate, avg def comm, char
 year: 46
0.387918, 0.004218, 0.000960, 2.978407, 6.810000, A
1.044679, 0.003844, 0.001097, 1.912332, 6.810000, B
1.464701, 0.007646, 0.000926, 2.021896, 6.810000, C
1.168551, 0.007673, 0.000988, 2.585320, 6.810000, D
1.127113, 0.007301, 0.000987, 2.509260, 6.810000, E
0.671035, 0.007636, 0.000983, 4.986297, 6.810000, F
0.772478, 0.007909, 0.001027, 2.632789, 6.810000, G
0.516535, 0.003172, 0.000918, 4.087576, 6.810000, H
0.637623, 0.007836, 0.000929, 4.042147, 6.810000, I
2.501958, 0.006090, 0.001057, 2.240037, 6.810000, J
amount produced/need, avg price, sd, consumption_rate, avg def comm, char
 year: 47
0.387918, 0.003751, 0.000695, 2.978407, 6.870000, A
1.044679, 0.002906, 0.000861, 1.912332, 6.870000, B
1.464701, 0.006130, 0.000760, 2.021896, 6.870000, C
1.168551, 0.005883, 0.000792, 2.585320, 6.870000, D
1.127113, 0.005927, 0.000869, 2.509260, 6.870000, E
0.671035, 0.006049, 0.000762, 4.986297, 6.870000, F
0.772478, 0.006077, 0.000786, 2.632789, 6.870000, G
0.516535, 0.002684, 0.000644, 4.087576, 6.870000, H
0.637623, 0.006159, 0.000767, 4.042147, 6.870000, I
2.501958, 0.004391, 0.000861, 2.240037, 6.870000, J
amount produced/need, avg price, sd, consumption_rate, avg def comm, char
 year: 48
0.387918, 0.004235, 0.000719, 2.978407, 6.860000, A
1.044679, 0.002306, 0.000680, 1.912332, 6.860000, B
1.464701, 0.004678, 0.000659, 2.021896, 6.860000, C
1.168551, 0.004524, 0.000697, 2.585320, 6.860000, D
1.127113, 0.004768, 0.000673, 2.509260, 6.860000, E
0.671035, 0.004922, 0.000624, 4.986297, 6.860000, F
0.772478, 0.004603, 0.000601, 2.632789, 6.860000, G
0.516535, 0.002497, 0.000441, 4.087576, 6.860000, H
0.637623, 0.004849, 0.000610, 4.042147, 6.860000, I
2.501958, 0.003189, 0.000690, 2.240037, 6.860000, J
amount produced/need, avg price, sd, consumption_rate, avg def comm, char
 year: 49
0.387918, 0.004141, 0.000467, 2.978407, 6.820000, A
1.044679, 0.001859, 0.000545, 1.912332, 6.820000, B
1.464701, 0.003631, 0.000536, 2.021896, 6.820000, C
1.168551, 0.003458, 0.000599, 2.585320, 6.820000, D
1.127113, 0.003699, 0.000535, 2.509260, 6.820000, E
0.671035, 0.003911, 0.000505, 4.986297, 6.820000, F
0.772478, 0.003466, 0.000537, 2.632789, 6.820000, G
0.516535, 0.002845, 0.000449, 4.087576, 6.820000, H
0.637623, 0.003689, 0.000513, 4.042147, 6.820000, I
2.501958, 0.002331, 0.000553, 2.240037, 6.820000, J
amount produced/need, avg price, sd, consumption_rate, avg def comm, char
 year: 50
0.387918, 0.003152, 0.000336, 2.978407, 6.700000, A
1.044679, 0.001524, 0.000447, 1.912332, 6.700000, B
1.464701, 0.002740, 0.000408, 2.021896, 6.700000, C
1.168551, 0.002702, 0.000525, 2.585320, 6.700000, D
1.127113, 0.002965, 0.000439, 2.509260, 6.700000, E
0.671035, 0.003088, 0.000383, 4.986297, 6.700000, F
0.772478, 0.002713, 0.000499, 2.632789, 6.700000, G
0.516535, 0.003642, 0.000633, 4.087576, 6.700000, H
0.637623, 0.002928, 0.000447, 4.042147, 6.700000, I
2.501958, 0.001757, 0.000446, 2.240037, 6.700000, J
amount produced/need, avg price, sd, consumption_rate, avg def comm, char
 year: 51
0.387918, 0.002310, 0.000267, 2.978407, 6.690000, A
1.044679, 0.001268, 0.000336, 1.912332, 6.690000, B
1.464701, 0.002123, 0.000349, 2.021896, 6.690000, C
1.168551, 0.002180, 0.000433, 2.585320, 6.690000, D
1.127113, 0.002397, 0.000339, 2.509260, 6.690000, E
0.671035, 0.002583, 0.000341, 4.986297, 6.690000, F
0.772478, 0.002098, 0.000395, 2.632789, 6.690000, G
0.516535, 0.002645, 0.000393, 4.087576, 6.690000, H
0.637623, 0.002444, 0.000388, 4.042147, 6.690000, I
2.501958, 0.001356, 0.000372, 2.240037, 6.690000, J
amount produced/need, avg price, sd, consumption_rate, avg def comm, char
 year: 52
0.387918, 0.001732, 0.000263, 2.978407, 6.930000, A
1.044679, 0.001092, 0.000272, 1.912332, 6.930000, B
1.464701, 0.001668, 0.000315, 2.021896, 6.930000, C
1.168551, 0.001779, 0.000364, 2.585320, 6.930000, D
1.127113, 0.001953, 0.000290, 2.509260, 6.930000, E
0.671035, 0.002092, 0.000283, 4.986297, 6.930000, F
0.772478, 0.001682, 0.000349, 2.632789, 6.930000, G
0.516535, 0.001893, 0.000268, 4.087576, 6.930000, H
0.637623, 0.002102, 0.000317, 4.042147, 6.930000, I
2.501958, 0.001064, 0.000304, 2.240037, 6.930000, J
amount produced/need, avg price, sd, consumption_rate, avg def comm, char
 year: 53
0.387918, 0.001348, 0.000239, 2.978407, 7.050000, A
1.044679, 0.000963, 0.000219, 1.912332, 7.050000, B
1.464701, 0.001358, 0.000252, 2.021896, 7.050000, C
1.168551, 0.001510, 0.000259, 2.585320, 7.050000, D
1.127113, 0.001549, 0.000237, 2.509260, 7.050000, E
0.671035, 0.001682, 0.000232, 4.986297, 7.050000, F
0.772478, 0.001370, 0.000280, 2.632789, 7.050000, G
0.516535, 0.001385, 0.000215, 4.087576, 7.050000, H
0.637623, 0.001591, 0.000249, 4.042147, 7.050000, I
2.501958, 0.000877, 0.000236, 2.240037, 7.050000, J
amount produced/need, avg price, sd, consumption_rate, avg def comm, char
 year: 54
0.387918, 0.001052, 0.000200, 2.978407, 7.230000, A
1.044679, 0.000866, 0.000175, 1.912332, 7.230000, B
1.464701, 0.001089, 0.000205, 2.021896, 7.230000, C
1.168551, 0.001252, 0.000177, 2.585320, 7.230000, D
1.127113, 0.001193, 0.000184, 2.509260, 7.230000, E
0.671035, 0.001257, 0.000180, 4.986297, 7.230000, F
0.772478, 0.001212, 0.000219, 2.632789, 7.230000, G
0.516535, 0.001019, 0.000183, 4.087576, 7.230000, H
0.637623, 0.001200, 0.000196, 4.042147, 7.230000, I
2.501958, 0.000749, 0.000175, 2.240037, 7.230000, J
amount produced/need, avg price, sd, consumption_rate, avg def comm, char
 year: 55
0.387918, 0.000869, 0.000149, 2.978407, 7.250000, A
1.044679, 0.000815, 0.000131, 1.912332, 7.250000, B
1.464701, 0.000885, 0.000167, 2.021896, 7.250000, C
1.168551, 0.000984, 0.000137, 2.585320, 7.250000, D
1.127113, 0.000920, 0.000152, 2.509260, 7.250000, E
0.671035, 0.000938, 0.000155, 4.986297, 7.250000, F
0.772478, 0.000973, 0.000151, 2.632789, 7.250000, G
0.516535, 0.000771, 0.000158, 4.087576, 7.250000, H
0.637623, 0.000921, 0.000158, 4.042147, 7.250000, I
2.501958, 0.000690, 0.000119, 2.240037, 7.250000, J
amount produced/need, avg price, sd, consumption_rate, avg def comm, char
 year: 56
0.387918, 0.000775, 0.000123, 2.978407, 7.440000, A
1.044679, 0.000874, 0.000146, 1.912332, 7.440000, B
1.464701, 0.000703, 0.000137, 2.021896, 7.440000, C
1.168551, 0.000748, 0.000117, 2.585320, 7.440000, D
1.127113, 0.000716, 0.000127, 2.509260, 7.440000, E
0.671035, 0.000713, 0.000137, 4.986297, 7.440000, F
0.772478, 0.000744, 0.000109, 2.632789, 7.440000, G
0.516535, 0.000624, 0.000132, 4.087576, 7.440000, H
0.637623, 0.000723, 0.000125, 4.042147, 7.440000, I
2.501958, 0.000805, 0.000137, 2.240037, 7.440000, J
amount produced/need, avg price, sd, consumption_rate, avg def comm, char
 year: 57
0.387918, 0.000664, 0.000093, 2.978407, 7.320000, A
1.044679, 0.000661, 0.000096, 1.912332, 7.320000, B
1.464701, 0.000573, 0.000110, 2.021896, 7.320000, C
1.168551, 0.000572, 0.000095, 2.585320, 7.320000, D
1.127113, 0.000576, 0.000111, 2.509260, 7.320000, E
0.671035, 0.000574, 0.000118, 4.986297, 7.320000, F
0.772478, 0.000579, 0.000095, 2.632789, 7.320000, G
0.516535, 0.000545, 0.000101, 4.087576, 7.320000, H
0.637623, 0.000599, 0.000101, 4.042147, 7.320000, I
2.501958, 0.000661, 0.000092, 2.240037, 7.320000, J
amount produced/need, avg price, sd, consumption_rate, avg def comm, char
 year: 58
0.387918, 0.000535, 0.000072, 2.978407, 7.510000, A
1.044679, 0.000492, 0.000068, 1.912332, 7.510000, B
1.464701, 0.000482, 0.000088, 2.021896, 7.510000, C
1.168551, 0.000449, 0.000082, 2.585320, 7.510000, D
1.127113, 0.000468, 0.000089, 2.509260, 7.510000, E
0.671035, 0.000522, 0.000098, 4.986297, 7.510000, F
0.772478, 0.000448, 0.000081, 2.632789, 7.510000, G
0.516535, 0.000560, 0.000109, 4.087576, 7.510000, H
0.637623, 0.000530, 0.000082, 4.042147, 7.510000, I
2.501958, 0.000520, 0.000066, 2.240037, 7.510000, J
amount produced/need, avg price, sd, consumption_rate, avg def comm, char
 year: 59
0.387918, 0.000419, 0.000061, 2.978407, 7.390000, A
1.044679, 0.000370, 0.000056, 1.912332, 7.390000, B
1.464701, 0.000410, 0.000068, 2.021896, 7.390000, C
1.168551, 0.000360, 0.000069, 2.585320, 7.390000, D
1.127113, 0.000389, 0.000072, 2.509260, 7.390000, E
0.671035, 0.000489, 0.000061, 4.986297, 7.390000, F
0.772478, 0.000365, 0.000066, 2.632789, 7.390000, G
0.516535, 0.000454, 0.000076, 4.087576, 7.390000, H
0.637623, 0.000450, 0.000063, 4.042147, 7.390000, I
2.501958, 0.000403, 0.000055, 2.240037, 7.390000, J
amount produced/need, avg price, sd, consumption_rate, avg def comm, char
 year: 60
0.387918, 0.000331, 0.000054, 2.978407, 7.430000, A
1.044679, 0.000282, 0.000050, 1.912332, 7.430000, B
1.464701, 0.000366, 0.000054, 2.021896, 7.430000, C
1.168551, 0.000306, 0.000052, 2.585320, 7.430000, D
1.127113, 0.000356, 0.000068, 2.509260, 7.430000, E
0.671035, 0.000360, 0.000047, 4.986297, 7.430000, F
0.772478, 0.000317, 0.000051, 2.632789, 7.430000, G
0.516535, 0.000361, 0.000059, 4.087576, 7.430000, H
0.637623, 0.000390, 0.000048, 4.042147, 7.430000, I
2.501958, 0.000313, 0.000050, 2.240037, 7.430000, J
amount produced/need, avg price, sd, consumption_rate, avg def comm, char
 year: 61
0.387918, 0.000271, 0.000046, 2.978407, 7.480000, A
1.044679, 0.000217, 0.000043, 1.912332, 7.480000, B
1.464701, 0.000306, 0.000043, 2.021896, 7.480000, C
1.168551, 0.000290, 0.000044, 2.585320, 7.480000, D
1.127113, 0.000300, 0.000047, 2.509260, 7.480000, E
0.671035, 0.000270, 0.000041, 4.986297, 7.480000, F
0.772478, 0.000317, 0.000051, 2.632789, 7.480000, G
0.516535, 0.000294, 0.000049, 4.087576, 7.480000, H
0.637623, 0.000296, 0.000041, 4.042147, 7.480000, I
2.501958, 0.000251, 0.000044, 2.240037, 7.480000, J
amount produced/need, avg price, sd, consumption_rate, avg def comm, char
 year: 62
0.387918, 0.000245, 0.000036, 2.978407, 7.470000, A
1.044679, 0.000169, 0.000035, 1.912332, 7.470000, B
1.464701, 0.000233, 0.000032, 2.021896, 7.470000, C
1.168551, 0.000247, 0.000029, 2.585320, 7.470000, D
1.127113, 0.000246, 0.000037, 2.509260, 7.470000, E
0.671035, 0.000211, 0.000032, 4.986297, 7.470000, F
0.772478, 0.000253, 0.000034, 2.632789, 7.470000, G
0.516535, 0.000251, 0.000039, 4.087576, 7.470000, H
0.637623, 0.000223, 0.000032, 4.042147, 7.470000, I
2.501958, 0.000202, 0.000036, 2.240037, 7.470000, J
amount produced/need, avg price, sd, consumption_rate, avg def comm, char
 year: 63
0.387918, 0.000205, 0.000025, 2.978407, 7.540000, A
1.044679, 0.000131, 0.000029, 1.912332, 7.540000, B
1.464701, 0.000183, 0.000027, 2.021896, 7.540000, C
1.168551, 0.000201, 0.000023, 2.585320, 7.540000, D
1.127113, 0.000196, 0.000027, 2.509260, 7.540000, E
0.671035, 0.000198, 0.000028, 4.986297, 7.540000, F
0.772478, 0.000195, 0.000027, 2.632789, 7.540000, G
0.516535, 0.000210, 0.000031, 4.087576, 7.540000, H
0.637623, 0.000176, 0.000028, 4.042147, 7.540000, I
2.501958, 0.000172, 0.000028, 2.240037, 7.540000, J
amount produced/need, avg price, sd, consumption_rate, avg def comm, char
 year: 64
0.387918, 0.000162, 0.000019, 2.978407, 7.510000, A
1.044679, 0.000105, 0.000024, 1.912332, 7.510000, B
1.464701, 0.000145, 0.000023, 2.021896, 7.510000, C
1.168551, 0.000162, 0.000022, 2.585320, 7.510000, D
1.127113, 0.000153, 0.000021, 2.509260, 7.510000, E
0.671035, 0.000188, 0.000022, 4.986297, 7.510000, F
0.772478, 0.000151, 0.000022, 2.632789, 7.510000, G
0.516535, 0.000164, 0.000025, 4.087576, 7.510000, H
0.637623, 0.000147, 0.000022, 4.042147, 7.510000, I
2.501958, 0.000159, 0.000026, 2.240037, 7.510000, J
amount produced/need, avg price, sd, consumption_rate, avg def comm, char
 year: 65
0.387918, 0.000128, 0.000016, 2.978407, 7.440000, A
1.044679, 0.000086, 0.000019, 1.912332, 7.440000, B
1.464701, 0.000116, 0.000021, 2.021896, 7.440000, C
1.168551, 0.000130, 0.000018, 2.585320, 7.440000, D
1.127113, 0.000123, 0.000016, 2.509260, 7.440000, E
0.671035, 0.000139, 0.000017, 4.986297, 7.440000, F
0.772478, 0.000119, 0.000018, 2.632789, 7.440000, G
0.516535, 0.000128, 0.000020, 4.087576, 7.440000, H
0.637623, 0.000181, 0.000029, 4.042147, 7.440000, I
2.501958, 0.000144, 0.000019, 2.240037, 7.440000, J
amount produced/need, avg price, sd, consumption_rate, avg def comm, char
 year: 66
0.387918, 0.000107, 0.000014, 2.978407, 7.460000, A
1.044679, 0.000074, 0.000015, 1.912332, 7.460000, B
1.464701, 0.000096, 0.000017, 2.021896, 7.460000, C
1.168551, 0.000108, 0.000016, 2.585320, 7.460000, D
1.127113, 0.000108, 0.000016, 2.509260, 7.460000, E
0.671035, 0.000103, 0.000015, 4.986297, 7.460000, F
0.772478, 0.000098, 0.000016, 2.632789, 7.460000, G
0.516535, 0.000112, 0.000015, 4.087576, 7.460000, H
0.637623, 0.000125, 0.000020, 4.042147, 7.460000, I
2.501958, 0.000129, 0.000017, 2.240037, 7.460000, J
amount produced/need, avg price, sd, consumption_rate, avg def comm, char
 year: 67
0.387918, 0.000095, 0.000012, 2.978407, 7.760000, A
1.044679, 0.000064, 0.000012, 1.912332, 7.760000, B
1.464701, 0.000085, 0.000014, 2.021896, 7.760000, C
1.168551, 0.000091, 0.000013, 2.585320, 7.760000, D
1.127113, 0.000113, 0.000016, 2.509260, 7.760000, E
0.671035, 0.000080, 0.000013, 4.986297, 7.760000, F
0.772478, 0.000083, 0.000014, 2.632789, 7.760000, G
0.516535, 0.000112, 0.000013, 4.087576, 7.760000, H
0.637623, 0.000088, 0.000015, 4.042147, 7.760000, I
2.501958, 0.000097, 0.000012, 2.240037, 7.760000, J
amount produced/need, avg price, sd, consumption_rate, avg def comm, char
 year: 68
0.387918, 0.000086, 0.000011, 2.978407, 7.630000, A
1.044679, 0.000060, 0.000010, 1.912332, 7.630000, B
1.464701, 0.000087, 0.000015, 2.021896, 7.630000, C
1.168551, 0.000089, 0.000011, 2.585320, 7.630000, D
1.127113, 0.000084, 0.000012, 2.509260, 7.630000, E
0.671035, 0.000075, 0.000011, 4.986297, 7.630000, F
0.772478, 0.000077, 0.000013, 2.632789, 7.630000, G
0.516535, 0.000090, 0.000010, 4.087576, 7.630000, H
0.637623, 0.000062, 0.000012, 4.042147, 7.630000, I
2.501958, 0.000073, 0.000011, 2.240037, 7.630000, J
amount produced/need, avg price, sd, consumption_rate, avg def comm, char
 year: 69
0.387918, 0.000074, 0.000009, 2.978407, 7.480000, A
1.044679, 0.000067, 0.000010, 1.912332, 7.480000, B
1.464701, 0.000076, 0.000010, 2.021896, 7.480000, C
1.168551, 0.000076, 0.000011, 2.585320, 7.480000, D
1.127113, 0.000063, 0.000009, 2.509260, 7.480000, E
0.671035, 0.000103, 0.000015, 4.986297, 7.480000, F
0.772478, 0.000074, 0.000010, 2.632789, 7.480000, G
0.516535, 0.000069, 0.000009, 4.087576, 7.480000, H
0.637623, 0.000045, 0.000010, 4.042147, 7.480000, I
2.501958, 0.000056, 0.000010, 2.240037, 7.480000, J
amount produced/need, avg price, sd, consumption_rate, avg def comm, char
 year: 70
0.387918, 0.000072, 0.000010, 2.978407, 7.230000, A
1.044679, 0.000077, 0.000012, 1.912332, 7.230000, B
1.464701, 0.000066, 0.000008, 2.021896, 7.230000, C
1.168551, 0.000064, 0.000008, 2.585320, 7.230000, D
1.127113, 0.000048, 0.000008, 2.509260, 7.230000, E
0.671035, 0.000071, 0.000010, 4.986297, 7.230000, F
0.772478, 0.000074, 0.000009, 2.632789, 7.230000, G
0.516535, 0.000053, 0.000008, 4.087576, 7.230000, H
0.637623, 0.000033, 0.000008, 4.042147, 7.230000, I
2.501958, 0.000043, 0.000008, 2.240037, 7.230000, J
amount produced/need, avg price, sd, consumption_rate, avg def comm, char
 year: 71
0.387918, 0.000063, 0.000008, 2.978407, 7.390000, A
1.044679, 0.000059, 0.000008, 1.912332, 7.390000, B
1.464701, 0.000062, 0.000008, 2.021896, 7.390000, C
1.168551, 0.000056, 0.000007, 2.585320, 7.390000, D
1.127113, 0.000038, 0.000007, 2.509260, 7.390000, E
0.671035, 0.000050, 0.000008, 4.986297, 7.390000, F
0.772478, 0.000063, 0.000006, 2.632789, 7.390000, G
0.516535, 0.000045, 0.000008, 4.087576, 7.390000, H
0.637623, 0.000026, 0.000007, 4.042147, 7.390000, I
2.501958, 0.000035, 0.000007, 2.240037, 7.390000, J
amount produced/need, avg price, sd, consumption_rate, avg def comm, char
 year: 72
0.387918, 0.000048, 0.000006, 2.978407, 7.460000, A
1.044679, 0.000045, 0.000006, 1.912332, 7.460000, B
1.464701, 0.000050, 0.000005, 2.021896, 7.460000, C
1.168551, 0.000060, 0.000007, 2.585320, 7.460000, D
1.127113, 0.000030, 0.000006, 2.509260, 7.460000, E
0.671035, 0.000036, 0.000007, 4.986297, 7.460000, F
0.772478, 0.000049, 0.000005, 2.632789, 7.460000, G
0.516535, 0.000055, 0.000009, 4.087576, 7.460000, H
0.637623, 0.000021, 0.000005, 4.042147, 7.460000, I
2.501958, 0.000029, 0.000005, 2.240037, 7.460000, J
amount produced/need, avg price, sd, consumption_rate, avg def comm, char
 year: 73
0.387918, 0.000038, 0.000005, 2.978407, 7.410000, A
1.044679, 0.000035, 0.000006, 1.912332, 7.410000, B
1.464701, 0.000041, 0.000005, 2.021896, 7.410000, C
1.168551, 0.000044, 0.000005, 2.585320, 7.410000, D
1.127113, 0.000025, 0.000005, 2.509260, 7.410000, E
0.671035, 0.000027, 0.000006, 4.986297, 7.410000, F
0.772478, 0.000038, 0.000005, 2.632789, 7.410000, G
0.516535, 0.000046, 0.000006, 4.087576, 7.410000, H
0.637623, 0.000022, 0.000003, 4.042147, 7.410000, I
2.501958, 0.000033, 0.000005, 2.240037, 7.410000, J
amount produced/need, avg price, sd, consumption_rate, avg def comm, char
 year: 74
0.387918, 0.000031, 0.000004, 2.978407, 7.540000, A
1.044679, 0.000028, 0.000005, 1.912332, 7.540000, B
1.464701, 0.000034, 0.000004, 2.021896, 7.540000, C
1.168551, 0.000032, 0.000004, 2.585320, 7.540000, D
1.127113, 0.000025, 0.000004, 2.509260, 7.540000, E
0.671035, 0.000022, 0.000004, 4.986297, 7.540000, F
0.772478, 0.000031, 0.000004, 2.632789, 7.540000, G
0.516535, 0.000034, 0.000004, 4.087576, 7.540000, H
0.637623, 0.000032, 0.000005, 4.042147, 7.540000, I
2.501958, 0.000042, 0.000007, 2.240037, 7.540000, J
amount produced/need, avg price, sd, consumption_rate, avg def comm, char
 year: 75
0.387918, 0.000027, 0.000004, 2.978407, 7.310000, A
1.044679, 0.000022, 0.000004, 1.912332, 7.310000, B
1.464701, 0.000027, 0.000003, 2.021896, 7.310000, C
1.168551, 0.000023, 0.000004, 2.585320, 7.310000, D
1.127113, 0.000033, 0.000005, 2.509260, 7.310000, E
0.671035, 0.000024, 0.000004, 4.986297, 7.310000, F
0.772478, 0.000026, 0.000004, 2.632789, 7.310000, G
0.516535, 0.000025, 0.000003, 4.087576, 7.310000, H
0.637623, 0.000038, 0.000005, 4.042147, 7.310000, I
2.501958, 0.000030, 0.000005, 2.240037, 7.310000, J
amount produced/need, avg price, sd, consumption_rate, avg def comm, char
 year: 76
0.387918, 0.000029, 0.000004, 2.978407, 7.070000, A
1.044679, 0.000017, 0.000004, 1.912332, 7.070000, B
1.464701, 0.000022, 0.000003, 2.021896, 7.070000, C
1.168551, 0.000017, 0.000003, 2.585320, 7.070000, D
1.127113, 0.000028, 0.000004, 2.509260, 7.070000, E
0.671035, 0.000033, 0.000006, 4.986297, 7.070000, F
0.772478, 0.000025, 0.000003, 2.632789, 7.070000, G
0.516535, 0.000020, 0.000003, 4.087576, 7.070000, H
0.637623, 0.000027, 0.000004, 4.042147, 7.070000, I
2.501958, 0.000021, 0.000004, 2.240037, 7.070000, J
amount produced/need, avg price, sd, consumption_rate, avg def comm, char
 year: 77
0.387918, 0.000027, 0.000003, 2.978407, 7.070000, A
1.044679, 0.000015, 0.000003, 1.912332, 7.070000, B
1.464701, 0.000019, 0.000003, 2.021896, 7.070000, C
1.168551, 0.000013, 0.000003, 2.585320, 7.070000, D
1.127113, 0.000023, 0.000003, 2.509260, 7.070000, E
0.671035, 0.000025, 0.000004, 4.986297, 7.070000, F
0.772478, 0.000031, 0.000005, 2.632789, 7.070000, G
0.516535, 0.000017, 0.000003, 4.087576, 7.070000, H
0.637623, 0.000020, 0.000003, 4.042147, 7.070000, I
2.501958, 0.000015, 0.000003, 2.240037, 7.070000, J
amount produced/need, avg price, sd, consumption_rate, avg def comm, char
 year: 78
0.387918, 0.000022, 0.000002, 2.978407, 7.010000, A
1.044679, 0.000014, 0.000002, 1.912332, 7.010000, B
1.464701, 0.000019, 0.000003, 2.021896, 7.010000, C
1.168551, 0.000010, 0.000002, 2.585320, 7.010000, D
1.127113, 0.000020, 0.000003, 2.509260, 7.010000, E
0.671035, 0.000019, 0.000003, 4.986297, 7.010000, F
0.772478, 0.000022, 0.000003, 2.632789, 7.010000, G
0.516535, 0.000018, 0.000003, 4.087576, 7.010000, H
0.637623, 0.000015, 0.000003, 4.042147, 7.010000, I
2.501958, 0.000011, 0.000002, 2.240037, 7.010000, J
amount produced/need, avg price, sd, consumption_rate, avg def comm, char
 year: 79
0.387918, 0.000017, 0.000002, 2.978407, 7.350000, A
1.044679, 0.000016, 0.000002, 1.912332, 7.350000, B
1.464701, 0.000022, 0.000003, 2.021896, 7.350000, C
1.168551, 0.000008, 0.000002, 2.585320, 7.350000, D
1.127113, 0.000017, 0.000002, 2.509260, 7.350000, E
0.671035, 0.000015, 0.000002, 4.986297, 7.350000, F
0.772478, 0.000016, 0.000002, 2.632789, 7.350000, G
0.516535, 0.000022, 0.000003, 4.087576, 7.350000, H
0.637623, 0.000012, 0.000002, 4.042147, 7.350000, I
2.501958, 0.000008, 0.000002, 2.240037, 7.350000, J
amount produced/need, avg price, sd, consumption_rate, avg def comm, char
 year: 80
0.387918, 0.000013, 0.000002, 2.978407, 7.150000, A
1.044679, 0.000021, 0.000003, 1.912332, 7.150000, B
1.464701, 0.000017, 0.000002, 2.021896, 7.150000, C
1.168551, 0.000006, 0.000001, 2.585320, 7.150000, D
1.127113, 0.000016, 0.000002, 2.509260, 7.150000, E
0.671035, 0.000019, 0.000003, 4.986297, 7.150000, F
0.772478, 0.000011, 0.000002, 2.632789, 7.150000, G
0.516535, 0.000017, 0.000002, 4.087576, 7.150000, H
0.637623, 0.000010, 0.000002, 4.042147, 7.150000, I
2.501958, 0.000006, 0.000002, 2.240037, 7.150000, J
amount produced/need, avg price, sd, consumption_rate, avg def comm, char
 year: 81
0.387918, 0.000010, 0.000002, 2.978407, 6.980000, A
1.044679, 0.000015, 0.000002, 1.912332, 6.980000, B
1.464701, 0.000013, 0.000002, 2.021896, 6.980000, C
1.168551, 0.000006, 0.000001, 2.585320, 6.980000, D
1.127113, 0.000019, 0.000003, 2.509260, 6.980000, E
0.671035, 0.000017, 0.000003, 4.986297, 6.980000, F
0.772478, 0.000008, 0.000002, 2.632789, 6.980000, G
0.516535, 0.000013, 0.000002, 4.087576, 6.980000, H
0.637623, 0.000012, 0.000002, 4.042147, 6.980000, I
2.501958, 0.000005, 0.000001, 2.240037, 6.980000, J
amount produced/need, avg price, sd, consumption_rate, avg def comm, char
 year: 82
0.387918, 0.000008, 0.000001, 2.978407, 6.840000, A
1.044679, 0.000011, 0.000002, 1.912332, 6.840000, B
1.464701, 0.000010, 0.000001, 2.021896, 6.840000, C
1.168551, 0.000005, 0.000001, 2.585320, 6.840000, D
1.127113, 0.000013, 0.000002, 2.509260, 6.840000, E
0.671035, 0.000015, 0.000002, 4.986297, 6.840000, F
0.772478, 0.000006, 0.000001, 2.632789, 6.840000, G
0.516535, 0.000010, 0.000002, 4.087576, 6.840000, H
0.637623, 0.000018, 0.000003, 4.042147, 6.840000, I
2.501958, 0.000004, 0.000001, 2.240037, 6.840000, J
amount produced/need, avg price, sd, consumption_rate, avg def comm, char
 year: 83
0.387918, 0.000007, 0.000001, 2.978407, 6.930000, A
1.044679, 0.000008, 0.000001, 1.912332, 6.930000, B
1.464701, 0.000008, 0.000001, 2.021896, 6.930000, C
1.168551, 0.000007, 0.000001, 2.585320, 6.930000, D
1.127113, 0.000010, 0.000001, 2.509260, 6.930000, E
0.671035, 0.000014, 0.000002, 4.986297, 6.930000, F
0.772478, 0.000004, 0.000001, 2.632789, 6.930000, G
0.516535, 0.000010, 0.000001, 4.087576, 6.930000, H
0.637623, 0.000012, 0.000002, 4.042147, 6.930000, I
2.501958, 0.000003, 0.000001, 2.240037, 6.930000, J
amount produced/need, avg price, sd, consumption_rate, avg def comm, char
 year: 84
0.387918, 0.000010, 0.000002, 2.978407, 6.660000, A
1.044679, 0.000006, 0.000001, 1.912332, 6.660000, B
1.464701, 0.000007, 0.000001, 2.021896, 6.660000, C
1.168551, 0.000010, 0.000002, 2.585320, 6.660000, D
1.127113, 0.000007, 0.000001, 2.509260, 6.660000, E
0.671035, 0.000010, 0.000001, 4.986297, 6.660000, F
0.772478, 0.000003, 0.000001, 2.632789, 6.660000, G
0.516535, 0.000014, 0.000002, 4.087576, 6.660000, H
0.637623, 0.000009, 0.000002, 4.042147, 6.660000, I
2.501958, 0.000004, 0.000001, 2.240037, 6.660000, J
amount produced/need, avg price, sd, consumption_rate, avg def comm, char
 year: 85
0.387918, 0.000012, 0.000002, 2.978407, 6.340000, A
1.044679, 0.000005, 0.000001, 1.912332, 6.340000, B
1.464701, 0.000007, 0.000001, 2.021896, 6.340000, C
1.168551, 0.000011, 0.000001, 2.585320, 6.340000, D
1.127113, 0.000005, 0.000001, 2.509260, 6.340000, E
0.671035, 0.000007, 0.000001, 4.986297, 6.340000, F
0.772478, 0.000002, 0.000001, 2.632789, 6.340000, G
0.516535, 0.000010, 0.000002, 4.087576, 6.340000, H
0.637623, 0.000006, 0.000001, 4.042147, 6.340000, I
2.501958, 0.000005, 0.000001, 2.240037, 6.340000, J
amount produced/need, avg price, sd, consumption_rate, avg def comm, char
 year: 86
0.387918, 0.000009, 0.000001, 2.978407, 6.080000, A
1.044679, 0.000003, 0.000001, 1.912332, 6.080000, B
1.464701, 0.000008, 0.000001, 2.021896, 6.080000, C
1.168551, 0.000009, 0.000001, 2.585320, 6.080000, D
1.127113, 0.000004, 0.000001, 2.509260, 6.080000, E
0.671035, 0.000005, 0.000001, 4.986297, 6.080000, F
0.772478, 0.000002, 0.000001, 2.632789, 6.080000, G
0.516535, 0.000007, 0.000001, 4.087576, 6.080000, H
0.637623, 0.000004, 0.000001, 4.042147, 6.080000, I
2.501958, 0.000008, 0.000001, 2.240037, 6.080000, J
amount produced/need, avg price, sd, consumption_rate, avg def comm, char
 year: 87
0.387918, 0.000007, 0.000001, 2.978407, 6.320000, A
1.044679, 0.000003, 0.000001, 1.912332, 6.320000, B
1.464701, 0.000007, 0.000001, 2.021896, 6.320000, C
1.168551, 0.000007, 0.000001, 2.585320, 6.320000, D
1.127113, 0.000003, 0.000001, 2.509260, 6.320000, E
0.671035, 0.000004, 0.000001, 4.986297, 6.320000, F
0.772478, 0.000002, 0.000000, 2.632789, 6.320000, G
0.516535, 0.000005, 0.000001, 4.087576, 6.320000, H
0.637623, 0.000003, 0.000001, 4.042147, 6.320000, I
2.501958, 0.000007, 0.000001, 2.240037, 6.320000, J
amount produced/need, avg price, sd, consumption_rate, avg def comm, char
 year: 88
0.387918, 0.000005, 0.000001, 2.978407, 6.670000, A
1.044679, 0.000002, 0.000001, 1.912332, 6.670000, B
1.464701, 0.000005, 0.000001, 2.021896, 6.670000, C
1.168551, 0.000005, 0.000001, 2.585320, 6.670000, D
1.127113, 0.000003, 0.000001, 2.509260, 6.670000, E
0.671035, 0.000003, 0.000001, 4.986297, 6.670000, F
0.772478, 0.000001, 0.000000, 2.632789, 6.670000, G
0.516535, 0.000004, 0.000001, 4.087576, 6.670000, H
0.637623, 0.000003, 0.000001, 4.042147, 6.670000, I
2.501958, 0.000005, 0.000001, 2.240037, 6.670000, J
amount produced/need, avg price, sd, consumption_rate, avg def comm, char
 year: 89
0.387918, 0.000004, 0.000001, 2.978407, 6.910000, A
1.044679, 0.000002, 0.000000, 1.912332, 6.910000, B
1.464701, 0.000004, 0.000001, 2.021896, 6.910000, C
1.168551, 0.000004, 0.000001, 2.585320, 6.910000, D
1.127113, 0.000003, 0.000000, 2.509260, 6.910000, E
0.671035, 0.000005, 0.000001, 4.986297, 6.910000, F
0.772478, 0.000001, 0.000000, 2.632789, 6.910000, G
0.516535, 0.000003, 0.000001, 4.087576, 6.910000, H
0.637623, 0.000003, 0.000001, 4.042147, 6.910000, I
2.501958, 0.000004, 0.000001, 2.240037, 6.910000, J
amount produced/need, avg price, sd, consumption_rate, avg def comm, char
 year: 90
0.387918, 0.000003, 0.000000, 2.978407, 6.810000, A
1.044679, 0.000001, 0.000000, 1.912332, 6.810000, B
1.464701, 0.000003, 0.000000, 2.021896, 6.810000, C
1.168551, 0.000003, 0.000001, 2.585320, 6.810000, D
1.127113, 0.000003, 0.000001, 2.509260, 6.810000, E
0.671035, 0.000003, 0.000001, 4.986297, 6.810000, F
0.772478, 0.000002, 0.000000, 2.632789, 6.810000, G
0.516535, 0.000002, 0.000000, 4.087576, 6.810000, H
0.637623, 0.000004, 0.000001, 4.042147, 6.810000, I
2.501958, 0.000003, 0.000000, 2.240037, 6.810000, J
amount produced/need, avg price, sd, consumption_rate, avg def comm, char
 year: 91
0.387918, 0.000002, 0.000000, 2.978407, 6.710000, A
1.044679, 0.000001, 0.000000, 1.912332, 6.710000, B
1.464701, 0.000002, 0.000000, 2.021896, 6.710000, C
1.168551, 0.000002, 0.000000, 2.585320, 6.710000, D
1.127113, 0.000003, 0.000000, 2.509260, 6.710000, E
0.671035, 0.000002, 0.000000, 4.986297, 6.710000, F
0.772478, 0.000002, 0.000000, 2.632789, 6.710000, G
0.516535, 0.000003, 0.000000, 4.087576, 6.710000, H
0.637623, 0.000003, 0.000001, 4.042147, 6.710000, I
2.501958, 0.000002, 0.000000, 2.240037, 6.710000, J
amount produced/need, avg price, sd, consumption_rate, avg def comm, char
 year: 92
0.387918, 0.000001, 0.000000, 2.978407, 6.790000, A
1.044679, 0.000002, 0.000000, 1.912332, 6.790000, B
1.464701, 0.000002, 0.000000, 2.021896, 6.790000, C
1.168551, 0.000002, 0.000000, 2.585320, 6.790000, D
1.127113, 0.000002, 0.000000, 2.509260, 6.790000, E
0.671035, 0.000002, 0.000000, 4.986297, 6.790000, F
0.772478, 0.000003, 0.000001, 2.632789, 6.790000, G
0.516535, 0.000002, 0.000000, 4.087576, 6.790000, H
0.637623, 0.000002, 0.000000, 4.042147, 6.790000, I
2.501958, 0.000002, 0.000000, 2.240037, 6.790000, J
amount produced/need, avg price, sd, consumption_rate, avg def comm, char
 year: 93
0.387918, 0.000001, 0.000000, 2.978407, 6.640000, A
1.044679, 0.000002, 0.000000, 1.912332, 6.640000, B
1.464701, 0.000001, 0.000000, 2.021896, 6.640000, C
1.168551, 0.000001, 0.000000, 2.585320, 6.640000, D
1.127113, 0.000002, 0.000000, 2.509260, 6.640000, E
0.671035, 0.000002, 0.000000, 4.986297, 6.640000, F
0.772478, 0.000002, 0.000000, 2.632789, 6.640000, G
0.516535, 0.000003, 0.000000, 4.087576, 6.640000, H
0.637623, 0.000002, 0.000000, 4.042147, 6.640000, I
2.501958, 0.000001, 0.000000, 2.240037, 6.640000, J
amount produced/need, avg price, sd, consumption_rate, avg def comm, char
 year: 94
0.387918, 0.000001, 0.000000, 2.978407, 6.390000, A
1.044679, 0.000002, 0.000000, 1.912332, 6.390000, B
1.464701, 0.000001, 0.000000, 2.021896, 6.390000, C
1.168551, 0.000001, 0.000000, 2.585320, 6.390000, D
1.127113, 0.000001, 0.000000, 2.509260, 6.390000, E
0.671035, 0.000003, 0.000000, 4.986297, 6.390000, F
0.772478, 0.000002, 0.000000, 2.632789, 6.390000, G
0.516535, 0.000002, 0.000000, 4.087576, 6.390000, H
0.637623, 0.000001, 0.000000, 4.042147, 6.390000, I
2.501958, 0.000001, 0.000000, 2.240037, 6.390000, J
amount produced/need, avg price, sd, consumption_rate, avg def comm, char
 year: 95
0.387918, 0.000001, 0.000000, 2.978407, 6.190000, A
1.044679, 0.000002, 0.000000, 1.912332, 6.190000, B
1.464701, 0.000001, 0.000000, 2.021896, 6.190000, C
1.168551, 0.000001, 0.000000, 2.585320, 6.190000, D
1.127113, 0.000001, 0.000000, 2.509260, 6.190000, E
0.671035, 0.000002, 0.000000, 4.986297, 6.190000, F
0.772478, 0.000001, 0.000000, 2.632789, 6.190000, G
0.516535, 0.000001, 0.000000, 4.087576, 6.190000, H
0.637623, 0.000001, 0.000000, 4.042147, 6.190000, I
2.501958, 0.000001, 0.000000, 2.240037, 6.190000, J
amount produced/need, avg price, sd, consumption_rate, avg def comm, char
 year: 96
0.387918, 0.000001, 0.000000, 2.978407, 6.390000, A
1.044679, 0.000001, 0.000000, 1.912332, 6.390000, B
1.464701, 0.000001, 0.000000, 2.021896, 6.390000, C
1.168551, 0.000001, 0.000000, 2.585320, 6.390000, D
1.127113, 0.000001, 0.000000, 2.509260, 6.390000, E
0.671035, 0.000001, 0.000000, 4.986297, 6.390000, F
0.772478, 0.000001, 0.000000, 2.632789, 6.390000, G
0.516535, 0.000001, 0.000000, 4.087576, 6.390000, H
0.637623, 0.000001, 0.000000, 4.042147, 6.390000, I
2.501958, 0.000001, 0.000000, 2.240037, 6.390000, J
amount produced/need, avg price, sd, consumption_rate, avg def comm, char
 year: 97
0.387918, 0.000001, 0.000000, 2.978407, 6.780000, A
1.044679, 0.000001, 0.000000, 1.912332, 6.780000, B
1.464701, 0.000001, 0.000000, 2.021896, 6.780000, C
1.168551, 0.000001, 0.000000, 2.585320, 6.780000, D
1.127113, 0.000001, 0.000000, 2.509260, 6.780000, E
0.671035, 0.000001, 0.000000, 4.986297, 6.780000, F
0.772478, 0.000001, 0.000000, 2.632789, 6.780000, G
0.516535, 0.000001, 0.000000, 4.087576, 6.780000, H
0.637623, 0.000001, 0.000000, 4.042147, 6.780000, I
2.501958, 0.000001, 0.000000, 2.240037, 6.780000, J
amount produced/need, avg price, sd, consumption_rate, avg def comm, char
 year: 98
0.387918, 0.000001, 0.000000, 2.978407, 6.860000, A
1.044679, 0.000001, 0.000000, 1.912332, 6.860000, B
1.464701, 0.000000, 0.000000, 2.021896, 6.860000, C
1.168551, 0.000001, 0.000000, 2.585320, 6.860000, D
1.127113, 0.000001, 0.000000, 2.509260, 6.860000, E
0.671035, 0.000001, 0.000000, 4.986297, 6.860000, F
0.772478, 0.000000, 0.000000, 2.632789, 6.860000, G
0.516535, 0.000001, 0.000000, 4.087576, 6.860000, H
0.637623, 0.000001, 0.000000, 4.042147, 6.860000, I
2.501958, 0.000001, 0.000000, 2.240037, 6.860000, J
amount produced/need, avg price, sd, consumption_rate, avg def comm, char
 year: 99
0.387918, 0.000001, 0.000000, 2.978407, 6.830000, A
1.044679, 0.000000, 0.000000, 1.912332, 6.830000, B
1.464701, 0.000000, 0.000000, 2.021896, 6.830000, C
1.168551, 0.000001, 0.000000, 2.585320, 6.830000, D
1.127113, 0.000001, 0.000000, 2.509260, 6.830000, E
0.671035, 0.000000, 0.000000, 4.986297, 6.830000, F
0.772478, 0.000000, 0.000000, 2.632789, 6.830000, G
0.516535, 0.000001, 0.000000, 4.087576, 6.830000, H
0.637623, 0.000001, 0.000000, 4.042147, 6.830000, I
2.501958, 0.000001, 0.000000, 2.240037, 6.830000, J
amount produced/need, avg price, sd, consumption_rate, avg def comm, char
 year: 100
0.387918, 0.000000, 0.000000, 2.978407, 6.480000, A
1.044679, 0.000000, 0.000000, 1.912332, 6.480000, B
1.464701, 0.000001, 0.000000, 2.021896, 6.480000, C
1.168551, 0.000000, 0.000000, 2.585320, 6.480000, D
1.127113, 0.000001, 0.000000, 2.509260, 6.480000, E
0.671035, 0.000000, 0.000000, 4.986297, 6.480000, F
0.772478, 0.000000, 0.000000, 2.632789, 6.480000, G
0.516535, 0.000001, 0.000000, 4.087576, 6.480000, H
0.637623, 0.000001, 0.000000, 4.042147, 6.480000, I
2.501958, 0.000001, 0.000000, 2.240037, 6.480000, J
