amtProduced_need, avg_price, sd, consumption_rate, consumed, char
1.124094, 2.926128, 0.769075, 2.585320, 2.291751, D
1.124094, 2.888762, 0.490129, 2.585320, 2.072545, D
1.124094, 3.119990, 0.483861, 2.585320, 1.760190, D
1.124094, 3.651425, 0.604241, 2.585320, 1.385196, D
1.124094, 3.956628, 0.577246, 2.585320, 1.748545, D
1.124094, 4.011526, 0.467752, 2.585320, 1.948264, D
1.124094, 4.085207, 0.541014, 2.585320, 1.984561, D
1.124094, 3.959039, 0.438091, 2.585320, 2.230614, D
1.124094, 3.683053, 0.410316, 2.585320, 2.375409, D
1.124094, 3.548396, 0.425907, 2.585320, 2.220660, D
1.124094, 3.514843, 0.401142, 2.585320, 2.122719, D
1.124094, 4.586854, 0.614918, 2.585320, 0.669115, D
1.124094, 3.678951, 0.452978, 2.585320, 2.585320, D
1.124094, 3.048734, 0.380800, 2.585320, 2.585320, D
1.124094, 2.682247, 0.347771, 2.585320, 2.533613, D
1.124094, 2.374330, 0.350511, 2.585320, 2.456054, D
1.124094, 2.188220, 0.336910, 2.585320, 2.481907, D
1.124094, 2.194579, 0.356578, 2.585320, 2.254158, D
1.124094, 2.258256, 0.322058, 2.585320, 1.938990, D
1.124094, 2.229927, 0.276274, 2.585320, 2.234056, D
1.124094, 2.403270, 0.334918, 2.585320, 1.807064, D
1.124094, 2.228112, 0.343608, 2.585320, 2.430200, D
1.124094, 2.158712, 0.276145, 2.585320, 2.316541, D
1.124094, 2.109697, 0.277400, 2.585320, 2.251393, D
1.124094, 2.027641, 0.235683, 2.585320, 2.290489, D
1.124094, 1.832192, 0.229326, 2.585320, 2.427659, D
1.124094, 1.564683, 0.200701, 2.585320, 2.559466, D
1.124094, 1.389686, 0.191407, 2.585320, 2.507760, D
1.124094, 1.367126, 0.180754, 2.585320, 2.179979, D
1.124094, 1.322256, 0.156745, 2.585320, 2.202680, D
1.124094, 1.371526, 0.178298, 2.585320, 2.083727, D
1.124094, 1.285882, 0.184850, 2.585320, 2.289738, D
1.124094, 1.175703, 0.143901, 2.585320, 2.475188, D
1.124094, 1.036471, 0.130988, 2.585320, 2.533613, D
1.124094, 1.043502, 0.149559, 2.585320, 2.165952, D
1.124094, 1.017517, 0.147050, 2.585320, 2.268798, D
1.124094, 0.886762, 0.107125, 2.585320, 2.507760, D
1.124094, 0.756608, 0.079874, 2.585320, 2.559466, D
1.124094, 0.658515, 0.071927, 2.585320, 2.507760, D
1.124094, 0.608138, 0.081757, 2.585320, 2.481907, D
1.124094, 0.617517, 0.085666, 2.585320, 2.104759, D
1.124094, 0.724100, 0.117250, 2.585320, 1.510948, D
1.124094, 0.754724, 0.106600, 2.585320, 1.887222, D
1.124094, 0.677439, 0.084701, 2.585320, 2.456054, D
1.124094, 0.574214, 0.062511, 2.585320, 2.552970, D
1.124094, 0.486608, 0.053831, 2.585320, 2.585320, D
1.124094, 0.433630, 0.053792, 2.585320, 2.556555, D
1.124094, 0.387467, 0.052588, 2.585320, 2.499513, D
1.124094, 0.376781, 0.054433, 2.585320, 2.289984, D
1.124094, 0.392476, 0.062067, 2.585320, 1.964789, D
1.124094, 0.454643, 0.069957, 2.585320, 1.576577, D
1.124094, 0.493142, 0.068023, 2.585320, 1.777976, D
1.124094, 0.539197, 0.071537, 2.585320, 1.732582, D
1.124094, 0.439891, 0.062996, 2.585320, 2.559466, D
1.124094, 0.351927, 0.045813, 2.585320, 2.585320, D
1.124094, 0.294356, 0.044687, 2.585320, 2.533613, D
1.124094, 0.256450, 0.037271, 2.585320, 2.559466, D
1.124094, 0.240126, 0.038743, 2.585320, 2.481907, D
1.124094, 0.237336, 0.037013, 2.585320, 2.290981, D
1.124094, 0.258621, 0.038543, 2.585320, 1.727131, D
1.124094, 0.318980, 0.054186, 2.585320, 1.137541, D
1.124094, 0.377576, 0.060172, 2.585320, 1.204873, D
1.124094, 0.306877, 0.045592, 2.585320, 2.585320, D
1.124094, 0.248971, 0.035360, 2.585320, 2.585320, D
1.124094, 0.206972, 0.028715, 2.585320, 2.585320, D
1.124094, 0.183202, 0.023253, 2.585320, 2.480628, D
1.124094, 0.197868, 0.025870, 2.585320, 1.955445, D
1.124094, 0.223052, 0.034004, 2.585320, 1.640111, D
1.124094, 0.194423, 0.022722, 2.585320, 2.559466, D
1.124094, 0.181348, 0.023602, 2.585320, 2.361975, D
1.124094, 0.171823, 0.018902, 2.585320, 2.295282, D
1.124094, 0.178536, 0.022740, 2.585320, 2.059484, D
1.124094, 0.183545, 0.022658, 2.585320, 2.045628, D
1.124094, 0.178358, 0.025320, 2.585320, 2.249318, D
1.124094, 0.170083, 0.021495, 2.585320, 2.336509, D
1.124094, 0.149493, 0.016956, 2.585320, 2.507760, D
1.124094, 0.132475, 0.016925, 2.585320, 2.481907, D
1.124094, 0.118880, 0.014879, 2.585320, 2.516398, D
1.124094, 0.110811, 0.015434, 2.585320, 2.430200, D
1.124094, 0.113563, 0.016426, 2.585320, 2.042394, D
1.124094, 0.116480, 0.017947, 2.585320, 2.042403, D
1.124094, 0.108473, 0.016653, 2.585320, 2.393221, D
1.124094, 0.090263, 0.012128, 2.585320, 2.585320, D
1.124094, 0.076734, 0.010335, 2.585320, 2.533613, D
1.124094, 0.067617, 0.009714, 2.585320, 2.507760, D
1.124094, 0.062438, 0.008963, 2.585320, 2.456171, D
1.124094, 0.057600, 0.006782, 2.585320, 2.490733, D
1.124094, 0.060611, 0.009122, 2.585320, 1.935019, D
1.124094, 0.068518, 0.011199, 2.585320, 1.577045, D
1.124094, 0.067608, 0.010645, 2.585320, 2.164217, D
1.124094, 0.064227, 0.008535, 2.585320, 2.430200, D
1.124094, 0.057828, 0.007483, 2.585320, 2.456054, D
1.124094, 0.053208, 0.006133, 2.585320, 2.431623, D
1.124094, 0.053075, 0.006494, 2.585320, 2.168667, D
1.124094, 0.053972, 0.007130, 2.585320, 2.029109, D
1.124094, 0.044279, 0.005609, 2.585320, 2.585320, D
1.124094, 0.037283, 0.004630, 2.585320, 2.559466, D
1.124094, 0.033640, 0.004472, 2.585320, 2.438460, D
1.124094, 0.034525, 0.004814, 2.585320, 2.042403, D
1.124094, 0.040608, 0.006246, 2.585320, 1.298774, D
