0.883466, 3.098825, 0.871122, 2.978407, 1.733612, A
1.690001, 2.747178, 0.865058, 1.912332, 1.721099, B
0.793129, 3.051666, 0.729375, 2.021896, 1.708236, C
1.124094, 2.926128, 0.769075, 2.585320, 2.291751, D
1.412168, 3.167935, 0.838985, 2.509260, 1.958282, E
0.453340, 3.578155, 0.964509, 4.986297, 2.019341, F
0.724490, 2.953194, 0.806535, 2.632789, 2.318734, G
0.736620, 3.683552, 0.965117, 4.087576, 1.361374, H
0.688203, 2.971740, 0.655326, 4.042147, 2.895881, I
0.726488, 3.621577, 0.967343, 2.240037, 1.185973, J
0.883466, 3.022116, 0.629665, 2.978407, 2.436142, A
1.690001, 2.653594, 0.622006, 1.912332, 1.723077, B
0.793129, 2.870450, 0.558835, 2.021896, 1.876709, C
1.124094, 2.888762, 0.490129, 2.585320, 2.072545, D
1.412168, 3.082629, 0.546976, 2.509260, 2.036140, E
0.453340, 4.002210, 0.740947, 4.986297, 2.530894, F
0.724490, 2.834006, 0.588919, 2.632789, 2.422166, G
0.736620, 3.811407, 0.626238, 4.087576, 2.898597, H
0.688203, 3.641422, 0.707370, 4.042147, 1.567481, I
0.726488, 3.689966, 0.750713, 2.240037, 1.837370, J
0.883466, 3.122053, 0.513311, 2.978407, 2.268298, A
1.690001, 2.752941, 0.545387, 1.912332, 1.494188, B
0.793129, 2.946605, 0.462433, 2.021896, 1.604663, C
1.124094, 3.119990, 0.483861, 2.585320, 1.760190, D
1.412168, 3.186790, 0.367941, 2.509260, 1.830652, E
0.453340, 3.342930, 0.507273, 4.986297, 4.856428, F
0.724490, 3.040917, 0.502351, 2.632789, 1.998150, G
0.736620, 3.741900, 0.456252, 4.087576, 3.439972, H
0.688203, 4.563803, 0.731718, 4.042147, 1.379347, I
0.726488, 3.400534, 0.571320, 2.240037, 2.111397, J
0.883466, 3.359047, 0.487435, 2.978407, 2.116776, A
1.690001, 2.864337, 0.499362, 1.912332, 1.493839, B
0.793129, 3.251879, 0.584910, 2.021896, 1.448036, C
1.124094, 3.651425, 0.604241, 2.585320, 1.385196, D
1.412168, 4.593574, 0.601228, 2.509260, 0.175959, E
0.453340, 3.164060, 0.371132, 4.986297, 4.350426, F
0.724490, 3.331962, 0.541377, 2.632789, 1.819128, G
0.736620, 3.542565, 0.447135, 4.087576, 3.746498, H
0.688203, 3.598809, 0.542968, 4.042147, 4.042147, I
0.726488, 3.078206, 0.450175, 2.240037, 2.141482, J
0.883466, 4.195377, 0.657699, 2.978407, 1.150641, A
1.690001, 2.961820, 0.609599, 1.912332, 1.472496, B
0.793129, 4.168196, 0.801863, 2.021896, 0.769292, C
1.124094, 3.956628, 0.577246, 2.585320, 1.748545, D
1.412168, 3.604328, 0.478049, 2.509260, 2.509260, E
0.453340, 3.870223, 0.570043, 4.986297, 2.221914, F
0.724490, 4.076422, 0.715882, 2.632789, 1.229935, G
0.736620, 3.721574, 0.506456, 4.087576, 3.030940, H
0.688203, 2.888981, 0.412576, 4.042147, 4.042147, I
0.726488, 3.076682, 0.500416, 2.240037, 1.841870, J
0.883466, 3.659363, 0.481947, 2.978407, 2.873402, A
1.690001, 3.378294, 0.550519, 1.912332, 1.223613, B
0.793129, 3.805926, 0.579566, 2.021896, 1.941020, C
1.124094, 4.011526, 0.467752, 2.585320, 1.948264, D
1.412168, 2.822825, 0.398827, 2.509260, 2.509260, E
0.453340, 4.771110, 0.729284, 4.986297, 1.943604, F
0.724490, 4.636118, 0.699316, 2.632789, 1.556353, G
0.736620, 3.960709, 0.529670, 4.087576, 2.616983, H
0.688203, 2.393938, 0.320567, 4.042147, 4.042147, I
0.726488, 3.481413, 0.458129, 2.240037, 1.199309, J
0.883466, 3.270158, 0.383851, 2.978407, 2.881524, A
1.690001, 3.996927, 0.714795, 1.912332, 0.973485, B
0.793129, 3.569238, 0.485966, 2.021896, 1.860144, C
1.124094, 4.085207, 0.541014, 2.585320, 1.984561, D
1.412168, 2.245377, 0.352129, 2.509260, 2.509260, E
0.453340, 3.980776, 0.529426, 4.986297, 4.954897, F
0.724490, 4.311472, 0.516170, 2.632789, 2.405085, G
0.736620, 4.335008, 0.596983, 4.087576, 2.524702, H
0.688203, 2.160414, 0.309525, 4.042147, 3.874132, I
0.726488, 4.723339, 0.621334, 2.240037, 0.447754, J
0.883466, 3.468331, 0.461528, 2.978407, 2.185592, A
1.690001, 3.914776, 0.599031, 1.912332, 1.610520, B
0.793129, 3.664350, 0.518545, 2.021896, 1.577079, C
1.124094, 3.959039, 0.438091, 2.585320, 2.230614, D
1.412168, 1.810920, 0.298964, 2.509260, 2.509260, E
0.453340, 3.513592, 0.408653, 4.986297, 4.690932, F
0.724490, 3.818276, 0.443398, 2.632789, 2.527477, G
0.736620, 3.900274, 0.439550, 4.087576, 3.811011, H
0.688203, 2.479833, 0.433028, 4.042147, 2.124347, I
0.726488, 4.145740, 0.481993, 2.240037, 2.117714, J
0.883466, 4.374777, 0.697674, 2.978407, 1.072735, A
1.690001, 3.613782, 0.464285, 1.912332, 1.757966, B
0.793129, 3.989407, 0.499919, 2.021896, 1.435546, C
1.124094, 3.683053, 0.410316, 2.585320, 2.375409, D
1.412168, 1.505526, 0.249884, 2.509260, 2.509260, E
0.453340, 3.503186, 0.430063, 4.986297, 3.932354, F
0.724490, 3.362321, 0.376392, 2.632789, 2.511984, G
0.736620, 3.883219, 0.418171, 4.087576, 3.282179, H
0.688203, 3.701276, 0.682760, 4.042147, 0.000000, I
0.726488, 3.316838, 0.346293, 2.240037, 2.240037, J
0.883466, 3.604268, 0.479178, 2.978407, 2.978407, A
1.690001, 3.419179, 0.390288, 1.912332, 1.728994, B
0.793129, 3.678960, 0.442965, 2.021896, 1.881468, C
1.124094, 3.548396, 0.425907, 2.585320, 2.220660, D
1.412168, 1.339775, 0.234630, 2.509260, 2.433983, E
0.453340, 3.962260, 0.631097, 4.986297, 2.820536, F
0.724490, 3.476935, 0.445124, 2.632789, 2.048721, G
0.736620, 4.416764, 0.555870, 4.087576, 2.085848, H
0.688203, 4.814396, 0.692156, 4.042147, 1.067038, I
0.726488, 2.658148, 0.312410, 2.240037, 2.240037, J
0.883466, 2.935821, 0.381029, 2.978407, 2.978407, A
1.690001, 3.371023, 0.350212, 1.912332, 1.625483, B
0.793129, 3.347186, 0.463352, 2.021896, 1.961239, C
1.124094, 3.514843, 0.401142, 2.585320, 2.122719, D
1.412168, 1.211302, 0.239065, 2.509260, 2.459075, E
0.453340, 5.053561, 0.753013, 4.986297, 1.486224, F
0.724490, 4.020904, 0.609328, 2.632789, 1.439074, G
0.736620, 3.778463, 0.430080, 4.087576, 4.087576, H
0.688203, 4.144430, 0.486069, 4.042147, 3.969389, I
0.726488, 2.246197, 0.318072, 2.240037, 2.240037, J
0.883466, 2.498215, 0.309589, 2.978407, 2.948622, A
1.690001, 3.527163, 0.544065, 1.912332, 1.396003, B
0.793129, 3.268514, 0.413186, 2.021896, 1.841030, C
1.124094, 4.586854, 0.614918, 2.585320, 0.669115, D
1.412168, 1.194309, 0.186649, 2.509260, 2.107779, E
0.453340, 4.005358, 0.557768, 4.986297, 4.986297, F
0.724490, 4.218361, 0.564172, 2.632789, 2.008835, G
0.736620, 3.470190, 0.477168, 4.087576, 3.878335, H
0.688203, 3.988724, 0.449976, 4.042147, 3.325540, I
0.726488, 1.991295, 0.314788, 2.240037, 2.163511, J
0.883466, 2.235208, 0.265058, 2.978407, 2.948622, A
1.690001, 3.537850, 0.511226, 1.912332, 1.606359, B
0.793129, 3.476282, 0.517573, 2.021896, 1.424524, C
1.124094, 3.678951, 0.452978, 2.585320, 2.585320, D
1.412168, 1.270071, 0.183640, 2.509260, 1.816091, E
0.453340, 3.117444, 0.444782, 4.986297, 4.986297, F
0.724490, 4.453033, 0.567476, 2.632789, 1.890696, G
0.736620, 3.789094, 0.474668, 4.087576, 2.882954, H
0.688203, 4.320894, 0.551303, 4.042147, 2.613822, I
0.726488, 1.803442, 0.262686, 2.240037, 2.128780, J
0.883466, 2.158835, 0.312827, 2.978407, 2.729175, A
1.690001, 3.868227, 0.426681, 1.912332, 1.294824, B
0.793129, 3.958488, 0.622105, 2.021896, 1.273794, C
1.124094, 3.048734, 0.380800, 2.585320, 2.585320, D
1.412168, 1.461154, 0.228536, 2.509260, 1.530373, E
0.453340, 2.605678, 0.359742, 4.986297, 4.986297, F
0.724490, 3.666879, 0.427099, 2.632789, 2.612781, G
0.736620, 3.798225, 0.418335, 4.087576, 3.425331, H
0.688203, 3.748712, 0.448230, 4.042147, 4.001725, I
0.726488, 1.730722, 0.245743, 2.240037, 2.058027, J
0.883466, 2.362637, 0.385682, 2.978407, 1.967571, A
1.690001, 3.405902, 0.334051, 1.912332, 1.874086, B
0.793129, 3.368329, 0.442174, 2.021896, 2.017270, C
1.124094, 2.682247, 0.347771, 2.585320, 2.533613, D
1.412168, 1.713645, 0.282511, 2.509260, 1.405186, E
0.453340, 2.321213, 0.329353, 4.986297, 4.886571, F
0.724490, 3.029258, 0.363857, 2.632789, 2.632789, G
0.736620, 3.527843, 0.395562, 4.087576, 3.767635, H
0.688203, 3.248393, 0.327418, 4.042147, 4.028748, I
0.726488, 1.818147, 0.256823, 2.240037, 1.633913, J
0.883466, 2.821456, 0.477821, 2.978407, 1.557094, A
1.690001, 2.886002, 0.290286, 1.912332, 1.874086, B
0.793129, 2.780113, 0.307569, 2.021896, 2.021896, C
1.124094, 2.374330, 0.350511, 2.585320, 2.456054, D
1.412168, 2.147698, 0.374356, 2.509260, 1.047075, E
0.453340, 2.431508, 0.384650, 4.986297, 3.434435, F
0.724490, 2.592038, 0.387143, 2.632789, 2.575533, G
0.736620, 2.892619, 0.320361, 4.087576, 4.087576, H
0.688203, 2.812273, 0.288524, 4.042147, 4.028738, I
0.726488, 2.137462, 0.330705, 2.240037, 1.181404, J
0.883466, 2.633143, 0.408195, 2.978407, 2.685811, A
1.690001, 2.388198, 0.274127, 1.912332, 1.912332, B
0.793129, 2.267368, 0.270628, 2.021896, 2.021896, C
1.124094, 2.188220, 0.336910, 2.585320, 2.481907, D
1.412168, 2.972260, 0.527042, 2.509260, 0.446873, E
0.453340, 3.357985, 0.558198, 4.986297, 0.832946, F
0.724490, 2.310224, 0.293118, 2.632789, 2.588699, G
0.736620, 2.393037, 0.286034, 4.087576, 4.079012, H
0.688203, 2.434820, 0.290892, 4.042147, 3.971650, I
0.726488, 2.616972, 0.389631, 2.240037, 1.059101, J
0.883466, 2.485258, 0.330250, 2.978407, 2.622664, A
1.690001, 2.051213, 0.249894, 1.912332, 1.912332, B
0.793129, 1.870699, 0.261222, 2.021896, 2.021896, C
1.124094, 2.194579, 0.356578, 2.585320, 2.254158, D
1.412168, 2.772311, 0.418805, 2.509260, 2.351384, E
0.453340, 2.780956, 0.462166, 4.986297, 4.936434, F
0.724490, 2.486575, 0.385433, 2.632789, 1.956296, G
0.736620, 2.189904, 0.277742, 4.087576, 3.898121, H
0.688203, 2.242418, 0.269902, 4.042147, 3.823833, I
0.726488, 3.048826, 0.480452, 2.240037, 1.253012, J
0.883466, 2.433848, 0.289026, 2.978407, 2.555338, A
1.690001, 1.807249, 0.226819, 1.912332, 1.835839, B
0.793129, 1.546357, 0.240261, 2.021896, 2.021896, C
1.124094, 2.258256, 0.322058, 2.585320, 1.938990, D
1.412168, 2.528335, 0.316822, 2.509260, 2.397711, E
0.453340, 2.301785, 0.360231, 4.986297, 4.957270, F
0.724490, 2.528078, 0.319552, 2.632789, 2.077086, G
0.736620, 2.349802, 0.398339, 4.087576, 3.005601, H
0.688203, 2.598216, 0.362290, 4.042147, 2.200965, I
0.726488, 2.500988, 0.360352, 2.240037, 2.240037, J
0.883466, 2.803978, 0.374061, 2.978407, 1.553579, A
1.690001, 1.656949, 0.215916, 1.912332, 1.749649, B
0.793129, 1.318021, 0.208913, 2.021896, 2.001677, C
1.124094, 2.229927, 0.276274, 2.585320, 2.234056, D
1.412168, 2.234596, 0.267938, 2.509260, 2.421159, E
0.453340, 2.170313, 0.269684, 4.986297, 4.424599, F
0.724490, 2.255336, 0.248545, 2.632789, 2.606461, G
0.736620, 2.266571, 0.304825, 4.087576, 3.459638, H
0.688203, 2.311072, 0.242800, 4.042147, 3.916342, I
0.726488, 2.006137, 0.299810, 2.240037, 2.240037, J
0.883466, 2.188318, 0.291516, 2.978407, 2.978407, A
1.690001, 1.740624, 0.301280, 1.912332, 1.463079, B
0.793129, 1.196859, 0.184403, 2.021896, 1.920801, C
1.124094, 2.403270, 0.334918, 2.585320, 1.807064, D
1.412168, 1.931649, 0.225277, 2.509260, 2.433983, E
0.453340, 2.640476, 0.357995, 4.986297, 2.062727, F
0.724490, 2.024572, 0.225899, 2.632789, 2.476509, G
0.736620, 2.673279, 0.428694, 4.087576, 2.243184, H
0.688203, 2.240650, 0.261423, 4.042147, 3.585385, I
0.726488, 1.661891, 0.257393, 2.240037, 2.240037, J
0.883466, 1.678047, 0.230222, 2.978407, 2.978407, A
1.690001, 1.884499, 0.291181, 1.912332, 1.428780, B
0.793129, 1.033597, 0.152645, 2.021896, 2.001677, C
1.124094, 2.228112, 0.343608, 2.585320, 2.430200, D
1.412168, 1.740043, 0.212696, 2.509260, 2.371270, E
0.453340, 2.386196, 0.323982, 4.986297, 4.836708, F
0.724490, 2.009654, 0.241641, 2.632789, 2.207338, G
0.736620, 2.556643, 0.322883, 4.087576, 3.630772, H
0.688203, 2.405636, 0.296002, 4.042147, 2.651977, I
0.726488, 1.417957, 0.220161, 2.240037, 2.240037, J
0.883466, 1.290241, 0.188680, 2.978407, 2.978407, A
1.690001, 2.014765, 0.290807, 1.912332, 1.432664, B
0.793129, 0.929384, 0.146779, 2.021896, 1.920801, C
1.124094, 2.158712, 0.276145, 2.585320, 2.316541, D
1.412168, 1.862685, 0.269710, 2.509260, 1.707071, E
0.453340, 2.148576, 0.264288, 4.986297, 4.583020, F
0.724490, 2.250852, 0.286591, 2.632789, 1.540919, G
0.736620, 2.079217, 0.235895, 4.087576, 4.087576, H
0.688203, 2.176900, 0.244824, 4.042147, 3.743775, I
0.726488, 1.254470, 0.191640, 2.240037, 2.133372, J
0.883466, 1.028509, 0.169267, 2.978407, 2.978407, A
1.690001, 2.013035, 0.254352, 1.912332, 1.614833, B
0.793129, 0.916843, 0.125198, 2.021896, 1.687450, C
1.124094, 2.109697, 0.277400, 2.585320, 2.251393, D
1.412168, 2.249685, 0.303594, 2.509260, 1.089143, E
0.453340, 2.085516, 0.245326, 4.986297, 4.243593, F
0.724490, 2.181097, 0.278969, 2.632789, 2.325831, G
0.736620, 1.653685, 0.188130, 4.087576, 4.087576, H
0.688203, 1.857031, 0.187318, 4.042147, 3.968017, I
0.726488, 1.212700, 0.207788, 2.240037, 1.942310, J
0.883466, 0.859226, 0.145095, 2.978407, 2.948622, A
1.690001, 1.959805, 0.271343, 1.912332, 1.701976, B
0.793129, 1.016678, 0.147776, 2.021896, 1.325673, C
1.124094, 2.027641, 0.235683, 2.585320, 2.290489, D
1.412168, 1.903320, 0.226146, 2.509260, 2.484168, E
0.453340, 2.184802, 0.273183, 4.986297, 3.367634, F
0.724490, 1.979234, 0.217577, 2.632789, 2.486032, G
0.736620, 1.384890, 0.156924, 4.087576, 4.087576, H
0.688203, 1.746485, 0.214260, 4.042147, 3.714246, I
0.726488, 1.301822, 0.167924, 2.240037, 1.604448, J
0.883466, 0.746468, 0.115135, 2.978407, 2.917364, A
1.690001, 1.753962, 0.215207, 1.912332, 1.854962, B
0.793129, 1.335287, 0.176094, 2.021896, 0.586225, C
1.124094, 1.832192, 0.229326, 2.585320, 2.427659, D
1.412168, 1.618012, 0.202080, 2.509260, 2.459075, E
0.453340, 1.852037, 0.243701, 4.986297, 4.886571, F
0.724490, 1.742282, 0.168843, 2.632789, 2.591771, G
0.736620, 1.209889, 0.150505, 4.087576, 4.046700, H
0.688203, 1.952116, 0.259223, 4.042147, 2.468588, I
0.726488, 1.538001, 0.214526, 2.240037, 1.209620, J
0.883466, 0.741950, 0.116241, 2.978407, 2.586925, A
1.690001, 1.642236, 0.206307, 1.912332, 1.785343, B
0.793129, 1.889375, 0.279215, 2.021896, 0.233481, C
1.124094, 1.564683, 0.200701, 2.585320, 2.559466, D
1.412168, 1.366393, 0.173551, 2.509260, 2.459075, E
0.453340, 1.510764, 0.177769, 4.986297, 4.986297, F
0.724490, 1.635411, 0.208502, 2.632789, 2.374421, G
0.736620, 1.106519, 0.146469, 4.087576, 3.800692, H
0.688203, 1.782328, 0.182895, 4.042147, 3.716407, I
0.726488, 1.775969, 0.234267, 2.240037, 1.333807, J
0.883466, 0.796372, 0.130349, 2.978407, 2.128419, A
1.690001, 1.489155, 0.168940, 1.912332, 1.820368, B
0.793129, 1.583360, 0.178966, 2.021896, 2.021896, C
1.124094, 1.389686, 0.191407, 2.585320, 2.507760, D
1.412168, 1.211761, 0.154191, 2.509260, 2.459075, E
0.453340, 1.329848, 0.157672, 4.986297, 4.830784, F
0.724490, 1.523558, 0.201664, 2.632789, 2.448494, G
0.736620, 1.189190, 0.175790, 4.087576, 2.877143, H
0.688203, 1.569138, 0.151373, 4.042147, 3.851245, I
0.726488, 1.705457, 0.192858, 2.240037, 2.016105, J
0.883466, 0.991548, 0.149857, 2.978407, 1.030113, A
1.690001, 1.411586, 0.156463, 1.912332, 1.776811, B
0.793129, 1.308031, 0.155357, 2.021896, 2.015441, C
1.124094, 1.367126, 0.180754, 2.585320, 2.179979, D
1.412168, 1.064580, 0.137184, 2.509260, 2.459075, E
0.453340, 1.255286, 0.149214, 4.986297, 4.410976, F
0.724490, 1.293495, 0.158404, 2.632789, 2.632789, G
0.736620, 1.765052, 0.292907, 4.087576, 0.079952, H
0.688203, 1.353748, 0.135112, 4.042147, 3.969224, I
0.726488, 1.358034, 0.140601, 2.240037, 2.240037, J
0.883466, 1.477957, 0.235211, 2.978407, 0.000000, A
1.690001, 1.300547, 0.138813, 1.912332, 1.797592, B
0.793129, 1.112676, 0.142081, 2.021896, 2.001677, C
1.124094, 1.322256, 0.156745, 2.585320, 2.202680, D
1.412168, 1.005569, 0.129159, 2.509260, 2.389022, E
0.453340, 1.404952, 0.180478, 4.986297, 3.029888, F
0.724490, 1.158542, 0.155058, 2.632789, 2.583390, G
0.736620, 1.463948, 0.222526, 4.087576, 4.084127, H
0.688203, 1.305127, 0.146877, 4.042147, 3.592055, I
0.726488, 1.099364, 0.135827, 2.240037, 2.240037, J
0.883466, 1.304001, 0.156583, 2.978407, 2.943037, A
1.690001, 1.169289, 0.124100, 1.912332, 1.896540, B
0.793129, 0.964328, 0.138869, 2.021896, 1.961239, C
1.124094, 1.371526, 0.178298, 2.585320, 2.083727, D
1.412168, 1.056200, 0.151186, 2.509260, 1.957223, E
0.453340, 1.410425, 0.170056, 4.986297, 3.893149, F
0.724490, 1.144083, 0.147915, 2.632789, 2.184657, G
0.736620, 1.211687, 0.171070, 4.087576, 4.087576, H
0.688203, 1.490660, 0.217505, 4.042147, 2.246741, I
0.726488, 0.885891, 0.129604, 2.240037, 2.240037, J
0.883466, 1.136666, 0.114247, 2.978407, 2.978407, A
1.690001, 1.181451, 0.152986, 1.912332, 1.649088, B
0.793129, 0.874288, 0.116905, 2.021896, 1.959671, C
1.124094, 1.285882, 0.184850, 2.585320, 2.289738, D
1.412168, 1.215611, 0.204425, 2.509260, 1.455371, E
0.453340, 1.389050, 0.157386, 4.986297, 3.970590, F
0.724490, 1.288477, 0.222774, 2.632789, 1.638641, G
0.736620, 1.026903, 0.146033, 4.087576, 4.005824, H
0.688203, 1.257915, 0.167958, 4.042147, 4.001725, I
0.726488, 0.758914, 0.123344, 2.240037, 2.217637, J
0.883466, 1.064835, 0.135260, 2.978407, 2.738379, A
1.690001, 1.215322, 0.173017, 1.912332, 1.529866, B
0.793129, 0.898436, 0.119121, 2.021896, 1.610157, C
1.124094, 1.175703, 0.143901, 2.585320, 2.475188, D
1.412168, 1.250188, 0.186171, 2.509260, 1.950866, E
0.453340, 1.193762, 0.135893, 4.986297, 4.886571, F
0.724490, 1.215332, 0.142622, 2.632789, 2.316802, G
0.736620, 0.903845, 0.111510, 4.087576, 3.945810, H
0.688203, 1.061769, 0.145374, 4.042147, 3.959485, I
0.726488, 0.639498, 0.106270, 2.240037, 2.240037, J
0.883466, 1.088031, 0.154391, 2.978407, 2.270446, A
1.690001, 1.104042, 0.158409, 1.912332, 1.835839, B
0.793129, 1.051454, 0.147687, 2.021896, 1.128821, C
1.124094, 1.036471, 0.130988, 2.585320, 2.533613, D
1.412168, 1.061809, 0.130118, 2.509260, 2.509260, E
0.453340, 1.049642, 0.130468, 4.986297, 4.819026, F
0.724490, 1.036115, 0.107670, 2.632789, 2.606461, G
0.736620, 0.914466, 0.135356, 4.087576, 3.351847, H
0.688203, 1.015719, 0.152672, 4.042147, 3.343851, I
0.726488, 0.564813, 0.084961, 2.240037, 2.195237, J
0.883466, 0.972589, 0.110904, 2.978407, 2.799702, A
1.690001, 0.914775, 0.121541, 1.912332, 1.912332, B
0.793129, 1.070085, 0.117820, 2.021896, 1.627198, C
1.124094, 1.043502, 0.149559, 2.585320, 2.165952, D
1.412168, 0.902940, 0.109971, 2.509260, 2.509260, E
0.453340, 1.082101, 0.127465, 4.986297, 3.755171, F
0.724490, 0.885424, 0.099672, 2.632789, 2.555291, G
0.736620, 0.959791, 0.140768, 4.087576, 2.922966, H
0.688203, 1.054557, 0.160312, 4.042147, 2.968254, I
0.726488, 0.522684, 0.086626, 2.240037, 2.089512, J
0.883466, 0.898185, 0.118766, 2.978407, 2.650782, A
1.690001, 0.743334, 0.096552, 1.912332, 1.912332, B
0.793129, 1.058989, 0.131251, 2.021896, 1.686301, C
1.124094, 1.017517, 0.147050, 2.585320, 2.268798, D
1.412168, 0.819806, 0.107085, 2.509260, 2.382266, E
0.453340, 0.980781, 0.109136, 4.986297, 4.619977, F
0.724490, 0.812241, 0.095300, 2.632789, 2.501149, G
0.736620, 0.969397, 0.116474, 4.087576, 3.295507, H
0.688203, 1.010700, 0.118447, 4.042147, 3.494081, I
0.726488, 0.514394, 0.085042, 2.240037, 1.973239, J
0.883466, 0.830968, 0.096915, 2.978407, 2.741764, A
1.690001, 0.637669, 0.080248, 1.912332, 1.908909, B
0.793129, 0.851193, 0.097922, 2.021896, 2.021896, C
1.124094, 0.886762, 0.107125, 2.585320, 2.507760, D
1.412168, 0.796093, 0.110679, 2.509260, 2.190712, E
0.453340, 1.019267, 0.118822, 4.986297, 3.410193, F
0.724490, 0.790094, 0.121614, 2.632789, 2.246932, G
0.736620, 0.981468, 0.147985, 4.087576, 3.238265, H
0.688203, 0.866025, 0.090763, 4.042147, 3.865542, I
0.726488, 0.578373, 0.099581, 2.240037, 1.425074, J
0.883466, 0.831697, 0.114843, 2.978407, 2.501378, A
1.690001, 0.616124, 0.084836, 1.912332, 1.663430, B
0.793129, 0.720667, 0.089985, 2.021896, 2.001677, C
1.124094, 0.756608, 0.079874, 2.585320, 2.559466, D
1.412168, 0.811519, 0.122688, 2.509260, 2.103620, E
0.453340, 0.830032, 0.090931, 4.986297, 4.986297, F
0.724490, 0.877370, 0.128546, 2.632789, 1.642023, G
0.736620, 0.872747, 0.119344, 4.087576, 4.046700, H
0.688203, 0.785535, 0.089054, 4.042147, 3.776555, I
0.726488, 0.598159, 0.087161, 2.240037, 1.836831, J
0.883466, 0.820006, 0.085575, 2.978407, 2.517302, A
1.690001, 0.664812, 0.088680, 1.912332, 1.319833, B
0.793129, 0.612975, 0.086729, 2.021896, 2.001677, C
1.124094, 0.658515, 0.071927, 2.585320, 2.507760, D
1.412168, 0.898296, 0.132210, 2.509260, 1.654260, E
0.453340, 0.732382, 0.086978, 4.986297, 4.936434, F
0.724490, 0.760076, 0.095242, 2.632789, 2.601907, G
0.736620, 0.726093, 0.090024, 4.087576, 4.075499, H
0.688203, 0.879998, 0.109383, 4.042147, 2.296411, I
0.726488, 0.766926, 0.127608, 2.240037, 0.854365, J
0.883466, 0.863780, 0.092359, 2.978407, 2.211216, A
1.690001, 0.821852, 0.111077, 1.912332, 0.843357, B
0.793129, 0.538702, 0.072378, 2.021896, 1.981458, C
1.124094, 0.608138, 0.081757, 2.585320, 2.481907, D
1.412168, 0.741876, 0.098080, 2.509260, 2.509260, E
0.453340, 0.688276, 0.083125, 4.986297, 4.717515, F
0.724490, 0.675727, 0.091566, 2.632789, 2.549147, G
0.736620, 0.636806, 0.089046, 4.087576, 3.952768, H
0.688203, 0.796134, 0.085534, 4.042147, 3.948287, I
0.726488, 0.851049, 0.131533, 2.240037, 1.401699, J
0.883466, 0.752990, 0.083449, 2.978407, 2.889588, A
1.690001, 0.771811, 0.098951, 1.912332, 1.756398, B
0.793129, 0.486705, 0.071589, 2.021896, 1.944396, C
1.124094, 0.617517, 0.085666, 2.585320, 2.104759, D
1.412168, 0.639738, 0.088223, 2.509260, 2.491973, E
0.453340, 0.718034, 0.083867, 4.986297, 3.500250, F
0.724490, 0.673185, 0.082074, 2.632789, 2.167205, G
0.736620, 0.628665, 0.090463, 4.087576, 3.590397, H
0.688203, 0.764279, 0.082596, 4.042147, 3.708115, I
0.726488, 0.756054, 0.099036, 2.240037, 2.165083, J
0.883466, 0.658075, 0.083862, 2.978407, 2.889054, A
1.690001, 0.652622, 0.085192, 1.912332, 1.912332, B
0.793129, 0.451755, 0.071607, 2.021896, 1.826187, C
1.124094, 0.724100, 0.117250, 2.585320, 1.510948, D
1.412168, 0.586058, 0.087052, 2.509260, 2.425727, E
0.453340, 0.834080, 0.112075, 4.986297, 2.345567, F
0.724490, 0.780831, 0.117072, 2.632789, 1.513672, G
0.736620, 0.729041, 0.094506, 4.087576, 2.357424, H
0.688203, 0.656304, 0.066221, 4.042147, 4.001725, I
0.726488, 0.648821, 0.077299, 2.240037, 2.195237, J
0.883466, 0.552957, 0.072768, 2.978407, 2.948622, A
1.690001, 0.571660, 0.072199, 1.912332, 1.893209, B
0.793129, 0.444096, 0.056191, 2.021896, 1.743197, C
1.124094, 0.754724, 0.106600, 2.585320, 1.887222, D
1.412168, 0.532795, 0.074101, 2.509260, 2.358705, E
0.453340, 0.721187, 0.085595, 4.986297, 4.879456, F
0.724490, 0.730080, 0.100831, 2.632789, 2.369510, G
0.736620, 0.778121, 0.092701, 4.087576, 2.539682, H
0.688203, 0.573654, 0.063771, 4.042147, 3.950908, I
0.726488, 0.594781, 0.073843, 2.240037, 2.075301, J
0.883466, 0.501344, 0.061125, 2.978407, 2.799702, A
1.690001, 0.497316, 0.065268, 1.912332, 1.893209, B
0.793129, 0.464440, 0.065482, 2.021896, 1.536641, C
1.124094, 0.677439, 0.084701, 2.585320, 2.456054, D
1.412168, 0.525158, 0.073688, 2.509260, 2.072205, E
0.453340, 0.622020, 0.075545, 4.986297, 4.909882, F
0.724490, 0.636870, 0.074480, 2.632789, 2.606461, G
0.736620, 0.684669, 0.070375, 4.087576, 3.964949, H
0.688203, 0.603612, 0.081575, 4.042147, 3.049677, I
0.726488, 0.573048, 0.070661, 2.240037, 1.985339, J
0.883466, 0.470701, 0.065440, 2.978407, 2.728881, A
1.690001, 0.459815, 0.069161, 1.912332, 1.759346, B
0.793129, 0.494634, 0.064164, 2.021896, 1.475984, C
1.124094, 0.574214, 0.062511, 2.585320, 2.552970, D
1.412168, 0.612134, 0.095200, 2.509260, 1.425719, E
0.453340, 0.594177, 0.071751, 4.986297, 4.453926, F
0.724490, 0.570642, 0.064444, 2.632789, 2.511984, G
0.736620, 0.568290, 0.065067, 4.087576, 4.035645, H
0.688203, 0.667263, 0.084637, 4.042147, 2.595755, I
0.726488, 0.549727, 0.074381, 2.240037, 2.029880, J
0.883466, 0.475483, 0.066908, 2.978407, 2.465836, A
1.690001, 0.437598, 0.059056, 1.912332, 1.781036, B
0.793129, 0.598711, 0.081296, 2.021896, 0.953564, C
1.124094, 0.486608, 0.053831, 2.585320, 2.585320, D
1.412168, 0.652260, 0.074948, 2.509260, 1.843522, E
0.453340, 0.596018, 0.071040, 4.986297, 4.026282, F
0.724490, 0.542210, 0.065243, 2.632789, 2.381178, G
0.736620, 0.486285, 0.056048, 4.087576, 4.029136, H
0.688203, 0.558934, 0.063327, 4.042147, 4.042147, I
0.726488, 0.536946, 0.077513, 2.240037, 1.854212, J
0.883466, 0.507448, 0.074397, 2.978407, 2.197074, A
1.690001, 0.438727, 0.062904, 1.912332, 1.661009, B
0.793129, 0.573759, 0.069738, 2.021896, 1.819706, C
1.124094, 0.433630, 0.053792, 2.585320, 2.556555, D
1.412168, 0.536760, 0.061983, 2.509260, 2.484168, E
0.453340, 0.753999, 0.113314, 4.986297, 1.882859, F
0.724490, 0.537828, 0.064335, 2.632789, 2.127360, G
0.736620, 0.429266, 0.054199, 4.087576, 4.035487, H
0.688203, 0.498191, 0.056165, 4.042147, 3.896068, I
0.726488, 0.547467, 0.070291, 2.240037, 1.751968, J
0.883466, 0.683314, 0.107556, 2.978407, 0.744602, A
1.690001, 0.492891, 0.075946, 1.912332, 1.250538, B
0.793129, 0.536336, 0.063075, 2.021896, 1.829472, C
1.124094, 0.387467, 0.052588, 2.585320, 2.499513, D
1.412168, 0.442801, 0.060029, 2.509260, 2.509260, E
0.453340, 0.577555, 0.084115, 4.986297, 4.986297, F
0.724490, 0.546042, 0.071082, 2.632789, 2.158887, G
0.736620, 0.421477, 0.057916, 4.087576, 3.639870, H
0.688203, 0.516226, 0.073249, 4.042147, 3.255318, I
0.726488, 0.586701, 0.077496, 2.240037, 1.601029, J
0.883466, 0.575204, 0.085480, 2.978407, 2.956402, A
1.690001, 0.588208, 0.096537, 1.912332, 0.998802, B
0.793129, 0.534131, 0.067472, 2.021896, 1.779268, C
1.124094, 0.376781, 0.054433, 2.585320, 2.289984, D
1.412168, 0.399897, 0.056527, 2.509260, 2.408890, E
0.453340, 0.446515, 0.071156, 4.986297, 4.986297, F
0.724490, 0.516418, 0.066090, 2.632789, 2.434629, G
0.736620, 0.496049, 0.070970, 4.087576, 2.269685, H
0.688203, 0.512240, 0.066099, 4.042147, 3.335575, I
0.726488, 0.569030, 0.082143, 2.240037, 1.993633, J
0.883466, 0.463779, 0.066005, 2.978407, 2.978407, A
1.690001, 0.489209, 0.069262, 1.912332, 1.912332, B
0.793129, 0.472740, 0.056127, 2.021896, 2.006645, C
1.124094, 0.392476, 0.062067, 2.585320, 1.964789, D
1.412168, 0.384716, 0.050203, 2.509260, 2.217086, E
0.453340, 0.359467, 0.056096, 4.986297, 4.986297, F
0.724490, 0.538113, 0.072133, 2.632789, 1.988238, G
0.736620, 0.644386, 0.102837, 4.087576, 1.330912, H
0.688203, 0.582999, 0.085027, 4.042147, 2.257189, I
0.726488, 0.518912, 0.063523, 2.240037, 2.108320, J
0.883466, 0.378280, 0.054498, 2.978407, 2.918838, A
1.690001, 0.420565, 0.049799, 1.912332, 1.912332, B
0.793129, 0.438310, 0.048205, 2.021896, 1.894454, C
1.124094, 0.454643, 0.069957, 2.585320, 1.576577, D
1.412168, 0.412664, 0.064899, 2.509260, 1.676850, E
0.453340, 0.315517, 0.047401, 4.986297, 4.954661, F
0.724490, 0.571290, 0.065849, 2.632789, 1.965496, G
0.736620, 0.540064, 0.067112, 4.087576, 4.046700, H
0.688203, 0.552653, 0.065602, 4.042147, 3.548284, I
0.726488, 0.530297, 0.070382, 2.240037, 1.775797, J
0.883466, 0.322406, 0.047874, 2.978407, 2.978407, A
1.690001, 0.358884, 0.047884, 1.912332, 1.877361, B
0.793129, 0.427860, 0.047979, 2.021896, 1.770483, C
1.124094, 0.493142, 0.068023, 2.585320, 1.777976, D
1.412168, 0.556474, 0.089535, 2.509260, 0.544292, E
0.453340, 0.321260, 0.042493, 4.986297, 4.010994, F
0.724490, 0.488619, 0.050894, 2.632789, 2.588285, G
0.736620, 0.451301, 0.055800, 4.087576, 4.076521, H
0.688203, 0.500451, 0.051977, 4.042147, 3.875011, I
0.726488, 0.488146, 0.049791, 2.240037, 2.104779, J
0.883466, 0.283540, 0.043152, 2.978407, 2.859270, A
1.690001, 0.324305, 0.044239, 1.912332, 1.835839, B
0.793129, 0.446743, 0.053739, 2.021896, 1.561410, C
1.124094, 0.539197, 0.071537, 2.585320, 1.732582, D
1.412168, 0.465761, 0.060751, 2.509260, 2.507915, E
0.453340, 0.404710, 0.059469, 4.986297, 2.011615, F
0.724490, 0.411396, 0.042218, 2.632789, 2.632789, G
0.736620, 0.393504, 0.049057, 4.087576, 4.005824, H
0.688203, 0.456211, 0.048241, 4.042147, 3.856297, I
0.726488, 0.481194, 0.061247, 2.240037, 1.953729, J
0.883466, 0.264432, 0.036184, 2.978407, 2.769918, A
1.690001, 0.312020, 0.043090, 1.912332, 1.714597, B
0.793129, 0.462622, 0.059100, 2.021896, 1.583446, C
1.124094, 0.439891, 0.062996, 2.585320, 2.559466, D
1.412168, 0.381571, 0.048354, 2.509260, 2.509260, E
0.453340, 0.541411, 0.084725, 4.986297, 1.391212, F
0.724490, 0.378075, 0.049050, 2.632789, 2.472004, G
0.736620, 0.361880, 0.040989, 4.087576, 3.847197, H
0.688203, 0.428206, 0.051692, 4.042147, 3.639301, I
0.726488, 0.441817, 0.053371, 2.240037, 2.104226, J
0.883466, 0.244995, 0.036350, 2.978407, 2.711806, A
1.690001, 0.348358, 0.047944, 1.912332, 1.162404, B
0.793129, 0.415692, 0.049982, 2.021896, 1.956536, C
1.124094, 0.351927, 0.045813, 2.585320, 2.585320, D
1.412168, 0.328260, 0.041321, 2.509260, 2.484168, E
0.453340, 0.445746, 0.065288, 4.986297, 4.986297, F
0.724490, 0.350602, 0.044989, 2.632789, 2.390317, G
0.736620, 0.365723, 0.051123, 4.087576, 3.234115, H
0.688203, 0.444034, 0.059131, 4.042147, 2.955385, I
0.726488, 0.390575, 0.043410, 2.240037, 2.175521, J
0.883466, 0.258366, 0.036730, 2.978407, 2.276861, A
1.690001, 0.485859, 0.065471, 1.912332, 0.344220, B
0.793129, 0.373462, 0.041505, 2.021896, 1.948268, C
1.124094, 0.294356, 0.044687, 2.585320, 2.533613, D
1.412168, 0.291576, 0.036755, 2.509260, 2.433983, E
0.453340, 0.352763, 0.053591, 4.986297, 4.986297, F
0.724490, 0.326572, 0.043563, 2.632789, 2.384268, G
0.736620, 0.451847, 0.066537, 4.087576, 1.618815, H
0.688203, 0.368267, 0.043064, 4.042147, 4.042147, I
0.726488, 0.387495, 0.054165, 2.240037, 1.816299, J
0.883466, 0.323871, 0.044145, 2.978407, 1.231901, A
1.690001, 0.397890, 0.045720, 1.912332, 1.912332, B
0.793129, 0.342082, 0.045959, 2.021896, 1.900582, C
1.124094, 0.256450, 0.037271, 2.585320, 2.559466, D
1.412168, 0.287248, 0.039806, 2.509260, 2.074694, E
0.453340, 0.291814, 0.044466, 4.986297, 4.986297, F
0.724490, 0.371895, 0.053449, 2.632789, 1.488845, G
0.736620, 0.395874, 0.047280, 4.087576, 3.995274, H
0.688203, 0.325754, 0.040975, 4.042147, 3.825274, I
0.726488, 0.406245, 0.057585, 2.240037, 1.703702, J
0.883466, 0.468232, 0.064225, 2.978407, 0.187603, A
1.690001, 0.319623, 0.038056, 1.912332, 1.912332, B
0.793129, 0.311009, 0.041823, 2.021896, 1.932243, C
1.124094, 0.240126, 0.038743, 2.585320, 2.481907, D
1.412168, 0.345698, 0.050468, 2.509260, 1.165634, E
0.453340, 0.265449, 0.037270, 4.986297, 4.467908, F
0.724490, 0.393539, 0.051635, 2.632789, 1.870080, G
0.736620, 0.334325, 0.036441, 4.087576, 4.087576, H
0.688203, 0.316930, 0.037795, 4.042147, 3.319518, I
0.726488, 0.341299, 0.043696, 2.240037, 2.217637, J
0.883466, 0.364838, 0.044035, 2.978407, 2.978407, A
1.690001, 0.261597, 0.038725, 1.912332, 1.912332, B
0.793129, 0.304473, 0.042545, 2.021896, 1.746872, C
1.124094, 0.237336, 0.037013, 2.585320, 2.290981, D
1.412168, 0.421980, 0.057627, 2.509260, 1.089006, E
0.453340, 0.291940, 0.044598, 4.986297, 3.302802, F
0.724490, 0.395371, 0.040070, 2.632789, 2.055978, G
0.736620, 0.307054, 0.032266, 4.087576, 3.783250, H
0.688203, 0.399897, 0.055410, 4.042147, 1.575099, I
0.726488, 0.289031, 0.038403, 2.240037, 2.217637, J
0.883466, 0.290690, 0.039388, 2.978407, 2.978407, A
1.690001, 0.221108, 0.035889, 1.912332, 1.874086, B
0.793129, 0.300721, 0.040885, 2.021896, 1.686098, C
1.124094, 0.258621, 0.038543, 2.585320, 1.727131, D
1.412168, 0.346279, 0.042889, 2.509260, 2.509260, E
0.453340, 0.379463, 0.060378, 4.986297, 1.374486, F
0.724490, 0.352439, 0.033344, 2.632789, 2.527307, G
0.736620, 0.321804, 0.037802, 4.087576, 3.057650, H
0.688203, 0.387651, 0.046524, 4.042147, 3.546715, I
0.726488, 0.260352, 0.035923, 2.240037, 2.105635, J
0.883466, 0.236272, 0.035194, 2.978407, 2.978407, A
1.690001, 0.189018, 0.031736, 1.912332, 1.893209, B
0.793129, 0.357962, 0.053036, 2.021896, 0.908139, C
1.124094, 0.318980, 0.054186, 2.585320, 1.137541, D
1.412168, 0.284522, 0.036749, 2.509260, 2.484168, E
0.453340, 0.354420, 0.043150, 4.986297, 4.350366, F
0.724490, 0.325150, 0.029688, 2.632789, 2.496600, G
0.736620, 0.381023, 0.042804, 4.087576, 1.895183, H
0.688203, 0.316497, 0.038322, 4.042147, 4.042147, I
0.726488, 0.238513, 0.029596, 2.240037, 2.161229, J
0.883466, 0.199313, 0.031039, 2.978407, 2.948622, A
1.690001, 0.163405, 0.024587, 1.912332, 1.912332, B
0.793129, 0.329604, 0.041414, 2.021896, 1.935051, C
1.124094, 0.377576, 0.060172, 2.585320, 1.204873, D
1.412168, 0.243910, 0.036478, 2.509260, 2.459075, E
0.453340, 0.342081, 0.038654, 4.986297, 3.989247, F
0.724490, 0.361559, 0.046048, 2.632789, 1.589681, G
0.736620, 0.325754, 0.035415, 4.087576, 4.080275, H
0.688203, 0.267530, 0.034596, 4.042147, 3.991608, I
0.726488, 0.242304, 0.039297, 2.240037, 1.807814, J
0.883466, 0.193575, 0.030654, 2.978407, 2.510586, A
1.690001, 0.150446, 0.020814, 1.912332, 1.797592, B
0.793129, 0.287002, 0.036192, 2.021896, 1.981458, C
1.124094, 0.306877, 0.045592, 2.585320, 2.585320, D
1.412168, 0.208375, 0.030796, 2.509260, 2.509260, E
0.453340, 0.368720, 0.044784, 4.986297, 3.216751, F
0.724490, 0.319739, 0.036513, 2.632789, 2.589951, G
0.736620, 0.286206, 0.027547, 4.087576, 4.028661, H
0.688203, 0.258290, 0.032016, 4.042147, 3.592353, I
0.726488, 0.286230, 0.042390, 2.240037, 1.197732, J
0.883466, 0.210005, 0.029836, 2.978407, 1.957017, A
1.690001, 0.146445, 0.024494, 1.912332, 1.718292, B
0.793129, 0.256354, 0.031969, 2.021896, 1.945584, C
1.124094, 0.248971, 0.035360, 2.585320, 2.585320, D
1.412168, 0.186000, 0.026353, 2.509260, 2.484168, E
0.453340, 0.304190, 0.032915, 4.986297, 4.973366, F
0.724490, 0.278656, 0.030984, 2.632789, 2.632789, G
0.736620, 0.288109, 0.038967, 4.087576, 3.187984, H
0.688203, 0.277403, 0.041704, 4.042147, 2.821580, I
0.726488, 0.330299, 0.044517, 2.240037, 1.298236, J
0.883466, 0.290398, 0.042867, 2.978407, 0.445067, A
1.690001, 0.150154, 0.025591, 1.912332, 1.511966, B
0.793129, 0.246107, 0.034466, 2.021896, 1.831117, C
1.124094, 0.206972, 0.028715, 2.585320, 2.585320, D
1.412168, 0.171817, 0.022686, 2.509260, 2.338442, E
0.453340, 0.250080, 0.026225, 4.986297, 4.921051, F
0.724490, 0.247413, 0.029864, 2.632789, 2.536444, G
0.736620, 0.270923, 0.034088, 4.087576, 3.672446, H
0.688203, 0.283078, 0.033217, 4.042147, 3.178632, I
0.726488, 0.262681, 0.032160, 2.240037, 2.240037, J
0.883466, 0.237698, 0.025721, 2.978407, 2.978407, A
1.690001, 0.163787, 0.024598, 1.912332, 1.223893, B
0.793129, 0.245204, 0.035339, 2.021896, 1.626613, C
1.124094, 0.183202, 0.023253, 2.585320, 2.480628, D
1.412168, 0.165831, 0.023513, 2.509260, 2.208149, E
0.453340, 0.230882, 0.029284, 4.986297, 4.406089, F
0.724490, 0.249283, 0.032174, 2.632789, 2.009925, G
0.736620, 0.262291, 0.033255, 4.087576, 3.478004, H
0.688203, 0.264195, 0.030445, 4.042147, 3.759196, I
0.726488, 0.208607, 0.024818, 2.240037, 2.240037, J
0.883466, 0.204892, 0.020962, 2.978407, 2.948622, A
1.690001, 0.184332, 0.027496, 1.912332, 1.166523, B
0.793129, 0.225023, 0.029557, 2.021896, 1.841107, C
1.124094, 0.197868, 0.025870, 2.585320, 1.955445, D
1.412168, 0.165513, 0.024967, 2.509260, 2.157964, E
0.453340, 0.256703, 0.037708, 4.986297, 2.924153, F
0.724490, 0.241984, 0.040141, 2.632789, 2.327837, G
0.736620, 0.221038, 0.025743, 4.087576, 4.087576, H
0.688203, 0.239174, 0.026203, 4.042147, 3.719813, I
0.726488, 0.167424, 0.023208, 2.240037, 2.240037, J
0.883466, 0.188774, 0.020550, 2.978407, 2.717631, A
1.690001, 0.204106, 0.030168, 1.912332, 1.281263, B
0.793129, 0.208767, 0.023833, 2.021896, 1.911073, C
1.124094, 0.223052, 0.034004, 2.585320, 1.640111, D
1.412168, 0.172906, 0.025862, 2.509260, 1.864570, E
0.453340, 0.229364, 0.027559, 4.986297, 4.662820, F
0.724490, 0.213461, 0.028491, 2.632789, 2.529165, G
0.736620, 0.188197, 0.021702, 4.087576, 4.087576, H
0.688203, 0.214538, 0.029812, 4.042147, 3.921595, I
0.726488, 0.136090, 0.021063, 2.240037, 2.240037, J
0.883466, 0.213050, 0.027944, 2.978407, 1.706651, A
1.690001, 0.228911, 0.033212, 1.912332, 1.237419, B
0.793129, 0.184391, 0.021326, 2.021896, 1.981458, C
1.124094, 0.194423, 0.022722, 2.585320, 2.559466, D
1.412168, 0.212894, 0.033496, 2.509260, 1.090738, E
0.453340, 0.188423, 0.021091, 4.986297, 4.986297, F
0.724490, 0.189051, 0.023594, 2.632789, 2.477642, G
0.736620, 0.171028, 0.021562, 4.087576, 3.706709, H
0.688203, 0.192344, 0.023137, 4.042147, 3.840039, I
0.726488, 0.114662, 0.018213, 2.240037, 2.240037, J
0.883466, 0.232324, 0.028888, 2.978407, 1.957272, A
1.690001, 0.189781, 0.025674, 1.912332, 1.912332, B
0.793129, 0.171149, 0.022122, 2.021896, 1.900582, C
1.124094, 0.181348, 0.023602, 2.585320, 2.361975, D
1.412168, 0.207493, 0.025857, 2.509260, 2.056594, E
0.453340, 0.151413, 0.020364, 4.986297, 4.986297, F
0.724490, 0.182589, 0.023660, 2.632789, 2.411056, G
0.736620, 0.181971, 0.023743, 4.087576, 2.920976, H
0.688203, 0.182253, 0.016877, 4.042147, 3.768548, I
0.726488, 0.096480, 0.015465, 2.240037, 2.237830, J
0.883466, 0.179144, 0.022365, 2.978407, 2.978407, A
1.690001, 0.158259, 0.018439, 1.912332, 1.912332, B
0.793129, 0.167264, 0.020538, 2.021896, 1.678173, C
1.124094, 0.171823, 0.018902, 2.585320, 2.295282, D
1.412168, 0.203509, 0.027558, 2.509260, 2.169166, E
0.453340, 0.135328, 0.018371, 4.986297, 4.838317, F
0.724490, 0.198746, 0.029576, 2.632789, 1.869299, G
0.736620, 0.194546, 0.027170, 4.087576, 2.949205, H
0.688203, 0.208972, 0.024082, 4.042147, 2.160403, I
0.726488, 0.088085, 0.013686, 2.240037, 2.105635, J
0.883466, 0.140170, 0.018952, 2.978407, 2.978407, A
1.690001, 0.137058, 0.017769, 1.912332, 1.876251, B
0.793129, 0.195573, 0.030694, 2.021896, 1.139431, C
1.124094, 0.178536, 0.022740, 2.585320, 2.059484, D
1.412168, 0.177732, 0.024078, 2.509260, 2.484168, E
0.453340, 0.132866, 0.019101, 4.986297, 4.214783, F
0.724490, 0.200650, 0.029069, 2.632789, 2.109624, G
0.736620, 0.218754, 0.034372, 4.087576, 2.523614, H
0.688203, 0.183160, 0.021033, 4.042147, 3.969823, I
0.726488, 0.084202, 0.013276, 2.240037, 2.050903, J
0.883466, 0.109649, 0.016356, 2.978407, 2.978407, A
1.690001, 0.131442, 0.017729, 1.912332, 1.697447, B
0.793129, 0.188888, 0.025160, 2.021896, 1.823947, C
1.124094, 0.183545, 0.022658, 2.585320, 2.045628, D
1.412168, 0.162014, 0.021131, 2.509260, 2.459075, E
0.453340, 0.157929, 0.023146, 4.986297, 2.539255, F
0.724490, 0.187685, 0.028322, 2.632789, 2.387157, G
0.736620, 0.179586, 0.025831, 4.087576, 4.046700, H
0.688203, 0.169618, 0.021634, 4.042147, 3.652622, I
0.726488, 0.092087, 0.016907, 2.240037, 1.493604, J
0.883466, 0.088594, 0.014734, 2.978407, 2.978407, A
1.690001, 0.146459, 0.021223, 1.912332, 1.271130, B
0.793129, 0.171486, 0.024661, 2.021896, 1.860144, C
1.124094, 0.178358, 0.025320, 2.585320, 2.249318, D
1.412168, 0.152237, 0.022256, 2.509260, 2.308520, E
0.453340, 0.198345, 0.023936, 4.986297, 1.891707, F
0.724490, 0.157308, 0.018564, 2.632789, 2.632789, G
0.736620, 0.149992, 0.022807, 4.087576, 4.081701, H
0.688203, 0.188370, 0.025772, 4.042147, 2.494192, I
0.726488, 0.101872, 0.018050, 2.240037, 1.531070, J
0.883466, 0.073601, 0.012358, 2.978407, 2.978407, A
1.690001, 0.185317, 0.028234, 1.912332, 0.736624, B
0.793129, 0.157422, 0.022524, 2.021896, 1.870155, C
1.124094, 0.170083, 0.021495, 2.585320, 2.336509, D
1.412168, 0.151923, 0.022674, 2.509260, 2.107779, E
0.453340, 0.176064, 0.018458, 4.986297, 4.762496, F
0.724490, 0.136502, 0.016333, 2.632789, 2.610530, G
0.736620, 0.132360, 0.020567, 4.087576, 3.930093, H
0.688203, 0.171355, 0.019589, 4.042147, 3.814518, I
0.726488, 0.121285, 0.022603, 2.240037, 1.260321, J
0.883466, 0.062702, 0.011782, 2.978407, 2.948622, A
1.690001, 0.160532, 0.018919, 1.912332, 1.901683, B
0.793129, 0.169096, 0.025457, 2.021896, 1.455534, C
1.124094, 0.149493, 0.016956, 2.585320, 2.507760, D
1.412168, 0.146164, 0.021328, 2.509260, 2.236646, E
0.453340, 0.148848, 0.014902, 4.986297, 4.986297, F
0.724490, 0.119375, 0.014665, 2.632789, 2.593949, G
0.736620, 0.124255, 0.020953, 4.087576, 3.842321, H
0.688203, 0.151608, 0.018327, 4.042147, 3.869847, I
0.726488, 0.136412, 0.020071, 2.240037, 1.425528, J
0.883466, 0.053440, 0.009107, 2.978407, 2.948622, A
1.690001, 0.127179, 0.014400, 1.912332, 1.912332, B
0.793129, 0.138868, 0.019096, 2.021896, 2.021896, C
1.124094, 0.132475, 0.016925, 2.585320, 2.481907, D
1.412168, 0.135643, 0.019673, 2.509260, 2.333612, E
0.453340, 0.151751, 0.018029, 4.986297, 3.809042, F
0.724490, 0.108802, 0.014007, 2.632789, 2.527477, G
0.736620, 0.136714, 0.019947, 4.087576, 2.590159, H
0.688203, 0.135369, 0.014892, 4.042147, 3.876585, I
0.726488, 0.159165, 0.023440, 2.240037, 1.173085, J
0.883466, 0.050868, 0.006984, 2.978407, 2.688965, A
1.690001, 0.102561, 0.013238, 1.912332, 1.912332, B
0.793129, 0.114564, 0.014354, 2.021896, 2.001677, C
1.124094, 0.118880, 0.014879, 2.585320, 2.516398, D
1.412168, 0.133995, 0.020378, 2.509260, 2.078695, E
0.453340, 0.139892, 0.014942, 4.986297, 4.673347, F
0.724490, 0.105231, 0.014494, 2.632789, 2.406312, G
0.736620, 0.166607, 0.021710, 4.087576, 1.737717, H
0.688203, 0.130813, 0.015625, 4.042147, 3.588677, I
0.726488, 0.129889, 0.017409, 2.240037, 2.240037, J
0.883466, 0.060306, 0.008733, 2.978407, 1.639579, A
1.690001, 0.084264, 0.011022, 1.912332, 1.912332, B
0.793129, 0.095304, 0.013533, 2.021896, 2.001677, C
1.124094, 0.110811, 0.015434, 2.585320, 2.430200, D
1.412168, 0.129542, 0.016739, 2.509260, 2.196567, E
0.453340, 0.139871, 0.015528, 4.986297, 3.924081, F
0.724490, 0.108074, 0.015645, 2.632789, 2.037172, G
0.736620, 0.137090, 0.017773, 4.087576, 4.068299, H
0.688203, 0.130997, 0.016923, 4.042147, 3.159422, I
0.726488, 0.104774, 0.013423, 2.240037, 2.240037, J
0.883466, 0.079596, 0.012042, 2.978407, 0.746252, A
1.690001, 0.073292, 0.011075, 1.912332, 1.854962, B
0.793129, 0.081615, 0.012472, 2.021896, 2.021896, C
1.124094, 0.113563, 0.016426, 2.585320, 2.042394, D
1.412168, 0.129115, 0.015292, 2.509260, 2.107779, E
0.453340, 0.116317, 0.012365, 4.986297, 4.986297, F
0.724490, 0.124035, 0.015598, 2.632789, 1.487995, G
0.736620, 0.107751, 0.015797, 4.087576, 4.087576, H
0.688203, 0.125262, 0.016868, 4.042147, 3.531433, I
0.726488, 0.088655, 0.011460, 2.240037, 2.240037, J
0.883466, 0.109821, 0.017282, 2.978407, 0.625465, A
1.690001, 0.067370, 0.010157, 1.912332, 1.811839, B
0.793129, 0.073723, 0.010793, 2.021896, 1.960655, C
1.124094, 0.116480, 0.017947, 2.585320, 2.042403, D
1.412168, 0.112833, 0.015879, 2.509260, 2.408890, E
0.453340, 0.101194, 0.010796, 4.986297, 4.779873, F
0.724490, 0.117338, 0.013402, 2.632789, 2.316299, G
0.736620, 0.086559, 0.012623, 4.087576, 4.087576, H
0.688203, 0.105734, 0.013255, 4.042147, 4.042147, I
0.726488, 0.077216, 0.011207, 2.240037, 2.189199, J
0.883466, 0.113235, 0.015873, 2.978407, 2.196771, A
1.690001, 0.078473, 0.013389, 1.912332, 1.077838, B
0.793129, 0.070843, 0.009783, 2.021896, 1.816936, C
1.124094, 0.108473, 0.016653, 2.585320, 2.393221, D
1.412168, 0.091175, 0.013007, 2.509260, 2.509260, E
0.453340, 0.102201, 0.012291, 4.986297, 3.834231, F
0.724490, 0.102348, 0.011085, 2.632789, 2.582705, G
0.736620, 0.074576, 0.010856, 4.087576, 4.046700, H
0.688203, 0.090420, 0.011615, 4.042147, 4.009705, I
0.726488, 0.074169, 0.010678, 2.240037, 1.981975, J
0.883466, 0.095896, 0.011627, 2.978407, 2.948622, A
1.690001, 0.104112, 0.016317, 1.912332, 0.558565, B
0.793129, 0.079464, 0.011818, 2.021896, 1.290222, C
1.124094, 0.090263, 0.012128, 2.585320, 2.585320, D
1.412168, 0.075800, 0.010538, 2.509260, 2.509260, E
0.453340, 0.096287, 0.011477, 4.986297, 4.139835, F
0.724490, 0.093173, 0.011709, 2.632789, 2.527477, G
0.736620, 0.070235, 0.010612, 4.087576, 3.672088, H
0.688203, 0.080345, 0.009783, 4.042147, 3.871913, I
0.726488, 0.083419, 0.012752, 2.240037, 1.446773, J
0.883466, 0.080229, 0.009323, 2.978407, 2.935243, A
1.690001, 0.088138, 0.011818, 1.912332, 1.877222, B
0.793129, 0.100393, 0.014371, 2.021896, 0.822041, C
1.124094, 0.076734, 0.010335, 2.585320, 2.533613, D
1.412168, 0.065026, 0.009198, 2.509260, 2.477374, E
0.453340, 0.097759, 0.010929, 4.986297, 3.873822, F
0.724490, 0.083534, 0.009850, 2.632789, 2.606461, G
0.736620, 0.077249, 0.009804, 4.087576, 2.743897, H
0.688203, 0.088699, 0.011665, 4.042147, 2.611155, I
0.726488, 0.088912, 0.014336, 2.240037, 1.724829, J
0.883466, 0.069281, 0.009402, 2.978407, 2.928073, A
1.690001, 0.075447, 0.009993, 1.912332, 1.891829, B
0.793129, 0.082440, 0.010215, 2.021896, 2.021896, C
1.124094, 0.067617, 0.009714, 2.585320, 2.507760, D
1.412168, 0.058344, 0.008572, 2.509260, 2.367758, E
0.453340, 0.086893, 0.009967, 4.986297, 4.877894, F
0.724490, 0.079477, 0.011363, 2.632789, 2.387869, G
0.736620, 0.101723, 0.013916, 4.087576, 1.270170, H
0.688203, 0.102719, 0.013489, 4.042147, 2.211629, I
0.726488, 0.083727, 0.010600, 2.240037, 2.065170, J
0.883466, 0.063170, 0.008628, 2.978407, 2.859270, A
1.690001, 0.064941, 0.008340, 1.912332, 1.874086, B
0.793129, 0.068421, 0.008622, 2.021896, 2.001677, C
1.124094, 0.062438, 0.008963, 2.585320, 2.456171, D
1.412168, 0.060191, 0.009149, 2.509260, 2.001360, E
0.453340, 0.081983, 0.009312, 4.986297, 4.527202, F
0.724490, 0.085046, 0.011768, 2.632789, 1.878058, G
0.736620, 0.084959, 0.010051, 4.087576, 4.041409, H
0.688203, 0.096233, 0.011723, 4.042147, 3.693254, I
0.726488, 0.081671, 0.010809, 2.240037, 1.984714, J
0.883466, 0.069884, 0.009688, 2.978407, 1.873981, A
1.690001, 0.058690, 0.007850, 1.912332, 1.808588, B
0.793129, 0.057773, 0.007579, 2.021896, 2.021896, C
1.124094, 0.057600, 0.006782, 2.585320, 2.490733, D
1.412168, 0.067834, 0.010615, 2.509260, 1.447881, E
0.453340, 0.080995, 0.010158, 4.986297, 4.065483, F
0.724490, 0.082749, 0.010720, 2.632789, 2.283407, G
0.736620, 0.071128, 0.008862, 4.087576, 3.949232, H
0.688203, 0.074683, 0.009296, 4.042147, 4.042147, I
0.726488, 0.077810, 0.009582, 2.240037, 2.060834, J
0.883466, 0.076096, 0.010687, 2.978407, 1.918055, A
1.690001, 0.065470, 0.009475, 1.912332, 1.178719, B
0.793129, 0.052581, 0.008456, 2.021896, 1.918527, C
1.124094, 0.060611, 0.009122, 2.585320, 1.935019, D
1.412168, 0.068941, 0.008268, 2.509260, 1.999327, E
0.453340, 0.084228, 0.009332, 4.986297, 3.578859, F
0.724490, 0.069754, 0.007983, 2.632789, 2.606461, G
0.736620, 0.062942, 0.006917, 4.087576, 3.985222, H
0.688203, 0.058387, 0.008064, 4.042147, 4.042147, I
0.726488, 0.074518, 0.010287, 2.240037, 1.995412, J
0.883466, 0.074795, 0.009067, 2.978407, 2.620998, A
1.690001, 0.081111, 0.011255, 1.912332, 0.702544, B
0.793129, 0.050019, 0.008448, 2.021896, 1.819706, C
1.124094, 0.068518, 0.011199, 2.585320, 1.577045, D
1.412168, 0.076371, 0.011766, 2.509260, 1.658280, E
0.453340, 0.066763, 0.007424, 4.986297, 4.986297, F
0.724490, 0.059981, 0.006856, 2.632789, 2.527477, G
0.736620, 0.061719, 0.007426, 4.087576, 3.441918, H
0.688203, 0.049826, 0.007179, 4.042147, 4.001725, I
0.726488, 0.072362, 0.009939, 2.240037, 2.037143, J
0.883466, 0.068031, 0.006950, 2.978407, 2.751033, A
1.690001, 0.072931, 0.009124, 1.912332, 1.840943, B
0.793129, 0.047665, 0.009104, 2.021896, 1.860144, C
1.124094, 0.067608, 0.010645, 2.585320, 2.164217, D
1.412168, 0.063820, 0.008552, 2.509260, 2.509260, E
0.453340, 0.055509, 0.007075, 4.986297, 4.986297, F
0.724490, 0.055904, 0.008344, 2.632789, 2.395320, G
0.736620, 0.069602, 0.010297, 4.087576, 2.438918, H
0.688203, 0.043669, 0.006651, 4.042147, 3.961304, I
0.726488, 0.074690, 0.011381, 2.240037, 1.747229, J
0.883466, 0.063107, 0.006961, 2.978407, 2.675352, A
1.690001, 0.062478, 0.007117, 1.912332, 1.912332, B
0.793129, 0.045716, 0.007282, 2.021896, 1.818839, C
1.124094, 0.064227, 0.008535, 2.585320, 2.430200, D
1.412168, 0.053641, 0.007297, 2.509260, 2.484168, E
0.453340, 0.048985, 0.005952, 4.986297, 4.879503, F
0.724490, 0.056941, 0.007855, 2.632789, 2.000982, G
0.736620, 0.068823, 0.007733, 4.087576, 3.485699, H
0.688203, 0.042697, 0.006074, 4.042147, 3.443998, I
0.726488, 0.064702, 0.008774, 2.240037, 2.217637, J
0.883466, 0.064948, 0.007345, 2.978407, 2.258494, A
1.690001, 0.053568, 0.006057, 1.912332, 1.859231, B
0.793129, 0.047465, 0.006901, 2.021896, 1.490517, C
1.124094, 0.057828, 0.007483, 2.585320, 2.456054, D
1.412168, 0.046783, 0.006712, 2.509260, 2.417655, E
0.453340, 0.052204, 0.007375, 4.986297, 3.500465, F
0.724490, 0.065333, 0.009416, 2.632789, 1.491170, G
0.736620, 0.057393, 0.006835, 4.087576, 4.005824, H
0.688203, 0.054346, 0.008300, 4.042147, 1.512596, I
0.726488, 0.054795, 0.006451, 2.240037, 2.217637, J
0.883466, 0.056455, 0.006657, 2.978407, 2.913644, A
1.690001, 0.046358, 0.005396, 1.912332, 1.891764, B
0.793129, 0.055386, 0.008368, 2.021896, 1.170312, C
1.124094, 0.053208, 0.006133, 2.585320, 2.431623, D
1.412168, 0.041687, 0.005947, 2.509260, 2.433983, E
0.453340, 0.066288, 0.010774, 4.986297, 1.741461, F
0.724490, 0.056863, 0.006711, 2.632789, 2.603783, G
0.736620, 0.049101, 0.006117, 4.087576, 4.046700, H
0.688203, 0.068242, 0.011885, 4.042147, 1.461754, I
0.726488, 0.046568, 0.006178, 2.240037, 2.195237, J
0.883466, 0.049616, 0.005347, 2.978407, 2.905481, A
1.690001, 0.040940, 0.005524, 1.912332, 1.874086, B
0.793129, 0.059817, 0.008823, 2.021896, 1.462456, C
1.124094, 0.053075, 0.006494, 2.585320, 2.168667, D
1.412168, 0.039054, 0.006034, 2.509260, 2.296009, E
0.453340, 0.058282, 0.007838, 4.986297, 4.891919, F
0.724490, 0.051136, 0.006369, 2.632789, 2.501264, G
0.736620, 0.044134, 0.005915, 4.087576, 3.897499, H
0.688203, 0.056880, 0.008200, 4.042147, 4.042147, I
0.726488, 0.040918, 0.005141, 2.240037, 2.217637, J
0.883466, 0.047505, 0.006415, 2.978407, 2.695126, A
1.690001, 0.037120, 0.004516, 1.912332, 1.874086, B
0.793129, 0.051126, 0.007178, 2.021896, 2.001677, C
1.124094, 0.053972, 0.007130, 2.585320, 2.029109, D
1.412168, 0.040580, 0.006846, 2.509260, 1.982316, E
0.453340, 0.051910, 0.006308, 4.986297, 4.696657, F
0.724490, 0.044714, 0.005095, 2.632789, 2.630111, G
0.736620, 0.044597, 0.005763, 4.087576, 3.342050, H
0.688203, 0.048757, 0.006101, 4.042147, 3.997165, I
0.726488, 0.041067, 0.006003, 2.240037, 1.814430, J
0.883466, 0.049125, 0.007190, 2.978407, 2.304481, A
1.690001, 0.036151, 0.004659, 1.912332, 1.640312, B
0.793129, 0.041922, 0.006088, 2.021896, 2.021896, C
1.124094, 0.044279, 0.005609, 2.585320, 2.585320, D
1.412168, 0.042112, 0.008893, 2.509260, 1.906124, E
0.453340, 0.048602, 0.005695, 4.986297, 4.459730, F
0.724490, 0.040826, 0.004954, 2.632789, 2.553805, G
0.736620, 0.051300, 0.008497, 4.087576, 2.539440, H
0.688203, 0.042961, 0.005274, 4.042147, 3.938016, I
0.726488, 0.044212, 0.007191, 2.240037, 1.529739, J
0.883466, 0.043434, 0.004814, 2.978407, 2.889932, A
1.690001, 0.036764, 0.006034, 1.912332, 1.510743, B
0.793129, 0.035273, 0.004919, 2.021896, 2.021896, C
1.124094, 0.037283, 0.004630, 2.585320, 2.559466, D
1.412168, 0.047395, 0.008602, 2.509260, 1.539678, E
0.453340, 0.040825, 0.004988, 4.986297, 4.793458, F
0.724490, 0.046630, 0.006892, 2.632789, 1.551127, G
0.736620, 0.044490, 0.005897, 4.087576, 4.031269, H
0.688203, 0.039959, 0.004288, 4.042147, 3.769258, I
0.726488, 0.051532, 0.007610, 2.240037, 1.159368, J
0.883466, 0.043386, 0.005485, 2.978407, 2.468403, A
1.690001, 0.040073, 0.006874, 1.912332, 1.319509, B
0.793129, 0.029885, 0.004409, 2.021896, 2.001677, C
1.124094, 0.033640, 0.004472, 2.585320, 2.438460, D
1.412168, 0.042174, 0.006463, 2.509260, 2.408890, E
0.453340, 0.035882, 0.004398, 4.986297, 4.804945, F
0.724490, 0.045500, 0.005661, 2.632789, 2.211543, G
0.736620, 0.040108, 0.004872, 4.087576, 4.025662, H
0.688203, 0.045514, 0.006319, 4.042147, 2.169433, I
0.726488, 0.043728, 0.005617, 2.240037, 2.217637, J
0.883466, 0.041525, 0.004410, 2.978407, 2.723755, A
1.690001, 0.040164, 0.005651, 1.912332, 1.663729, B
0.793129, 0.025972, 0.003707, 2.021896, 1.981458, C
1.124094, 0.034525, 0.004814, 2.585320, 2.042403, D
1.412168, 0.037893, 0.005023, 2.509260, 2.412051, E
0.453340, 0.035209, 0.005112, 4.986297, 4.373892, F
0.724490, 0.038652, 0.004806, 2.632789, 2.614613, G
0.736620, 0.040717, 0.005348, 4.087576, 3.302196, H
0.688203, 0.043705, 0.004853, 4.042147, 3.564471, I
0.726488, 0.035869, 0.004344, 2.240037, 2.240037, J
0.883466, 0.040311, 0.004417, 2.978407, 2.515929, A
1.690001, 0.035583, 0.004354, 1.912332, 1.893209, B
0.793129, 0.024829, 0.003275, 2.021896, 1.866488, C
1.124094, 0.040608, 0.006246, 2.585320, 1.298774, D
1.412168, 0.034201, 0.004199, 2.509260, 2.364983, E
0.453340, 0.043487, 0.007129, 4.986297, 2.145054, F
0.724490, 0.032973, 0.004463, 2.632789, 2.580133, G
0.736620, 0.039585, 0.004727, 4.087576, 3.450170, H
0.688203, 0.035707, 0.003835, 4.042147, 4.042147, I
0.726488, 0.029698, 0.003905, 2.240037, 2.240037, J
